0 0.203125 0.40390625 0.17578125 0.1734375
0 0.2765625 0.53046875 0.071875 0.071875
0 0.5234375 0.55625 0.1 0.025
0 0.55546875 0.353125 0.1078125 0.09140625
0 0.034375 0.35703125 0.06875 0.0890625
0 0.31484375 0.0828125 0.08671875 0.07421875
0 0.88046875 0.41015625 0.0625 0.08203125
0 0.83359375 0.2890625 0.08203125 0.0796875
0 0.7953125 0.32109375 0.053125 0.0453125
0 0.68125 0.2875 0.053125 0.0484375
0 0.66015625 0.3875 0.0421875 0.0625
0 0.6828125 0.02890625 0.075 0.0578125
0 0.753125 0.18984375 0.06484375 0.06015625
0 0.7328125 0.46640625 0.0453125 0.06484375
0 0.09140625 0.8625 0.0984375 0.103125
0 0.075 0.6734375 0.11796875 0.09609375
0 0.07578125 0.95390625 0.0625 0.06484375
0 0.73203125 0.98203125 0.0578125 0.0359375
0 0.72578125 0.88046875 0.0796875 0.0765625