0 0.39296875 0.33984375 0.1765625 0.0578125
0 0.3203125 0.27109375 0.071875 0.071875
0 0.21171875 0.15625 0.13671875 0.103125
0 0.00859375 0.07578125 0.0171875 0.1515625
0 0.07265625 0.2125 0.10078125 0.0890625
0 0.42265625 0.034375 0.0953125 0.06875
0 0.5875 0.1765625 0.04375 0.090625
0 0.70859375 0.1671875 0.07421875 0.08203125
0 0.62890625 0.18203125 0.0390625 0.0859375
0 0.64609375 0.0296875 0.0734375 0.059375
0 0.71796875 0.021875 0.1265625 0.04375
0 0.87578125 0.10625 0.07421875 0.071875
0 0.84375 0.04765625 0.06484375 0.0625
0 0.771875 0.3234375 0.284375 0.090625
0 0.1234375 0.9203125 0.1875 0.159375
0 0.27265625 0.90859375 0.13203125 0.1296875
0 0.55390625 0.92890625 0.1078125 0.1078125
0 0.47578125 0.85078125 0.115625 0.11328125
0 0.346875 0.815625 0.146875 0.1421875
0 0.2125 0.515625 0.1734375 0.1703125
0 0.53359375 0.596875 0.14921875 0.14921875
0 0.55546875 0.67421875 0.1078125 0.1078125
0 0.5671875 0.46328125 0.084375 0.1109375
0 0.53125 0.4015625 0.1375 0.065625
0 0.30546875 0.675 0.134375 0.13203125
0 0.640625 0.6359375 0.0625 0.2125
0 0.96640625 0.58671875 0.0671875 0.1015625
0 0.95234375 0.48515625 0.0953125 0.1390625
0 0.8953125 0.45390625 0.125 0.12734375
0 0.86484375 0.73828125 0.12265625 0.12734375