0 0.2375 0.0453125 0.203125 0.090625
0 0.265625 0.11484375 0.09140625 0.09140625
0 0.253125 0.2578125 0.15390625 0.14921875
0 0.125 0.28671875 0.11796875 0.11796875
0 0.0171875 0.1234375 0.034375 0.125
0 0.97890625 0.2125 0.0421875 0.134375
0 0.7984375 0.0890625 0.12265625 0.11328125
0 0.7734375 0.20546875 0.11328125 0.125
0 0.54765625 0.20703125 0.06953125 0.08671875
0 0.36015625 0.19140625 0.0421875 0.1203125
0 0.51171875 0.359375 0.0703125 0.01875
0 0.559375 0.0359375 0.0796875 0.071875
0 0.6734375 0.165625 0.0484375 0.05546875
0 0.71171875 0.0671875 0.05078125 0.05078125
0 0.10625 0.8625 0.1078125 0.08203125
0 0.08828125 0.76875 0.0671875 0.084375
0 0.12578125 0.61796875 0.0578125 0.053125
0 0.0875 0.503125 0.05546875 0.06484375
0 0.2984375 0.4984375 0.0625 0.0625
0 0.79453125 0.4046875 0.1234375 0.071875
0 0.971875 0.43046875 0.05625 0.0703125
0 0.725 0.634375 0.0890625 0.0890625
0 0.67734375 0.6859375 0.08671875 0.09140625
0 0.79375 0.7125 0.071875 0.071875
0 0.93203125 0.7 0.08203125 0.071875
0 0.6234375 0.7890625 0.1109375 0.10078125
0 0.53828125 0.6265625 0.3984375 0.515625
0 0.45078125 0.9875 0.0984375 0.025
0 0.8453125 0.94375 0.0625 0.053125
0 0.81640625 0.85546875 0.1109375 0.14453125