0 0.3171875 0.478125 0.153125 0.08125
0 0.04140625 0.4234375 0.0828125 0.190625
0 0.1234375 0.33046875 0.0671875 0.06953125
0 0.28125 0.38671875 0.06953125 0.06953125
0 0.3109375 0.23671875 0.15625 0.1703125
0 0.04453125 0.19375 0.0890625 0.178125
0 0.0375 0.0828125 0.075 0.121875
0 0.140625 0.05390625 0.28125 0.1078125
0 0.43125 0.0203125 0.0875 0.040625
0 0.27109375 0.02578125 0.0671875 0.0515625
0 0.796875 0.0125 0.071875 0.025
0 0.8421875 0.14140625 0.0984375 0.0984375
0 0.94296875 0.1171875 0.10546875 0.10078125
0 0.95546875 0.39921875 0.0890625 0.1046875
0 0.84921875 0.3953125 0.16796875 0.1734375
0 0.7578125 0.4140625 0.0984375 0.103125
0 0.6375 0.96171875 0.04375 0.0765625
0 0.19375 0.8140625 0.0765625 0.09140625
0 0.21328125 0.653125 0.18984375 0.1515625
0 0.309375 0.66328125 0.05078125 0.0625
0 0.4609375 0.63671875 0.05078125 0.04296875
0 0.62734375 0.621875 0.0640625 0.084375
0 0.290625 0.55 0.153125 0.0625
0 0.14609375 0.553125 0.0734375 0.06875
0 0.5171875 0.80625 0.1703125 0.12265625
0 0.4609375 0.9234375 0.240625 0.153125
0 0.7546875 0.9578125 0.06484375 0.0796875
0 0.69375 0.97109375 0.053125 0.0578125
0 0.7234375 0.8546875 0.0671875 0.0890625
0 0.88046875 0.78359375 0.2390625 0.4328125