0 0.45390625 0.34765625 0.0921875 0.1203125
0 0.365625 0.428125 0.0625 0.04375
0 0.11171875 0.37421875 0.1734375 0.1515625
0 0.0203125 0.37734375 0.040625 0.0609375
0 0.21953125 0.228125 0.05546875 0.06484375
0 0.3953125 0.2296875 0.0578125 0.0625
0 0.3734375 0.06796875 0.125 0.1359375
0 0.0625 0.12578125 0.125 0.1609375
0 0.03984375 0.02734375 0.0796875 0.0546875
0 0.89453125 0.10390625 0.2109375 0.2078125
0 0.74296875 0.403125 0.0796875 0.09375
0 0.66640625 0.41484375 0.0796875 0.0703125
0 0.6140625 0.28359375 0.10078125 0.10546875
0 0.65 0.1578125 0.0890625 0.0984375
0 0.25 0.5953125 0.5 0.290625
0 0.25 0.74296875 0.5 0.5140625
0 0.025 0.54765625 0.05 0.0984375
0 0.09140625 0.515625 0.1109375 0.11328125
0 0.05 0.48515625 0.09375 0.0703125
0 0.4625 0.71328125 0.075 0.0828125
0 0.96328125 0.5078125 0.0359375 0.03359375
0 0.99296875 0.55546875 0.0140625 0.0390625
0 0.98515625 0.60546875 0.0296875 0.0484375
0 0.87421875 0.6125 0.06484375 0.06484375
0 0.9203125 0.78671875 0.159375 0.2046875
0 0.971875 0.9515625 0.05625 0.0625
0 0.825 0.940625 0.06484375 0.03359375
0 0.84609375 0.98515625 0.0734375 0.0296875
0 0.69765625 0.59453125 0.0453125 0.0625
0 0.57265625 0.55703125 0.0625 0.0453125
0 0.81875 0.4828125 0.05078125 0.0453125
0 0.61796875 0.6484375 0.0453125 0.040625
0 0.63125 0.71953125 0.03828125 0.03828125