0 0.52265625 0.165625 0.1328125 0.18125
0 0.52421875 0.03515625 0.1046875 0.0703125
0 0.26796875 0.08984375 0.08671875 0.08671875
0 0.40859375 0.20546875 0.08671875 0.08671875
0 0.28125 0.325 0.2015625 0.2046875
0 0.08828125 0.084375 0.1765625 0.16875
0 0.02265625 0.13125 0.0453125 0.159375
0 0.04140625 0.34453125 0.0828125 0.4109375
0 0.11875 0.58515625 0.10546875 0.103125
0 0.04375 0.421875 0.0875 0.090625
0 0.9265625 0.5515625 0.115625 0.09375
0 0.93125 0.45078125 0.06484375 0.05546875
0 0.95078125 0.1984375 0.0984375 0.090625
0 0.83203125 0.27890625 0.0671875 0.0796875
0 0.78125 0.33046875 0.06953125 0.071875
0 0.69609375 0.60703125 0.0859375 0.0640625
0 0.55703125 0.82734375 0.0640625 0.0578125
0 0.42734375 0.69453125 0.15625 0.1109375
0 0.34765625 0.7484375 0.0625 0.07421875
0 0.32109375 0.88046875 0.0890625 0.0890625
0 0.3171875 0.97734375 0.04375 0.0453125
0 0.075 0.90625 0.1109375 0.0984375
0 0.00703125 0.97421875 0.0140625 0.0484375
0 0.7453125 0.8171875 0.0625 0.06015625
0 0.84140625 0.75625 0.09609375 0.09609375