0 0.48671875 0.3578125 0.17578125 0.1703125
0 0.37890625 0.1484375 0.0796875 0.16875
0 0.5015625 0.153125 0.0984375 0.1109375
0 0.55546875 0.10859375 0.07421875 0.07421875
0 0.69609375 0.09765625 0.1703125 0.1953125
0 0.87734375 0.16171875 0.0625 0.06953125
0 0.96484375 0.1015625 0.0703125 0.065625
0 0.95546875 0.04375 0.053125 0.053125
0 0.3625 0.38125 0.046875 0.115625
0 0.7828125 0.45390625 0.09375 0.0296875
0 0.87734375 0.36796875 0.2453125 0.2015625
0 0.6984375 0.3921875 0.07421875 0.0796875
0 0.51171875 0.015625 0.0578125 0.03125
0 0.34921875 0.28671875 0.0203125 0.0453125
0 0.21640625 0.68359375 0.2453125 0.4296875
0 0.446875 0.5640625 0.0671875 0.071875
0 0.409375 0.58828125 0.05546875 0.05078125
0 0.35703125 0.57890625 0.0359375 0.0578125
0 0.35625 0.80625 0.034375 0.05
0 0.4125 0.93203125 0.146875 0.1359375
0 0.6203125 0.896875 0.0453125 0.0453125
0 0.7875 0.8453125 0.2140625 0.1921875
0 0.9890625 0.8015625 0.021875 0.053125
0 0.96171875 0.57734375 0.0765625 0.1203125
0 0.859375 0.50546875 0.071875 0.0671875
0 0.56015625 0.63828125 0.0578125 0.0578125
0 0.5828125 0.7453125 0.09140625 0.09140625
0 0.5875 0.8140625 0.0625 0.0671875
0 0.7453125 0.54140625 0.04296875 0.053125