0 0.23125 0.47578125 0.015625 0.0484375
0 0.4046875 0.190625 0.10078125 0.0890625
0 0.3796875 0.3140625 0.1203125 0.12734375
0 0.728125 0.08125 0.07421875 0.08203125
0 0.9828125 0.078125 0.034375 0.128125
0 0.58984375 0.42890625 0.0671875 0.06484375
0 0.95 0.365625 0.1 0.096875
0 0.12578125 0.58984375 0.0625 0.06015625
0 0.05390625 0.58046875 0.05078125 0.0578125
0 0.21484375 0.59140625 0.040625 0.0484375
0 0.109375 0.89453125 0.03828125 0.04296875
0 0.69921875 0.6109375 0.2078125 0.184375
0 0.6390625 0.6796875 0.0578125 0.06015625
0 0.80234375 0.85703125 0.0578125 0.07421875
0 0.89140625 0.83125 0.0484375 0.0765625
0 0.91328125 0.68828125 0.0578125 0.0484375
0 0.9625 0.7125 0.053125 0.0578125
0 0.27578125 0.5359375 0.0734375 0.034375
0 0.29375 0.8671875 0.0765625 0.06953125
0 0.3359375 0.7796875 0.0984375 0.0625
0 0.9703125 0.9875 0.05 0.025
0 0.49140625 0.7421875 0.06484375 0.071875
0 0.93984375 0.609375 0.1203125 0.18125