0 0.128125 0.403125 0.175 0.13125
0 0.16484375 0.27109375 0.0984375 0.09375
0 0.04375 0.28203125 0.0875 0.0984375
0 0.0109375 0.07890625 0.021875 0.0796875
0 0.5578125 0.41171875 0.115625 0.1140625
0 0.62734375 0.4359375 0.07421875 0.06484375
0 0.6703125 0.3484375 0.0671875 0.05078125
0 0.59375 0.2109375 0.12265625 0.115625
0 0.50703125 0.1609375 0.0140625 0.0875
0 0.82734375 0.39765625 0.2640625 0.1421875
0 0.9046875 0.38515625 0.084375 0.08671875
0 0.9359375 0.2890625 0.08671875 0.084375
0 0.84140625 0.3046875 0.0578125 0.0578125
0 0.8734375 0.2015625 0.06484375 0.0671875
0 0.83046875 0.128125 0.08671875 0.0890625
0 0.7640625 0.1078125 0.053125 0.04296875
0 0.75234375 0.05234375 0.04296875 0.053125
0 0.91328125 0.0546875 0.0578125 0.0578125
0 0.465625 0.83125 0.06875 0.06875
0 0.02578125 0.975 0.0421875 0.05
0 0.125 0.95 0.06953125 0.071875
0 0.06953125 0.80234375 0.1390625 0.2234375
0 0.10703125 0.6421875 0.0625 0.04296875
0 0.07734375 0.6 0.071875 0.0484375
0 0.47578125 0.7140625 0.0484375 0.0625
0 0.4609375 0.4875 0.078125 0.0375
0 0.47421875 0.5796875 0.0515625 0.065625
0 0.2828125 0.93515625 0.05078125 0.06484375
0 0.39765625 0.94609375 0.0625 0.053125
0 0.340625 0.871875 0.0453125 0.0453125
0 0.31640625 0.809375 0.040625 0.04296875
0 0.90390625 0.7828125 0.103125 0.10546875
0 0.7609375 0.95546875 0.134375 0.0890625
0 0.75234375 0.86640625 0.09375 0.1078125
0 0.66953125 0.7125 0.07421875 0.071875
0 0.675 0.578125 0.07421875 0.084375