0 0.19921875 0.3140625 0.1859375 0.071875
0 0.2078125 0.19375 0.10546875 0.09609375
0 0.06796875 0.22890625 0.0984375 0.10546875
0 0.76484375 0.175 0.4703125 0.35
0 0.496875 0.70546875 0.065625 0.1265625
0 0.06484375 0.9890625 0.0796875 0.021875
0 0.3828125 0.57890625 0.053125 0.05078125
0 0.02578125 0.54375 0.0515625 0.053125
0 0.10546875 0.459375 0.06953125 0.06484375
0 0.41875 0.51171875 0.06015625 0.06015625
0 0.20625 0.6 0.0484375 0.040625
0 0.975 0.65390625 0.05 0.0890625
0 0.8953125 0.58515625 0.11796875 0.12265625
0 0.9359375 0.959375 0.128125 0.08125
0 0.65859375 0.4734375 0.2453125 0.246875
0 0.775 0.63515625 0.1515625 0.165625
0 0.9734375 0.43984375 0.053125 0.1421875
0 0.6046875 0.790625 0.084375 0.0796875
0 0.9265625 0.8890625 0.08671875 0.08203125
0 0.93515625 0.759375 0.0671875 0.0625
0 0.84921875 0.72109375 0.06484375 0.06484375
0 0.82578125 0.83828125 0.053125 0.053125