0 0.28125 0.15 0.084375 0.071875
0 0.34375 0.209375 0.0984375 0.1078125
0 0.08515625 0.140625 0.1703125 0.1875
0 0.01171875 0.27109375 0.0234375 0.0953125
0 0.703125 0.30546875 0.33125 0.3265625
0 0.5734375 0.3734375 0.109375 0.153125
0 0.5640625 0.45078125 0.090625 0.0359375
0 0.94375 0.43671875 0.1125 0.0640625
0 0.98671875 0.4265625 0.0265625 0.084375
0 0.97265625 0.37109375 0.0546875 0.1140625
0 0.9546875 0.1828125 0.090625 0.1
0 0.9828125 0.05234375 0.034375 0.0984375
0 0.75234375 0.0796875 0.0984375 0.0984375
0 0.57890625 0.196875 0.09375 0.0984375
0 0.89765625 0.0203125 0.0984375 0.040625
0 0.54453125 0.0234375 0.0515625 0.046875
0 0.37734375 0.73359375 0.09609375 0.11328125
0 0.46015625 0.75078125 0.1171875 0.1921875
0 0.47421875 0.51796875 0.0890625 0.0921875
0 0.23828125 0.53359375 0.3296875 0.1296875
0 0.06640625 0.4890625 0.0578125 0.040625
0 0.03203125 0.525 0.0640625 0.103125
0 0.11796875 0.64375 0.103125 0.10546875
0 0.1609375 0.8109375 0.0671875 0.071875
0 0.1765625 0.8890625 0.0359375 0.0625
0 0.240625 0.89765625 0.08203125 0.08671875
0 0.20078125 0.68203125 0.0453125 0.053125
0 0.58828125 0.58984375 0.1390625 0.1640625
0 0.7984375 0.96640625 0.103125 0.0671875
0 0.85859375 0.8765625 0.1109375 0.115625
0 0.97578125 0.84453125 0.0484375 0.1234375
0 0.6828125 0.61953125 0.05546875 0.05546875
0 0.7921875 0.7546875 0.0796875 0.0796875
0 0.93984375 0.675 0.053125 0.05546875
0 0.9140625 0.6015625 0.0578125 0.06015625
0 0.56484375 0.715625 0.07421875 0.07421875
0 0.55625 0.953125 0.075 0.09375
0 0.97578125 0.98671875 0.0484375 0.0265625