0 0.39609375 0.378125 0.0765625 0.0625
0 0.0328125 0.34296875 0.065625 0.0515625
0 0.2359375 0.2578125 0.14453125 0.1609375
0 0.28046875 0.0765625 0.0890625 0.07421875
0 0.403125 0.15234375 0.07421875 0.0890625
0 0.5109375 0.30078125 0.015625 0.0453125
0 0.93203125 0.2421875 0.1359375 0.334375
0 0.86484375 0.3734375 0.1046875 0.071875
0 0.7984375 0.15625 0.09140625 0.08203125
0 0.6375 0.01953125 0.06875 0.0390625
0 0.0640625 0.94375 0.128125 0.1125
0 0.0296875 0.62578125 0.059375 0.1921875
0 0.0421875 0.46953125 0.084375 0.1203125
0 0.06640625 0.4234375 0.0859375 0.028125
0 0.49609375 0.65546875 0.0453125 0.1328125
0 0.45625 0.92734375 0.125 0.1421875
0 0.27265625 0.846875 0.146875 0.14453125
0 0.18203125 0.63828125 0.0796875 0.08203125
0 0.22578125 0.434375 0.1109375 0.05
0 0.30625 0.4484375 0.10625 0.078125
0 0.54375 0.846875 0.05 0.15625
0 0.553125 0.56015625 0.06875 0.0953125
0 0.5421875 0.4578125 0.046875 0.096875
0 0.92109375 0.91171875 0.11796875 0.12734375
0 0.77578125 0.46875 0.09140625 0.09609375