0 0.76796875 0.08671875 0.10078125 0.1078125
0 0.71953125 0.1875 0.08203125 0.0796875
0 0.634375 0.1765625 0.0890625 0.11796875
0 0.6796875 0.2359375 0.053125 0.05546875
0 0.6640625 0.35703125 0.0796875 0.06484375
0 0.6859375 0.421875 0.0578125 0.06015625
0 0.78046875 0.571875 0.0859375 0.075
0 0.51953125 0.590625 0.0578125 0.0375
0 0.42890625 0.57421875 0.0609375 0.0703125
0 0.4 0.1640625 0.053125 0.053125
0 0.3671875 0.28046875 0.034375 0.0546875
0 0.12578125 0.85078125 0.071875 0.06484375
0 0.14375 0.9140625 0.0578125 0.0578125
0 0.15859375 0.95078125 0.053125 0.0484375
0 0.2484375 0.98984375 0.071875 0.0203125
0 0.19140625 0.98984375 0.0703125 0.0203125
0 0.39609375 0.721875 0.084375 0.08203125
0 0.8734375 0.6578125 0.09375 0.096875
0 0.9859375 0.94609375 0.028125 0.1078125
0 0.60546875 0.91015625 0.2265625 0.1796875
0 0.496875 0.80625 0.25 0.23828125
0 0.86875 0.8078125 0.07421875 0.0765625
0 0.8765625 0.9109375 0.246875 0.178125