0 0.51640625 0.25 0.08671875 0.08671875
0 0.4078125 0.2625 0.0765625 0.08203125
0 0.34296875 0.428125 0.13203125 0.1078125
0 0.1265625 0.57578125 0.08203125 0.06484375
0 0.34296875 0.6734375 0.0578125 0.0125
0 0.46015625 0.59296875 0.053125 0.06953125
0 0.79375 0.51171875 0.11796875 0.12734375
0 0.7078125 0.471875 0.103125 0.10078125
0 0.66953125 0.63984375 0.0796875 0.0796875
0 0.91640625 0.653125 0.0671875 0.053125
0 0.8046875 0.253125 0.1203125 0.125
0 0.91484375 0.2890625 0.084375 0.08671875
0 0.95234375 0.17734375 0.0953125 0.1296875
0 0.95 0.0765625 0.1 0.128125
0 0.72734375 0.1546875 0.125 0.11796875
0 0.6984375 0.2125 0.07421875 0.0765625
0 0.52734375 0.89453125 0.1515625 0.1515625
0 0.609375 0.71328125 0.040625 0.0671875
0 0.71796875 0.84375 0.1765625 0.259375
0 0.8796875 0.69609375 0.05625 0.0328125
0 0.85 0.72734375 0.05078125 0.05078125
0 0.9234375 0.72578125 0.053125 0.06015625
0 0.778125 0.72109375 0.0625 0.06484375