0 0.10859375 0.04296875 0.2171875 0.0859375
0 0.56328125 0.0890625 0.0515625 0.103125
0 0.4140625 0.09453125 0.0484375 0.0625
0 0.49375 0.24609375 0.1109375 0.1203125
0 0.46953125 0.42890625 0.0984375 0.0203125
0 0.79453125 0.3109375 0.4109375 0.25625
0 0.7203125 0.1765625 0.178125 0.17578125
0 0.74765625 0.0234375 0.0984375 0.046875
0 0.678125 0.071875 0.09375 0.0890625
0 0.98125 0.16015625 0.0375 0.0890625
0 0.965625 0.12421875 0.06875 0.0734375
0 0.46640625 0.72578125 0.1734375 0.146875
0 0.44140625 0.79765625 0.0765625 0.0671875
0 0.57421875 0.653125 0.0296875 0.065625
0 0.56015625 0.53984375 0.0578125 0.0765625
0 0.03359375 0.45625 0.0671875 0.034375
0 0.09375 0.4796875 0.0796875 0.071875
0 0.22734375 0.58984375 0.07421875 0.05546875
0 0.23203125 0.6359375 0.0796875 0.0671875
0 0.00859375 0.67109375 0.0171875 0.0609375
0 0.20625 0.96953125 0.084375 0.0609375
0 0.153125 0.91953125 0.0578125 0.06953125
0 0.15546875 0.8484375 0.0578125 0.0625
0 0.11796875 0.78203125 0.05546875 0.0578125
0 0.5734375 0.88203125 0.03125 0.0796875
0 0.553125 0.96171875 0.071875 0.0765625
0 0.4875 0.984375 0.08125 0.03125
0 0.128125 0.98203125 0.05625 0.0359375
0 0.0125 0.87109375 0.025 0.0484375
0 0.02421875 0.81953125 0.03359375 0.03828125
0 0.35234375 0.48203125 0.05546875 0.053125
0 0.659375 0.61015625 0.140625 0.3421875
0 0.6046875 0.7421875 0.03125 0.103125
0 0.62734375 0.8125 0.0765625 0.1375
0 0.634375 0.946875 0.090625 0.10625
0 0.74140625 0.6875 0.18984375 0.1921875
0 0.96484375 0.59921875 0.0703125 0.1296875
0 0.9578125 0.9734375 0.084375 0.053125
0 0.68828125 0.871875 0.0671875 0.07421875
0 0.728125 0.90078125 0.08203125 0.084375