0 0.01484375 0.39140625 0.0296875 0.0859375
0 0.0953125 0.3796875 0.0765625 0.08203125
0 0.16015625 0.2140625 0.13203125 0.1078125
0 0.3765625 0.06640625 0.08203125 0.06484375
0 0.04296875 0.04921875 0.053125 0.06953125
0 0.8265625 0.23203125 0.08671875 0.0984375
0 0.32421875 0.72421875 0.084375 0.0796875
0 0.24609375 0.81640625 0.2765625 0.25234375
0 0.10078125 0.93203125 0.06484375 0.08203125
0 0.01484375 0.8265625 0.0296875 0.06875
0 0.134375 0.73046875 0.0578125 0.0578125
0 0.534375 0.715625 0.03828125 0.03828125
0 0.8640625 0.90546875 0.0890625 0.09140625
0 0.625 0.72109375 0.103125 0.125
0 0.7984375 0.65234375 0.05625 0.0265625
0 0.928125 0.7984375 0.04296875 0.02890625
0 0.97578125 0.70078125 0.04296875 0.02890625