0 0.51796875 0.1109375 0.0421875 0.128125
0 0.05 0.4171875 0.1 0.115625
0 0.25625 0.56015625 0.0875 0.0390625
0 0.50859375 0.3296875 0.0609375 0.06875
0 0.7734375 0.54609375 0.075 0.0671875
0 0.81875 0.4578125 0.0625 0.0765625
0 0.7703125 0.39296875 0.06484375 0.0484375
0 0.67890625 0.215625 0.03828125 0.04296875
0 0.76875 0.0296875 0.0625 0.059375
0 0.6578125 0.12265625 0.04296875 0.0453125
0 0.57734375 0.0203125 0.0578125 0.040625
0 0.9828125 0.25390625 0.034375 0.0453125
0 0.55234375 0.51953125 0.0265625 0.0359375
0 0.97265625 0.115625 0.04296875 0.0578125
0 0.771875 0.15546875 0.03125 0.03359375
0 0.79375 0.328125 0.03828125 0.04296875
0 0.0171875 0.8109375 0.034375 0.09375
0 0.246875 0.62421875 0.07421875 0.071875
0 0.11328125 0.59375 0.0453125 0.028125
0 0.56640625 0.590625 0.0546875 0.021875
0 0.63359375 0.58828125 0.0578125 0.0171875
0 0.671875 0.640625 0.08671875 0.09375
0 0.75703125 0.62109375 0.0796875 0.0828125
0 0.915625 0.60625 0.0875 0.053125
0 0.80625 0.97890625 0.071875 0.0421875
0 0.8640625 0.9890625 0.065625 0.021875
0 0.77109375 0.871875 0.0484375 0.0578125
0 0.684375 0.80703125 0.05546875 0.0578125
0 0.92890625 0.77578125 0.1296875 0.14453125
0 0.56015625 0.96640625 0.0421875 0.0671875
0 0.58828125 0.675 0.05078125 0.053125