0 0.41015625 0.63515625 0.3078125 0.1078125
0 0.059375 0.57265625 0.0484375 0.0625
0 0.0171875 0.42109375 0.034375 0.1203125
0 0.63046875 0.31015625 0.0390625 0.0859375
0 0.546875 0.2984375 0.0765625 0.08203125
0 0.48203125 0.1328125 0.13203125 0.1078125
0 0.26484375 0.00859375 0.0828125 0.0171875
0 0.0265625 0.21484375 0.053125 0.0640625
0 0.9046875 0.65859375 0.071875 0.0609375
0 0.97109375 0.36015625 0.0578125 0.1390625
0 0.884375 0.325 0.10546875 0.0984375
0 0.7359375 0.26484375 0.10078125 0.10078125
0 0.671875 0.2796875 0.04375 0.11875
0 0.71171875 0.13671875 0.1234375 0.1453125
0 0.80859375 0.1265625 0.1515625 0.14453125
0 0.92890625 0.1390625 0.1421875 0.146875
0 0.99765625 0.1484375 0.0046875 0.06875
0 0.778125 0.4234375 0.09375 0.09375
0 0.66328125 0.79765625 0.0265625 0.1015625
0 0.97265625 0.77109375 0.0546875 0.0796875
0 0.91640625 0.81953125 0.08203125 0.084375
0 0.80078125 0.86875 0.0484375 0.0671875
0 0.67890625 0.98046875 0.0578125 0.0390625
0 0.9546875 0.9265625 0.090625 0.146875