0 0.1234375 0.35390625 0.13125 0.0921875
0 0.340625 0.21484375 0.08203125 0.06484375
0 0.12421875 0.09375 0.0578125 0.0578125
0 0.01640625 0.196875 0.0328125 0.06875
0 0.2828125 0.0234375 0.103125 0.046875
0 0.83125 0.37265625 0.053125 0.0453125
0 0.97578125 0.3015625 0.0484375 0.05625
0 0.93359375 0.24609375 0.0796875 0.0796875
0 0.971875 0.17734375 0.05625 0.0984375
0 0.8 0.1453125 0.0765625 0.0671875
0 0.9109375 0.015625 0.05625 0.03125
0 0.96796875 0.0234375 0.0578125 0.046875
0 0.54453125 0.68203125 0.0890625 0.2328125
0 0.4765625 0.78671875 0.0578125 0.0796875
0 0.38125 0.6734375 0.06015625 0.06484375
0 0.18046875 0.503125 0.05546875 0.0625
0 0.08046875 0.725 0.1609375 0.165625
0 0.04453125 0.8234375 0.0578125 0.05546875
0 0.52578125 0.58671875 0.05546875 0.05546875
0 0.05546875 0.5078125 0.0578125 0.06015625
0 0.48125 0.4078125 0.040625 0.015625
0 0.6078125 0.45234375 0.0375 0.0796875
0 0.7375 0.5046875 0.10546875 0.09375
0 0.746875 0.59765625 0.10546875 0.1109375
0 0.96171875 0.50078125 0.0765625 0.1671875
0 0.76171875 0.94140625 0.2265625 0.1171875
0 0.63203125 0.97421875 0.0765625 0.0515625
0 0.60234375 0.865625 0.0265625 0.090625
0 0.82890625 0.75859375 0.13203125 0.1296875