0 0.5203125 0.559375 0.096875 0.159375
0 0.46875 0.58203125 0.0796875 0.08671875
0 0.42109375 0.48046875 0.08203125 0.08671875
0 0.334375 0.4109375 0.06484375 0.06953125
0 0.34296875 0.31640625 0.084375 0.09140625
0 0.23125 0.3125 0.0578125 0.0484375
0 0.3140625 0.2171875 0.06953125 0.0671875
0 0.4078125 0.23828125 0.103125 0.08671875
0 0.55625 0.1421875 0.025 0.1125
0 0.1828125 0.59375 0.09375 0.090625
0 0.2421875 0.5734375 0.10078125 0.09375
0 0.10546875 0.1515625 0.2109375 0.290625
0 0.5125 0.41328125 0.0625 0.05546875
0 0.50625 0.3171875 0.06015625 0.06015625
0 0.5375 0.2546875 0.06015625 0.0578125
0 0.5578125 0.028125 0.021875 0.05625
0 0.8515625 0.38046875 0.09375 0.084375
0 0.76640625 0.52734375 0.11328125 0.125
0 0.63984375 0.53359375 0.11328125 0.1109375
0 0.5828125 0.578125 0.028125 0.084375
0 0.7375 0.2234375 0.0796875 0.09140625
0 0.7734375 0.171875 0.05078125 0.0625
0 0.78671875 0.1125 0.05546875 0.06015625
0 0.925 0.22109375 0.0578125 0.06484375
0 0.94296875 0.296875 0.06484375 0.06015625
0 0.94140625 0.0578125 0.1171875 0.115625
0 0.59375 0.29140625 0.05 0.0578125
0 0.99296875 0.49921875 0.0140625 0.0578125
0 0.04375 0.9859375 0.071875 0.028125
0 0.50390625 0.8609375 0.0765625 0.06953125
0 0.240625 0.8671875 0.071875 0.06015625
0 0.22265625 0.9203125 0.0671875 0.0578125
0 0.0640625 0.9328125 0.06484375 0.071875
0 0.1109375 0.91640625 0.0578125 0.06015625
0 0.15859375 0.77109375 0.0625 0.084375
0 0.10625 0.7734375 0.0625 0.06953125
0 0.05078125 0.7046875 0.0671875 0.071875
0 0.33984375 0.6609375 0.0890625 0.04375
0 0.91953125 0.9921875 0.0578125 0.015625
0 0.90234375 0.90390625 0.0796875 0.0765625
0 0.9765625 0.75 0.046875 0.059375
0 0.58203125 0.953125 0.0265625 0.05625
0 0.5859375 0.9828125 0.034375 0.034375
0 0.68359375 0.84609375 0.05546875 0.053125
0 0.6078125 0.7578125 0.0625 0.0625
0 0.60078125 0.66015625 0.0453125 0.0421875