0 0.36796875 0.55546875 0.0609375 0.0265625
0 0.28671875 0.5265625 0.0484375 0.0578125
0 0.2796875 0.4375 0.06015625 0.07421875
0 0.18515625 0.45234375 0.04296875 0.0359375
0 0.24140625 0.35234375 0.053125 0.05546875
0 0.3234375 0.35625 0.0796875 0.0671875
0 0.38359375 0.0140625 0.0578125 0.028125
0 0.08984375 0.09375 0.0671875 0.071875
0 0.06484375 0.32890625 0.1296875 0.2390625
0 0.42109375 0.50078125 0.0171875 0.0421875
0 0.4125 0.41328125 0.034375 0.0484375
0 0.42109375 0.35234375 0.0171875 0.0453125
0 0.42109375 0.12890625 0.0171875 0.0578125
0 0.71484375 0.275 0.5703125 0.55
0 0.64765625 0.51796875 0.1421875 0.1015625
0 0.340625 0.58828125 0.071875 0.0390625
0 0.1296875 0.5953125 0.03828125 0.04296875
0 0.0359375 0.7171875 0.071875 0.084375
0 0.02890625 0.84296875 0.0359375 0.0359375
0 0.0359375 0.965625 0.0625 0.06875
0 0.38828125 0.903125 0.0625 0.0625
0 0.7515625 0.971875 0.0875 0.05625
0 0.43984375 0.8875 0.0203125 0.084375
0 0.49140625 0.7 0.1234375 0.2625
0 0.5890625 0.59765625 0.0671875 0.05546875
0 0.83203125 0.96328125 0.0734375 0.0734375
0 0.834375 0.88828125 0.0671875 0.071875
0 0.96484375 0.65703125 0.0703125 0.0890625
0 0.91875 0.76796875 0.07421875 0.0765625
0 0.540625 0.96484375 0.0625 0.0703125
0 0.6265625 0.9453125 0.053125 0.05546875
0 0.646875 0.87421875 0.0484375 0.05078125