0 0.15703125 0.26640625 0.11796875 0.11328125
0 0.08671875 0.55 0.115625 0.11796875
0 0.2546875 0.43125 0.15 0.240625
0 0.3921875 0.53984375 0.125 0.1390625
0 0.359375 0.4046875 0.059375 0.115625
0 0.490625 0.6265625 0.115625 0.025
0 0.98828125 0.521875 0.0234375 0.175
0 0.7484375 0.46171875 0.11796875 0.115625
0 0.8578125 0.384375 0.10078125 0.10078125
0 0.65703125 0.59140625 0.0796875 0.0796875
0 0.071875 0.9296875 0.14375 0.140625
0 0.02578125 0.8375 0.0515625 0.18125
0 0.11171875 0.68984375 0.1296875 0.1015625
0 0.93828125 0.81640625 0.1234375 0.2328125
0 0.471875 0.9375 0.09375 0.09140625
0 0.64375 0.79921875 0.625 0.3203125