0 0.25703125 0.09375 0.1109375 0.11328125
0 0.33125 0.12109375 0.11796875 0.1203125
0 0.36640625 0.43359375 0.11796875 0.11328125
0 0.46953125 0.5390625 0.1609375 0.121875
0 0.78359375 0.19140625 0.1421875 0.14453125
0 0.8953125 0.15859375 0.09140625 0.08671875
0 0.971875 0.146875 0.05625 0.15625
0 0.78125 0.5203125 0.146875 0.15625
0 0.98828125 0.3296875 0.0234375 0.084375
0 0.9890625 0.28046875 0.021875 0.0859375
0 0.96875 0.534375 0.0625 0.06875
0 0.94140625 0.559375 0.1046875 0.08125
0 0.02890625 0.7765625 0.0578125 0.05
0 0.1265625 0.8140625 0.0625 0.07421875
0 0.26875 0.78203125 0.071875 0.084375
0 0.34765625 0.9296875 0.08671875 0.10078125
0 0.3515625 0.9890625 0.096875 0.021875
0 0.4765625 0.9078125 0.05078125 0.0671875
0 0.51328125 0.959375 0.0734375 0.08125
0 0.48828125 0.68828125 0.09375 0.09140625
0 0.83984375 0.61953125 0.1234375 0.0390625
0 0.91484375 0.6203125 0.0859375 0.040625
0 0.90703125 0.671875 0.0984375 0.09609375
0 0.86015625 0.92578125 0.1609375 0.1484375
0 0.934375 0.8875 0.1109375 0.1109375