0 0.44296875 0.58125 0.0796875 0.075
0 0.49296875 0.52265625 0.084375 0.0890625
0 0.36171875 0.23671875 0.09140625 0.0796875
0 0.15546875 0.03671875 0.0796875 0.0734375
0 0.3984375 0.05390625 0.175 0.1078125
0 0.6140625 0.075 0.084375 0.0796875
0 0.68984375 0.5796875 0.0765625 0.078125
0 0.81328125 0.57109375 0.06015625 0.0796875
0 0.7640625 0.03046875 0.0578125 0.06015625
0 0.7859375 0.178125 0.05078125 0.0484375
0 0.790625 0.2828125 0.0359375 0.0578125
0 0.75078125 0.38359375 0.04296875 0.071875
0 0.92890625 0.40859375 0.0484375 0.0671875
0 0.3796875 0.6578125 0.2625 0.078125
0 0.06796875 0.72265625 0.125 0.12265625
0 0.4609375 0.7390625 0.05546875 0.0453125
0 0.3671875 0.75 0.03828125 0.0359375
0 0.471875 0.98984375 0.05 0.0203125
0 0.2640625 0.97578125 0.0625 0.0484375
0 0.2109375 0.98359375 0.05625 0.0328125
0 0.1640625 0.896875 0.03359375 0.0453125
0 0.0109375 0.83203125 0.021875 0.0484375
0 0.56171875 0.984375 0.0234375 0.03125
0 0.56015625 0.86015625 0.0203125 0.0609375
0 0.5921875 0.72109375 0.0796875 0.1109375
0 0.75859375 0.96953125 0.0546875 0.0609375
0 0.85 0.8640625 0.06015625 0.084375
0 0.975 0.8890625 0.05 0.09375