0 0.2796875 0.24140625 0.2 0.3203125
0 0.090625 0.50390625 0.103125 0.1109375
0 0.028125 0.5140625 0.05625 0.128125
0 0.0234375 0.35859375 0.046875 0.1234375
0 0.05234375 0.24921875 0.1046875 0.1140625
0 0.7421875 0.4765625 0.21875 0.20625
0 0.634375 0.27734375 0.11328125 0.1203125
0 0.82578125 0.209375 0.1703125 0.2046875
0 0.959375 0.1078125 0.08125 0.159375
0 0.6078125 0.0125 0.06875 0.025
0 0.325 0.83125 0.109375 0.15625
0 0.2265625 0.7515625 0.1109375 0.1203125
0 0.046875 0.721875 0.09375 0.14375
0 0.13828125 0.865625 0.06953125 0.06953125
0 0.32109375 0.68515625 0.05546875 0.06953125
0 0.27421875 0.66953125 0.071875 0.0765625
0 0.6875 0.66171875 0.0578125 0.05078125
0 0.80078125 0.86484375 0.06015625 0.05546875
0 0.39609375 0.77734375 0.0328125 0.0421875
0 0.396875 0.82890625 0.03359375 0.0359375