0 0.34453125 0.16640625 0.33671875 0.32421875
0 0.13046875 0.03203125 0.1390625 0.0640625
0 0.04296875 0.40390625 0.0859375 0.0921875
0 0.18515625 0.42578125 0.1234375 0.0484375
0 0.1609375 0.35390625 0.1109375 0.1109375
0 0.82109375 0.03984375 0.0921875 0.0796875
0 0.7140625 0.1515625 0.1078125 0.0625
0 0.75234375 0.25625 0.09140625 0.06953125
0 0.66328125 0.38125 0.1890625 0.1375
0 0.3765625 0.89921875 0.290625 0.2015625
0 0.1140625 0.75390625 0.1921875 0.2328125
0 0.0640625 0.6375 0.0984375 0.0984375
0 0.13984375 0.63046875 0.09375 0.09140625
0 0.23125 0.68671875 0.08203125 0.07421875
0 0.2203125 0.62890625 0.0765625 0.071875
0 0.396875 0.47109375 0.059375 0.0421875
0 0.45390625 0.475 0.0828125 0.05
0 0.70859375 0.98203125 0.0578125 0.0359375
0 0.72265625 0.6671875 0.08203125 0.08203125
0 0.90546875 0.99296875 0.0484375 0.0140625
0 0.96015625 0.8 0.05078125 0.06015625
0 0.959375 0.6890625 0.0484375 0.06015625
0 0.93046875 0.57265625 0.05546875 0.0765625
0 0.765625 0.91953125 0.03359375 0.0359375
0 0.703125 0.7734375 0.053125 0.04296875