0 0.275 0.38984375 0.55 0.3390625
0 0.28671875 0.159375 0.0984375 0.125
0 0.1875 0.20625 0.1109375 0.10078125
0 0.8625 0.0203125 0.053125 0.040625
0 0.95703125 0.09609375 0.0859375 0.0921875
0 0.98046875 0.25390625 0.0390625 0.0734375
0 0.9859375 0.3328125 0.028125 0.05625
0 0.93359375 0.33125 0.05078125 0.0625
0 0.8859375 0.54140625 0.0875 0.0359375
0 0.6515625 0.4828125 0.0484375 0.05078125
0 0.60703125 0.390625 0.0578125 0.07421875
0 0.578125 0.3203125 0.05625 0.196875
0 0.5640625 0.02265625 0.028125 0.0453125
0 0.6484375 0.54140625 0.040625 0.0359375
0 0.72734375 0.37734375 0.0765625 0.10546875
0 0.28515625 0.6546875 0.2640625 0.190625
0 0.321875 0.7484375 0.0984375 0.09375
0 0.06328125 0.8546875 0.103125 0.09375
0 0.1984375 0.834375 0.084375 0.08203125
0 0.11640625 0.68046875 0.10078125 0.0890625
0 0.5765625 0.63671875 0.053125 0.0984375
0 0.58046875 0.89609375 0.0609375 0.0921875
0 0.9359375 0.65390625 0.09375 0.07421875
0 0.75078125 0.6171875 0.08671875 0.0578125