0 0.2828125 0.27109375 0.553125 0.4765625
0 0.44453125 0.0609375 0.1203125 0.121875
0 0.5109375 0.12109375 0.096875 0.1171875
0 0.02265625 0.41171875 0.0453125 0.1359375
0 0.0859375 0.16953125 0.08203125 0.08671875
0 0.77734375 0.05625 0.1609375 0.1125
0 0.7671875 0.4328125 0.221875 0.153125
0 0.8734375 0.20703125 0.071875 0.08671875
0 0.75078125 0.28828125 0.05078125 0.0625
0 0.98984375 0.25078125 0.0203125 0.0578125
0 0.9765625 0.05078125 0.046875 0.0578125
0 0.890625 0.0375 0.05546875 0.06015625
0 0.6640625 0.16953125 0.0578125 0.0796875
0 0.54453125 0.83984375 0.0296875 0.0421875
0 0.42734375 0.65546875 0.053125 0.0484375
0 0.57734375 0.66953125 0.0359375 0.1140625
0 0.6515625 0.96328125 0.14375 0.0734375
0 0.64140625 0.85703125 0.10078125 0.0984375
0 0.81875 0.95859375 0.0625 0.0625
0 0.74140625 0.75078125 0.071875 0.07421875