0 0.165625 0.2390625 0.33125 0.478125
0 0.4015625 0.3234375 0.1203125 0.13671875
0 0.1140625 0.52734375 0.08125 0.0234375
0 0.33515625 0.5078125 0.0953125 0.0625
0 0.403125 0.459375 0.0625 0.0671875
0 0.35546875 0.025 0.0734375 0.05
0 0.890625 0.46953125 0.15625 0.1390625
0 0.7015625 0.428125 0.125 0.128125
0 0.79921875 0.32265625 0.08203125 0.09609375
0 0.865625 0.284375 0.06015625 0.0578125
0 0.88671875 0.02578125 0.0984375 0.0515625
0 0.72578125 0.06875 0.1734375 0.1375
0 0.5421875 0.553125 0.05 0.028125
0 0.55703125 0.596875 0.0359375 0.05078125
0 0.60859375 0.62265625 0.05546875 0.0671875
0 0.4359375 0.59453125 0.053125 0.0671875
0 0.11953125 0.6828125 0.071875 0.07421875
0 0.18203125 0.721875 0.03359375 0.05546875
0 0.06796875 0.74140625 0.053125 0.03828125
0 0.1125 0.82421875 0.053125 0.0484375
0 0.16640625 0.8578125 0.06015625 0.06015625
0 0.21640625 0.97109375 0.0796875 0.0578125
0 0.384375 0.7390625 0.05546875 0.0796875
0 0.475 0.8546875 0.06015625 0.084375
0 0.60703125 0.828125 0.0640625 0.09375
0 0.79140625 0.5703125 0.1703125 0.0625
0 0.9703125 0.5703125 0.059375 0.0625
0 0.878125 0.89140625 0.09375 0.09140625
0 0.925 0.8140625 0.15 0.28125
0 0.79375 0.7984375 0.07421875 0.0796875