0 0.25 0.09453125 0.5 0.1890625
0 0.2390625 0.246875 0.09375 0.115625
0 0.14375 0.203125 0.103125 0.09375
0 0.03828125 0.41484375 0.0765625 0.0296875
0 0.84609375 0.38046875 0.1109375 0.0984375
0 0.71796875 0.25 0.071875 0.071875
0 0.69140625 0.35234375 0.06484375 0.07421875
0 0.121875 0.5328125 0.24375 0.20625
0 0.0046875 0.70859375 0.009375 0.0890625
0 0.07890625 0.79453125 0.09140625 0.08203125
0 0.165625 0.71875 0.084375 0.0796875
0 0.3296875 0.59140625 0.09609375 0.09140625
0 0.43515625 0.64609375 0.1296875 0.2453125
0 0.275 0.9109375 0.15859375 0.17578125
0 0.35078125 0.978125 0.1421875 0.04375
0 0.084375 0.97578125 0.096875 0.0484375
0 0.17265625 0.98125 0.1234375 0.0375
0 0.25859375 0.44765625 0.0671875 0.0359375
0 0.32890625 0.77890625 0.071875 0.06953125
0 0.69453125 0.4984375 0.1078125 0.10546875
0 0.60078125 0.82890625 0.05546875 0.0625
0 0.625 0.7375 0.06953125 0.0625
0 0.7546875 0.7125 0.05546875 0.0484375
0 0.84453125 0.7796875 0.0625 0.05546875
0 0.75234375 0.8734375 0.06484375 0.05078125
0 0.73515625 0.9359375 0.053125 0.03359375
0 0.9875 0.4484375 0.025 0.0375