0 0.32109375 0.23203125 0.4953125 0.3546875
0 0.3703125 0.028125 0.09375 0.05625
0 0.465625 0.04453125 0.103125 0.0890625
0 0.05234375 0.20078125 0.06484375 0.071875
0 0.60859375 0.390625 0.0796875 0.0375
0 0.70390625 0.3578125 0.07421875 0.0796875
0 0.753125 0.3875 0.071875 0.04375
0 0.6359375 0.2296875 0.1296875 0.125
0 0.753125 0.26015625 0.0796875 0.08671875
0 0.653125 0.1515625 0.04296875 0.0453125
0 0.69140625 0.14140625 0.05078125 0.05546875
0 0.98828125 0.37734375 0.0234375 0.0390625
0 0.934375 0.284375 0.084375 0.08671875
0 0.9921875 0.196875 0.015625 0.05625
0 0.6921875 0.01171875 0.08125 0.0234375
0 0.62421875 0.01796875 0.0578125 0.0359375
0 0.8578125 0.0609375 0.06484375 0.0625
0 0.51953125 0.92109375 0.06484375 0.084375
0 0.196875 0.9625 0.13125 0.075
0 0.2515625 0.859375 0.1828125 0.16796875
0 0.146875 0.85234375 0.05546875 0.0578125
0 0.365625 0.70703125 0.0578125 0.0625
0 0.54453125 0.70703125 0.0484375 0.0609375
0 0.51484375 0.5390625 0.1078125 0.153125
0 0.1875 0.60859375 0.15625 0.15390625
0 0.15390625 0.4890625 0.125 0.10078125
0 0.04609375 0.54453125 0.0671875 0.071875
0 0.02421875 0.4265625 0.0484375 0.034375
0 0.803125 0.4875 0.084375 0.10546875