0 0.225 0.271875 0.11328125 0.1203125
0 0.2875 0.09609375 0.09140625 0.07421875
0 0.2234375 0.15 0.06015625 0.06015625
0 0.4484375 0.2921875 0.0890625 0.0671875
0 0.490625 0.44453125 0.08203125 0.0625
0 0.990625 0.22421875 0.01875 0.0984375
0 0.959375 0.2234375 0.071875 0.0671875
0 0.88203125 0.05546875 0.0578125 0.0625
0 0.59140625 0.109375 0.071875 0.07421875
0 0.39296875 0.15703125 0.0578125 0.0671875
0 0.375 0.37734375 0.05 0.0578125
0 0.271875 0.67421875 0.10546875 0.1109375
0 0.3296875 0.8296875 0.040625 0.121875
0 0.27890625 0.90859375 0.0625 0.06015625
0 0.8625 0.609375 0.103125 0.08671875
0 0.91953125 0.53359375 0.0765625 0.06484375
0 0.9421875 0.625 0.103125 0.10078125
0 0.96328125 0.94296875 0.0734375 0.0796875
0 0.8625 0.7875 0.0578125 0.071875
0 0.8328125 0.70625 0.103125 0.084375
0 0.63828125 0.790625 0.06953125 0.103125
0 0.4484375 0.834375 0.084375 0.10078125