0 0.296875 0.07734375 0.09140625 0.06484375
0 0.22265625 0.10078125 0.040625 0.040625
0 0.03984375 0.24921875 0.0359375 0.053125
0 0.06640625 0.03359375 0.1328125 0.0671875
0 0.35703125 0.25078125 0.03125 0.0453125
0 0.9796875 0.1890625 0.040625 0.1
0 0.8375 0.30078125 0.290625 0.1578125
0 0.80625 0.20625 0.18515625 0.18515625
0 0.5703125 0.20546875 0.30546875 0.30078125
0 0.59140625 0.0390625 0.2203125 0.078125
0 0.26171875 0.878125 0.09609375 0.0625
0 0.35546875 0.696875 0.0890625 0.084375
0 0.1125 0.7359375 0.0984375 0.07421875
0 0.13125 0.5453125 0.0359375 0.05078125
0 0.3546875 0.38984375 0.090625 0.0203125
0 0.3109375 0.60625 0.0359375 0.0578125
0 0.3734375 0.60390625 0.053125 0.0765625
0 0.028125 0.65703125 0.03359375 0.0578125
0 0.121875 0.83984375 0.053125 0.053125
0 0.8375 0.94453125 0.06953125 0.0796875
0 0.9890625 0.60078125 0.021875 0.0765625
0 0.98359375 0.4484375 0.0328125 0.071875
0 0.9171875 0.41015625 0.1 0.0609375
0 0.6265625 0.58125 0.19921875 0.21171875
0 0.58515625 0.884375 0.3703125 0.23125
0 0.415625 0.61875 0.03125 0.246875
0 0.8765625 0.76640625 0.09609375 0.08203125
0 0.99140625 0.84140625 0.0171875 0.0640625