0 0.2578125 0.590625 0.040625 0.05625
0 0.06953125 0.4046875 0.0484375 0.04296875
0 0.396875 0.54765625 0.09140625 0.06484375
0 0.47109375 0.52421875 0.040625 0.040625
0 0.4734375 0.1875 0.1125 0.1375
0 0.33671875 0.37421875 0.03125 0.0453125
0 0.0359375 0.17578125 0.0453125 0.0484375
0 0.06484375 0.09453125 0.0453125 0.0265625
0 0.984375 0.565625 0.03125 0.10625
0 0.303125 0.6296875 0.084375 0.021875
0 0.40546875 0.67890625 0.0765625 0.06953125
0 0.20078125 0.8640625 0.2546875 0.271875
0 0.08515625 0.7046875 0.1703125 0.1625
0 0.91875 0.91171875 0.08203125 0.09140625
0 0.9109375 0.98984375 0.05625 0.0203125
0 0.76484375 0.95390625 0.053125 0.05078125