0 0.15625 0.2546875 0.0984375 0.0984375
0 0.0875 0.29296875 0.1078125 0.1078125
0 0.02265625 0.40546875 0.0453125 0.0890625
0 0.11875 0.3515625 0.08203125 0.08203125
0 0.07578125 0.40625 0.1015625 0.0875
0 0.19921875 0.3671875 0.1078125 0.1078125
0 0.33125 0.3375 0.0796875 0.0796875
0 0.28125 0.253125 0.09609375 0.09609375
0 0.19453125 0.02421875 0.0859375 0.0484375
0 0.74296875 0.24765625 0.0265625 0.0984375
0 0.79296875 0.228125 0.08203125 0.0890625
0 0.0734375 0.66171875 0.146875 0.2015625
0 0.03046875 0.459375 0.0609375 0.01875
0 0.446875 0.76171875 0.565625 0.4765625
0 0.83828125 0.85625 0.09609375 0.09375