0 0.3421875 0.17109375 0.09375 0.10078125
0 0.4734375 0.07109375 0.03125 0.0796875
0 0.42890625 0.4796875 0.0671875 0.07421875
0 0.36875 0.3296875 0.0765625 0.0625
0 0.340625 0.465625 0.05078125 0.06015625
0 0.43828125 0.63359375 0.06953125 0.071875
0 0.24453125 0.70234375 0.0765625 0.0734375
0 0.065625 0.47578125 0.071875 0.06015625
0 0.02421875 0.59921875 0.0484375 0.0890625
0 0.06484375 0.69453125 0.040625 0.053125
0 0.19765625 0.5515625 0.0671875 0.06484375
0 0.2015625 0.06875 0.05078125 0.040625
0 0.32578125 0.0140625 0.1109375 0.028125
0 0.4390625 0.02421875 0.053125 0.0484375
0 0.278125 0.37890625 0.0578125 0.05078125
0 0.28828125 0.43125 0.053125 0.0453125
0 0.61796875 0.01796875 0.0828125 0.0359375
0 0.94453125 0.346875 0.1109375 0.125
0 0.73671875 0.3953125 0.0625 0.06015625
0 0.8125 0.3234375 0.07421875 0.0765625
0 0.60546875 0.48203125 0.06484375 0.06484375
0 0.54296875 0.465625 0.1078125 0.125
0 0.5984375 0.63203125 0.07421875 0.07421875
0 0.7078125 0.64921875 0.06015625 0.071875
0 0.72421875 0.71328125 0.0796875 0.0515625
0 0.84609375 0.71640625 0.0609375 0.0453125
0 0.8171875 0.621875 0.0625 0.06484375
0 0.9328125 0.134375 0.0671875 0.0796875
0 0.796875 0.0421875 0.0578125 0.0625
0 0.6703125 0.21015625 0.0796875 0.0484375
0 0.05859375 0.91796875 0.1171875 0.1640625
0 0.2265625 0.9828125 0.08125 0.034375
0 0.2265625 0.76640625 0.06875 0.0546875
0 0.27421875 0.81328125 0.0484375 0.0453125
0 0.30546875 0.75390625 0.0484375 0.0296875
0 0.4671875 0.80859375 0.04375 0.0578125
0 0.46875 0.84296875 0.040625 0.0421875
0 0.47734375 0.92890625 0.0234375 0.0640625
0 0.59609375 0.7671875 0.1015625 0.05625