0 0.09375 0.0265625 0.06875 0.053125
0 0.0203125 0.01015625 0.040625 0.0203125
0 0.28828125 0.0875 0.0765625 0.07421875
0 0.4578125 0.078125 0.021875 0.053125
0 0.0359375 0.15234375 0.071875 0.06484375
0 0.50625 0.25 0.075 0.059375
0 0.60078125 0.1890625 0.06484375 0.06484375
0 0.553125 0.17890625 0.06015625 0.0671875
0 0.67109375 0.021875 0.0828125 0.04375
0 0.9171875 0.140625 0.0359375 0.0359375
0 0.7890625 0.26875 0.053125 0.021875
0 0.73046875 0.26484375 0.0484375 0.0296875
0 0.6671875 0.2546875 0.05546875 0.0453125
0 0.14453125 0.5515625 0.1609375 0.17578125
0 0.08984375 0.384375 0.09375 0.08203125
0 0.4484375 0.72734375 0.040625 0.0796875
0 0.3828125 0.65 0.0578125 0.06484375
0 0.12109375 0.7765625 0.16796875 0.15390625
0 0.23359375 0.79609375 0.1109375 0.1296875
0 0.16953125 0.9953125 0.1015625 0.009375
0 0.06484375 0.98203125 0.1296875 0.0359375
0 0.8875 0.921875 0.10546875 0.10078125
0 0.9828125 0.95234375 0.034375 0.0953125
0 0.95703125 0.85625 0.0859375 0.1375
0 0.628125 0.70546875 0.0765625 0.09375
0 0.653125 0.39453125 0.125 0.165625
0 0.92890625 0.5328125 0.053125 0.0578125
0 0.9515625 0.46875 0.06484375 0.0796875
0 0.8203125 0.7 0.1203125 0.13203125
0 0.503125 0.53125 0.06875 0.071875
0 0.5171875 0.9609375 0.096875 0.078125
0 0.77890625 0.34921875 0.2109375 0.1390625