0 0.1078125 0.20625 0.084375 0.084375
0 0.02109375 0.17421875 0.0421875 0.0765625
0 0.0125 0.2390625 0.025 0.059375
0 0.0078125 0.28828125 0.015625 0.0765625
0 0.20546875 0.47265625 0.0734375 0.0328125
0 0.29765625 0.31484375 0.0796875 0.071875
0 0.2765625 0.253125 0.0765625 0.07421875
0 0.34609375 0.20390625 0.1078125 0.1078125
0 0.4265625 0.090625 0.0765625 0.07421875
0 0.459375 0.27109375 0.0625 0.0625
0 0.4046875 0.32265625 0.05546875 0.0484375
0 0.4640625 0.38046875 0.084375 0.09140625
0 0.5125 0.40546875 0.053125 0.0828125
0 0.52265625 0.4625 0.0328125 0.053125
0 0.1921875 0.35625 0.05078125 0.0484375
0 0.146875 0.26171875 0.0796875 0.0671875
0 0.14765625 0.3 0.0578125 0.053125
0 0.21953125 0.065625 0.06484375 0.06484375
0 0.15390625 0.11484375 0.06484375 0.06484375
0 0.8296875 0.05546875 0.125 0.1109375
0 0.85390625 0.171875 0.08671875 0.0890625
0 0.9546875 0.2828125 0.084375 0.084375
0 0.96875 0.05234375 0.0625 0.0828125
0 0.64140625 0.30390625 0.0796875 0.0765625
0 0.55625 0.38046875 0.034375 0.0515625
0 0.56953125 0.4359375 0.0609375 0.10625
0 0.66640625 0.47109375 0.0453125 0.0359375
0 0.71484375 0.475 0.0578125 0.028125
0 0.93515625 0.45859375 0.1296875 0.0609375
0 0.71640625 0.00859375 0.0609375 0.0171875
0 0.72421875 0.0734375 0.05078125 0.053125
0 0.20234375 0.834375 0.125 0.12265625
0 0.33203125 0.79921875 0.0890625 0.0890625
0 0.496875 0.6890625 0.084375 0.128125
0 0.47890625 0.8484375 0.1203125 0.209375
0 0.26953125 0.70078125 0.5390625 0.4234375
0 0.359375 0.725 0.08671875 0.0890625
0 0.8015625 0.77890625 0.23046875 0.21640625