0 0.0171875 0.02109375 0.034375 0.0421875
0 0.209375 0.0703125 0.06953125 0.06953125
0 0.1421875 0.02890625 0.05078125 0.053125
0 0.1890625 0.21875 0.06953125 0.07421875
0 0.046875 0.278125 0.06015625 0.0625
0 0.03515625 0.34765625 0.06953125 0.06484375
0 0.07265625 0.57734375 0.07421875 0.0625
0 0.03125 0.6375 0.0625 0.06875
0 0.0859375 0.71796875 0.09609375 0.10078125
0 0.23359375 0.684375 0.0578125 0.0578125
0 0.19296875 0.60625 0.05546875 0.040625
0 0.259375 0.56171875 0.040625 0.0859375
0 0.44375 0.73984375 0.21875 0.0984375
0 0.63046875 0.76953125 0.0703125 0.0390625
0 0.39296875 0.6359375 0.0890625 0.0796875
0 0.63671875 0.61328125 0.06484375 0.0578125
0 0.8546875 0.61171875 0.1609375 0.146875
0 0.80078125 0.7390625 0.06953125 0.071875
0 0.70546875 0.30078125 0.0625 0.071875
0 0.759375 0.24609375 0.0625 0.06953125
0 0.82421875 0.1609375 0.0578125 0.0671875
0 0.3828125 0.02421875 0.0875 0.0484375
0 0.30546875 0.02578125 0.0515625 0.0515625
0 0.3171875 0.43984375 0.053125 0.0578125
0 0.42890625 0.21015625 0.053125 0.0578125
0 0.3953125 0.1421875 0.0578125 0.06484375
0 0.47265625 0.16796875 0.03828125 0.0484375
0 0.928125 0.15859375 0.0359375 0.05546875
0 0.953125 0.265625 0.053125 0.05078125
0 0.9578125 0.11171875 0.0625 0.0796875
0 0.83046875 0.4859375 0.06484375 0.06953125
0 0.7640625 0.50625 0.0578125 0.0578125
0 0.57578125 0.6890625 0.05078125 0.0625
0 0.090625 0.89453125 0.18125 0.2109375
0 0.30546875 0.91875 0.0515625 0.084375
0 0.40234375 0.903125 0.04296875 0.0453125
0 0.68984375 0.8125 0.0796875 0.046875