0 0.01953125 0.23828125 0.0390625 0.0578125
0 0.02890625 0.11640625 0.0578125 0.0921875
0 0.0515625 0.00625 0.0625 0.0125
0 0.24296875 0.01640625 0.0578125 0.0328125
0 0.37578125 0.0828125 0.1546875 0.165625
0 0.434375 0.19765625 0.0625 0.06484375
0 0.4640625 0.153125 0.040625 0.04296875
0 0.5484375 0.0078125 0.040625 0.015625
0 0.14296875 0.14140625 0.053125 0.053125
0 0.1109375 0.209375 0.05078125 0.0359375
0 0.18671875 0.24375 0.0671875 0.0765625
0 0.25390625 0.246875 0.06484375 0.06953125
0 0.3 0.28671875 0.075 0.0265625
0 0.796875 0.24765625 0.071875 0.084375
0 0.928125 0.20234375 0.14375 0.1765625
0 0.79765625 0.0484375 0.040625 0.040625
0 0.71484375 0.0484375 0.0359375 0.0359375
0 0.64609375 0.21640625 0.0453125 0.0453125
0 0.8859375 0.05078125 0.0578125 0.0625
0 0.1578125 0.578125 0.2453125 0.28359375
0 0.05234375 0.70078125 0.09375 0.13203125
0 0.175 0.8375 0.09140625 0.11796875
0 0.09921875 0.81953125 0.0890625 0.10078125
0 0.3515625 0.76484375 0.071875 0.071875
0 0.428125 0.70234375 0.0625 0.06953125
0 0.453125 0.59765625 0.08671875 0.09140625
0 0.534375 0.66875 0.06484375 0.071875
0 0.5828125 0.73828125 0.034375 0.0765625
0 0.50546875 0.52890625 0.071875 0.0625
0 0.45859375 0.48828125 0.0671875 0.0984375
0 0.4953125 0.43984375 0.0671875 0.0625
0 0.55234375 0.4015625 0.06953125 0.06484375
0 0.57265625 0.34375 0.0546875 0.0625
0 0.32734375 0.3375 0.0671875 0.075
0 0.08828125 0.33671875 0.0765625 0.0734375
0 0.0078125 0.52734375 0.015625 0.0796875
0 0.50546875 0.971875 0.0484375 0.05625
0 0.5640625 0.92578125 0.071875 0.1140625
0 0.63984375 0.46953125 0.0796875 0.0984375
0 0.78984375 0.4796875 0.09375 0.0984375
0 0.828125 0.5828125 0.115625 0.13203125
0 0.83125 0.69140625 0.0796875 0.084375
0 0.65234375 0.75859375 0.1046875 0.1234375
0 0.66640625 0.88984375 0.09140625 0.10078125
0 0.72890625 0.81015625 0.0765625 0.06953125
0 0.92734375 0.76796875 0.1453125 0.1828125
0 0.984375 0.865625 0.03125 0.059375
0 0.609375 0.90234375 0.01875 0.1015625
0 0.9125 0.3359375 0.175 0.071875
0 0.728125 0.33671875 0.096875 0.0734375