0 0.0390625 0.42109375 0.05546875 0.05078125
0 0.08125 0.44765625 0.053125 0.0484375
0 0.0328125 0.509375 0.065625 0.08125
0 0.27578125 0.4 0.0671875 0.0625
0 0.2109375 0.4359375 0.0484375 0.0484375
0 0.25625 0.2625 0.0671875 0.0671875
0 0.11953125 0.21015625 0.0578125 0.0578125
0 0.1078125 0.14609375 0.0671875 0.06015625
0 0.46328125 0.02734375 0.0796875 0.0546875
0 0.5421875 0.11953125 0.03828125 0.03828125
0 0.52734375 0.3265625 0.0828125 0.11875
0 0.44609375 0.2796875 0.0578125 0.0625
0 0.403125 0.284375 0.0484375 0.03828125
0 0.04609375 0.01640625 0.0453125 0.0328125
0 0.2546875 0.5203125 0.059375 0.059375
0 0.33515625 0.54296875 0.0484375 0.0140625
0 0.784375 0.275 0.43125 0.55
0 0.14765625 0.59453125 0.0625 0.05546875
0 0.078125 0.6546875 0.1296875 0.11328125
0 0.1390625 0.78046875 0.0625 0.06484375
0 0.26875 0.77578125 0.103125 0.09375
0 0.3578125 0.696875 0.11796875 0.12734375
0 0.4609375 0.68203125 0.178125 0.2328125
0 0.2015625 0.903125 0.0765625 0.084375
0 0.4578125 0.90234375 0.10546875 0.1296875
0 0.54140625 0.63359375 0.0546875 0.1546875
0 0.9765625 0.8046875 0.046875 0.071875
0 0.928125 0.853125 0.1421875 0.14453125
0 0.790625 0.87109375 0.3625 0.2578125
0 0.79140625 0.78203125 0.0796875 0.0796875
0 0.6484375 0.884375 0.0890625 0.08671875
0 0.91640625 0.5765625 0.0859375 0.053125
0 0.921875 0.63046875 0.06484375 0.0671875
0 0.959375 0.6703125 0.06484375 0.06484375
0 0.8921875 0.66640625 0.084375 0.084375
0 0.87890625 0.7484375 0.0765625 0.08203125
0 0.753125 0.6484375 0.0765625 0.0796875
0 0.72421875 0.5671875 0.0703125 0.034375