0 0.1359375 0.16171875 0.271875 0.3234375
0 0.834375 0.33515625 0.33125 0.1484375
0 0.915625 0.059375 0.11875 0.11875
0 0.8453125 0.20390625 0.09375 0.0890625
0 0.7578125 0.1546875 0.09609375 0.09375
0 0.23046875 0.84765625 0.4609375 0.3046875
0 0.3421875 0.55 0.353125 0.28125
0 0.9875 0.47578125 0.025 0.0734375
0 0.6984375 0.49921875 0.059375 0.0734375
0 0.69296875 0.68203125 0.0484375 0.0578125
0 0.853125 0.5859375 0.29375 0.2375
0 0.95625 0.63828125 0.0875 0.0984375
0 0.97421875 0.7484375 0.0515625 0.096875
0 0.8859375 0.7296875 0.06953125 0.06484375
0 0.925 0.84765625 0.0796875 0.0765625
0 0.87265625 0.93203125 0.10546875 0.10078125
0 0.7921875 0.9546875 0.0625 0.05078125
0 0.7765625 0.99296875 0.053125 0.0140625
0 0.96953125 0.990625 0.0609375 0.01875