0 0.0890625 0.21328125 0.178125 0.2328125
0 0.9484375 0.21171875 0.0984375 0.0984375
0 0.78046875 0.30078125 0.0578125 0.0578125
0 0.70078125 0.26171875 0.08203125 0.09375
0 0.5859375 0.01484375 0.071875 0.0296875
0 0.24765625 0.5421875 0.13671875 0.13671875
0 0.3953125 0.525 0.115625 0.115625
0 0.29296875 0.9625 0.1546875 0.075
0 0.18515625 0.6390625 0.11328125 0.11328125
0 0.534375 0.35546875 0.06875 0.0515625
0 0.86484375 0.35 0.1734375 0.040625
0 0.75859375 0.4421875 0.05546875 0.06484375
0 0.5828125 0.440625 0.0578125 0.0625
0 0.6046875 0.61484375 0.125 0.1609375
0 0.9265625 0.54453125 0.146875 0.1609375
0 0.9484375 0.66640625 0.103125 0.1046875
0 0.88359375 0.853125 0.2171875 0.29375
0 0.56484375 0.91953125 0.07421875 0.071875
0 0.7203125 0.84140625 0.053125 0.071875