0 0.49921875 0.21875 0.1796875 0.4375
0 0.79453125 0.47578125 0.4109375 0.2484375
0 0.6375 0.5859375 0.0625 0.028125
0 0.934375 0.45703125 0.08671875 0.08671875
0 0.70390625 0.23828125 0.1203125 0.125
0 0.97421875 0.25078125 0.0515625 0.2328125
0 0.98125 0.07109375 0.0375 0.0734375
0 0.928125 0.05078125 0.071875 0.0796875
0 0.86484375 0.06015625 0.0671875 0.0890625
0 0.8 0.109375 0.06484375 0.0765625
0 0.71953125 0.13671875 0.06484375 0.0625
0 0.915625 0.35546875 0.06953125 0.06015625
0 0.8984375 0.30859375 0.05078125 0.05546875
0 0.0578125 0.65234375 0.06484375 0.06015625
0 0.03515625 0.77890625 0.0578125 0.0484375
0 0.146875 0.76875 0.1828125 0.21171875
0 0.01015625 0.97578125 0.0203125 0.0453125
0 0.57109375 0.90078125 0.0359375 0.0671875
0 0.55859375 0.821875 0.0609375 0.09375
0 0.56484375 0.6171875 0.0484375 0.034375
0 0.48125 0.67890625 0.0453125 0.0484375
0 0.3546875 0.67421875 0.0578125 0.05078125
0 0.36875 0.7265625 0.04296875 0.04296875
0 0.25 0.71953125 0.0453125 0.03828125
0 0.28046875 0.79921875 0.053125 0.053125
0 0.37265625 0.853125 0.0578125 0.0484375
0 0.24296875 0.92421875 0.053125 0.0578125
0 0.203125 0.9140625 0.0484375 0.0453125
0 0.20703125 0.96796875 0.0671875 0.0640625
0 0.621875 0.94375 0.065625 0.103125
0 0.87265625 0.98359375 0.1015625 0.0328125
0 0.93984375 0.9875 0.0578125 0.025
0 0.89765625 0.92421875 0.071875 0.0890625
0 0.96484375 0.78828125 0.0703125 0.1046875
0 0.7609375 0.8078125 0.1296875 0.13671875
0 0.81796875 0.7171875 0.0765625 0.0984375