0 0.19765625 0.49296875 0.0890625 0.0734375
0 0.17109375 0.2859375 0.0890625 0.09375
0 0.01875 0.2359375 0.0375 0.10625
0 0.20234375 0.05625 0.07421875 0.08671875
0 0.9234375 0.453125 0.05078125 0.0453125
0 0.69140625 0.0453125 0.2234375 0.090625
0 0.61640625 0.3421875 0.07421875 0.06953125
0 0.6953125 0.44140625 0.0484375 0.05546875
0 0.76484375 0.415625 0.0453125 0.04296875
0 0.9296875 0.20546875 0.0625 0.0578125
0 0.90546875 0.09609375 0.09609375 0.09375
0 0.89921875 0.0296875 0.0640625 0.059375
0 0.53984375 0.51015625 0.0203125 0.0390625
0 0.73515625 0.30546875 0.0453125 0.053125
0 0.34375 0.74375 0.1203125 0.115625
0 0.15 0.7265625 0.08671875 0.0765625
0 0.4578125 0.63671875 0.11796875 0.0765625
0 0.40625 0.96796875 0.084375 0.0640625
0 0.2328125 0.81328125 0.1109375 0.10546875
0 0.09921875 0.86171875 0.0796875 0.09140625
0 0.02578125 0.91328125 0.0515625 0.0671875
0 0.9421875 0.978125 0.096875 0.04375
0 0.55078125 0.88671875 0.0421875 0.0765625
0 0.56796875 0.82734375 0.0625 0.0578125
0 0.58046875 0.72890625 0.0578125 0.06484375
0 0.88046875 0.715625 0.06953125 0.07421875
0 0.9296875 0.85859375 0.0796875 0.06484375
0 0.96640625 0.7375 0.053125 0.06015625
0 0.88203125 0.5734375 0.071875 0.06953125
0 0.71796875 0.540625 0.0671875 0.021875
0 0.79765625 0.5921875 0.0625 0.0625
0 0.6046875 0.5375 0.053125 0.015625
0 0.61328125 0.9703125 0.1046875 0.059375
0 0.753125 0.9046875 0.1078125 0.10546875
0 0.99375 0.77421875 0.0125 0.0453125