0 0.04765625 0.05078125 0.0953125 0.1015625
0 0.28125 0.325 0.0375 0.084375
0 0.16328125 0.4046875 0.0859375 0.028125
0 0.92578125 0.12578125 0.1484375 0.1546875
0 0.9890625 0.18984375 0.021875 0.0859375
0 0.98671875 0.33984375 0.0265625 0.0453125
0 0.6484375 0.35390625 0.09375 0.09375
0 0.48125 0.2578125 0.13203125 0.13203125
0 0.35625 0.184375 0.1125 0.128125
0 0.521875 0.04921875 0.15625 0.0984375
0 0.4375 0.025 0.09375 0.05
0 0.965625 0.09453125 0.06875 0.1453125
0 0.22890625 0.76328125 0.04296875 0.05078125
0 0.20546875 0.65546875 0.0484375 0.053125
0 0.11875 0.5203125 0.0625 0.0796875
0 0.02578125 0.440625 0.0515625 0.04375
0 0.03125 0.634375 0.03359375 0.03359375
0 0.6 0.50703125 0.25 0.1765625
0 0.3265625 0.51953125 0.053125 0.1171875
0 0.309375 0.684375 0.01875 0.075
0 0.98046875 0.5953125 0.0390625 0.071875
0 0.79375 0.8296875 0.0765625 0.0984375
0 0.70546875 0.85078125 0.0578125 0.07421875
0 0.51953125 0.68046875 0.0578125 0.05546875
0 0.43515625 0.665625 0.06015625 0.0484375
0 0.66953125 0.6359375 0.0671875 0.06953125