0 0.38203125 0.196875 0.1296875 0.1296875
0 0.43203125 0.37421875 0.0953125 0.1109375
0 0.73984375 0.275 0.5203125 0.55
0 0.15390625 0.57265625 0.0890625 0.0453125
0 0.4015625 0.69921875 0.15625 0.2234375
0 0.3453125 0.728125 0.09375 0.09375
0 0.2984375 0.90078125 0.0890625 0.0890625
0 0.41484375 0.85 0.08671875 0.08671875
0 0.12421875 0.8453125 0.06953125 0.06953125
0 0.140625 0.90078125 0.06953125 0.06953125
0 0.0265625 0.5765625 0.053125 0.053125
0 0.51640625 0.81015625 0.0734375 0.0890625
0 0.8109375 0.646875 0.0796875 0.0796875
0 0.934375 0.78515625 0.0890625 0.08671875