0 0.18671875 0.01328125 0.1203125 0.0265625
0 0.15546875 0.65 0.1875 0.18515625
0 0.0234375 0.7046875 0.046875 0.109375
0 0.45625 0.25078125 0.084375 0.084375
0 0.315625 0.359375 0.08671875 0.08671875
0 0.36328125 0.515625 0.10078125 0.10078125
0 0.48125 0.63203125 0.1390625 0.14453125
0 0.6046875 0.46328125 0.071875 0.071875
0 0.1359375 0.4296875 0.0765625 0.0765625
0 0.67734375 0.38828125 0.0359375 0.1109375
0 0.77265625 0.44609375 0.115625 0.125
0 0.7515625 0.73671875 0.146875 0.0453125
0 0.87734375 0.48046875 0.08671875 0.08203125
0 0.8234375 0.06953125 0.09140625 0.08671875
0 0.740625 0.05546875 0.08203125 0.08203125
0 0.934375 0.30546875 0.10546875 0.1109375
0 0.971875 0.24921875 0.05625 0.1015625
0 0.175 0.78046875 0.08125 0.0421875
0 0.2375 0.8234375 0.115625 0.128125
0 0.3 0.85546875 0.05546875 0.0765625
0 0.43828125 0.97265625 0.0890625 0.0546875
0 0.471875 0.853125 0.0796875 0.0765625
0 0.19453125 0.9765625 0.0546875 0.046875
0 0.93046875 0.83203125 0.1390625 0.1453125