0 0.2625 0.1390625 0.1875 0.165625
0 0.40234375 0.03203125 0.1171875 0.0640625
0 0.48203125 0.06875 0.0359375 0.1375
0 0.11953125 0.65234375 0.0828125 0.0546875
0 0.21640625 0.49609375 0.08203125 0.08671875
0 0.11171875 0.36171875 0.09609375 0.09609375
0 0.36171875 0.35 0.06953125 0.0796875
0 0.7890625 0.45703125 0.421875 0.4453125
0 0.7890625 0.45 0.13203125 0.12734375
0 0.878125 0.4140625 0.14921875 0.15390625
0 0.71640625 0.55390625 0.103125 0.0984375
0 0.6171875 0.234375 0.18984375 0.17578125
0 0.59140625 0.11953125 0.1203125 0.115625
0 0.88046875 0.16796875 0.2390625 0.3359375
0 0.6046875 0.065625 0.209375 0.13125
0 0.15859375 0.71015625 0.06953125 0.05078125
0 0.359375 0.93359375 0.05078125 0.06015625
0 0.82734375 0.8828125 0.3328125 0.234375
0 0.84609375 0.6984375 0.1359375 0.0375
0 0.5265625 0.95 0.053125 0.1
0 0.56953125 0.87734375 0.1078125 0.1109375
0 0.9640625 0.7015625 0.071875 0.04375