0 0.2421875 0.4453125 0.19375 0.146875
0 0.0484375 0.48984375 0.065625 0.0578125
0 0.01171875 0.45546875 0.0234375 0.0578125
0 0.04921875 0.34375 0.06015625 0.0484375
0 0.240625 0.021875 0.084375 0.04375
0 0.065625 0.046875 0.13125 0.09375
0 0.38828125 0.16015625 0.2015625 0.3203125
0 0.734375 0.35703125 0.1109375 0.1109375
0 0.67109375 0.43515625 0.10546875 0.10546875
0 0.67734375 0.49296875 0.0734375 0.0515625
0 0.66875 0.28515625 0.11328125 0.1109375
0 0.59296875 0.18984375 0.1203125 0.11328125
0 0.53515625 0.13671875 0.071875 0.0796875
0 0.58671875 0.10078125 0.0625 0.0625
0 0.62734375 0.046875 0.1171875 0.09375
0 0.56640625 0.4359375 0.0984375 0.10078125
0 0.940625 0.503125 0.11875 0.03125
0 0.95859375 0.1890625 0.0828125 0.090625
0 0.05078125 0.7984375 0.1015625 0.103125
0 0.1296875 0.75703125 0.0625 0.0625
0 0.29140625 0.7875 0.1390625 0.14453125
0 0.41875 0.89140625 0.1078125 0.134375
0 0.403125 0.6828125 0.071875 0.07421875
0 0.34453125 0.5515625 0.05078125 0.0578125
0 0.95859375 0.75078125 0.0828125 0.0796875
0 0.978125 0.809375 0.04375 0.103125
0 0.87734375 0.7859375 0.0578125 0.0625
0 0.9671875 0.646875 0.065625 0.06875
0 0.8421875 0.9390625 0.0578125 0.05546875
0 0.77421875 0.98671875 0.0578125 0.0265625
0 0.53046875 0.93203125 0.0828125 0.0859375