0 0.4171875 0.2046875 0.06484375 0.0796875
0 0.35703125 0.18671875 0.053125 0.06484375
0 0.3859375 0.3078125 0.0671875 0.0890625
0 0.21171875 0.31015625 0.1703125 0.1578125
0 0.04765625 0.246875 0.0953125 0.14375
0 0.1890625 0.1828125 0.08203125 0.07421875
0 0.084375 0.140625 0.0578125 0.08671875
0 0.31015625 0.1453125 0.0796875 0.06953125
0 0.75703125 0.296875 0.040625 0.053125
0 0.875 0.37890625 0.053125 0.0203125
0 0.87734375 0.2984375 0.0484375 0.05078125
0 0.82421875 0.28046875 0.0625 0.0671875
0 0.75703125 0.20703125 0.084375 0.09375
0 0.6859375 0.25 0.05078125 0.0578125
0 0.56640625 0.3015625 0.0484375 0.0625
0 0.6359375 0.28984375 0.053125 0.06484375
0 0.6234375 0.203125 0.040625 0.03828125
0 0.86171875 0.1515625 0.0890625 0.10546875
0 0.70546875 0.140625 0.09140625 0.084375
0 0.6109375 0.0671875 0.04296875 0.04296875
0 0.57734375 0.021875 0.0609375 0.04375
0 0.6859375 0.01875 0.084375 0.0375
0 0.62265625 0.0234375 0.0453125 0.046875
0 0.93046875 0.0265625 0.0890625 0.053125
0 0.81640625 0.078125 0.02421875 0.0359375
0 0.446875 0.9828125 0.071875 0.034375
0 0.47890625 0.9203125 0.05078125 0.040625
0 0.4375 0.84453125 0.06484375 0.06015625
0 0.35546875 0.41796875 0.0921875 0.0578125
0 0.0171875 0.42890625 0.034375 0.0640625
0 0.21640625 0.990625 0.0640625 0.01875
0 0.1703125 0.68046875 0.06484375 0.06953125
0 0.19921875 0.56640625 0.06015625 0.05546875
0 0.13671875 0.55078125 0.05078125 0.0484375
0 0.353125 0.646875 0.0484375 0.040625
0 0.47578125 0.6109375 0.0484375 0.03828125
0 0.509375 0.62890625 0.04296875 0.04296875
0 0.66640625 0.925 0.2390625 0.15
0 0.94921875 0.71953125 0.1015625 0.1859375