0 0.25234375 0.17265625 0.07421875 0.10078125
0 0.36328125 0.059375 0.09375 0.053125
0 0.56171875 0.18984375 0.084375 0.06015625
0 0.86875 0.23359375 0.06875 0.0921875
0 0.92109375 0.0734375 0.06953125 0.05078125
0 0.96328125 0.14140625 0.0578125 0.03828125
0 0.43046875 0.41171875 0.0390625 0.0453125
0 0.40234375 0.5125 0.0953125 0.103125
0 0.26328125 0.659375 0.27421875 0.2640625
0 0.125 0.70234375 0.0578125 0.071875
0 0.33515625 0.7296875 0.125 0.1421875
0 0.21171875 0.8859375 0.1890625 0.228125
0 0.21328125 0.99375 0.0703125 0.0125
0 0.3125 0.9890625 0.065625 0.021875
0 0.0515625 0.66640625 0.103125 0.2140625
0 0.24453125 0.28984375 0.1109375 0.0203125
0 0.315625 0.3 0.0484375 0.0359375
0 0.36640625 0.4015625 0.0578125 0.0453125
0 0.96640625 0.45390625 0.0671875 0.1234375
0 0.9375 0.634375 0.125 0.14375
0 0.796875 0.9390625 0.15625 0.121875
0 0.67421875 0.97734375 0.1328125 0.0453125
0 0.5015625 0.9640625 0.103125 0.071875
0 0.46640625 0.7625 0.0328125 0.13125
0 0.6265625 0.45078125 0.2140625 0.23046875
0 0.5875 0.3109375 0.115625 0.0625
0 0.5140625 0.4171875 0.0890625 0.09140625
0 0.7765625 0.50546875 0.1296875 0.1421875
0 0.80703125 0.60859375 0.09609375 0.09609375
0 0.84296875 0.67734375 0.084375 0.084375
0 0.7515625 0.64453125 0.103125 0.10078125
0 0.80234375 0.72734375 0.115625 0.11328125
0 0.628125 0.61796875 0.09140625 0.09140625
0 0.6203125 0.71328125 0.103125 0.10078125
0 0.6109375 0.89453125 0.08203125 0.08203125
0 0.9515625 0.81875 0.0890625 0.0765625