0 0.42578125 0.02578125 0.0796875 0.0515625
0 0.2625 0.19453125 0.28359375 0.23828125
0 0.215625 0.34140625 0.0890625 0.0484375
0 0.33984375 0.40546875 0.0515625 0.0265625
0 0.6703125 0.32109375 0.01875 0.0359375
0 0.6921875 0.06640625 0.025 0.0984375
0 0.96328125 0.02734375 0.0734375 0.0546875
0 0.74375 0.2515625 0.0625 0.071875
0 0.92265625 0.390625 0.0578125 0.05625
0 0.9828125 0.4 0.034375 0.0375
0 0.90234375 0.23359375 0.0765625 0.07421875
0 0.95625 0.3109375 0.05546875 0.0625
0 0.1921875 0.46171875 0.284375 0.0859375
0 0.13359375 0.46640625 0.0890625 0.0953125
0 0.39375 0.471875 0.209375 0.10625
0 0.44296875 0.48359375 0.1078125 0.103125
0 0.5953125 0.49765625 0.16875 0.1578125
0 0.11171875 0.903125 0.18515625 0.17578125
0 0.26875 0.9265625 0.13203125 0.1296875
0 0.3609375 0.97421875 0.178125 0.0515625
0 0.42890625 0.66640625 0.12265625 0.125
0 0.3203125 0.59921875 0.125 0.13671875
0 0.534375 0.6265625 0.0984375 0.103125
0 0.503125 0.83515625 0.071875 0.09140625
0 0.56484375 0.84921875 0.09140625 0.09140625
0 0.64296875 0.95390625 0.03125 0.08671875
0 0.92734375 0.44140625 0.0796875 0.0453125
0 0.971875 0.7953125 0.05625 0.125
0 0.78359375 0.49765625 0.0578125 0.05546875
0 0.765625 0.546875 0.05078125 0.03359375
0 0.68515625 0.47734375 0.0109375 0.0453125
0 0.87578125 0.9625 0.06484375 0.0625
0 0.7046875 0.64921875 0.05 0.2265625
0 0.6953125 0.81875 0.03125 0.103125
0 0.79921875 0.8625 0.05546875 0.04296875
0 0.74140625 0.9796875 0.0484375 0.040625
0 0.9921875 0.47109375 0.015625 0.0453125
0 0.8734375 0.85234375 0.053125 0.053125