0 0.02734375 0.0296875 0.0546875 0.059375
0 0.51953125 0.17265625 0.07421875 0.10078125
0 0.40859375 0.2859375 0.09375 0.053125
0 0.434375 0.39140625 0.0796875 0.0578125
0 0.2703125 0.56328125 0.28359375 0.23828125
0 0.2234375 0.71015625 0.0890625 0.0484375
0 0.83984375 0.665625 0.11328125 0.10546875
0 0.74296875 0.0484375 0.1359375 0.096875
0 0.878125 0.03671875 0.09375 0.0734375
0 0.7703125 0.44140625 0.09140625 0.0765625
0 0.56484375 0.8078125 0.1296875 0.115625
0 0.43515625 0.8328125 0.040625 0.0671875
0 0.48125 0.8109375 0.03359375 0.0625
0 0.18828125 0.759375 0.0484375 0.01875
0 0.35625 0.84453125 0.04296875 0.0484375
0 0.82734375 0.85078125 0.0890625 0.0984375
0 0.76640625 0.94296875 0.1390625 0.1140625
0 0.6765625 0.93828125 0.09375 0.1203125