0 0.22578125 0.434375 0.1140625 0.06875
0 0.39140625 0.4546875 0.0515625 0.028125
0 0.38515625 0.303125 0.07421875 0.0765625
0 0.26484375 0.1828125 0.0625 0.084375
0 0.29375 0.309375 0.071875 0.103125
0 0.0421875 0.16171875 0.084375 0.0859375
0 0.43984375 0.02109375 0.0828125 0.0421875
0 0.53515625 0.2015625 0.1078125 0.165625
0 0.87109375 0.01953125 0.1296875 0.0390625
0 0.94609375 0.0453125 0.1078125 0.090625
0 0.7125 0.26484375 0.10078125 0.1109375
0 0.88828125 0.20390625 0.15390625 0.16328125
0 0.64921875 0.44453125 0.1078125 0.0484375
0 0.4546875 0.89765625 0.0984375 0.08671875
0 0.51875 0.9796875 0.1375 0.040625
0 0.41484375 0.58125 0.09375 0.084375
0 0.3859375 0.69765625 0.0796875 0.06953125
0 0.15625 0.52734375 0.071875 0.07421875
0 0.11171875 0.503125 0.06484375 0.06484375
0 0.01640625 0.48828125 0.0328125 0.0390625
0 0.01171875 0.52734375 0.0234375 0.0859375
0 0.54375 0.9421875 0.0671875 0.0671875
0 0.57265625 0.93984375 0.0328125 0.0765625
0 0.72578125 0.975 0.1484375 0.05
0 0.653125 0.82421875 0.128125 0.1609375
0 0.67421875 0.528125 0.1078125 0.11875
0 0.92734375 0.6 0.0890625 0.1203125
0 0.86875 0.86328125 0.0671875 0.0671875