0 0.5609375 0.11015625 0.11796875 0.115625
0 0.3890625 0.09453125 0.05078125 0.0625
0 0.39609375 0.2671875 0.0765625 0.0765625
0 0.52109375 0.38984375 0.06484375 0.084375
0 0.48984375 0.26171875 0.07421875 0.103125
0 0.1078125 0.26484375 0.06953125 0.08671875
0 0.23359375 0.36953125 0.125 0.1703125
0 0.03203125 0.5 0.0640625 0.078125
0 0.853125 0.29609375 0.0984375 0.0984375
0 0.909375 0.1171875 0.18125 0.228125
0 0.81484375 0.025 0.2234375 0.05
0 0.7578125 0.153125 0.09140625 0.0890625
0 0.80859375 0.4453125 0.0796875 0.0765625
0 0.7671875 0.49375 0.215625 0.090625
0 0.7140625 0.32890625 0.109375 0.3921875
0 0.06484375 0.603125 0.1296875 0.128125
0 0.03046875 0.7796875 0.0609375 0.0625
0 0.20078125 0.69296875 0.0765625 0.07421875
0 0.34609375 0.775 0.2140625 0.19453125
0 0.09140625 0.9515625 0.1234375 0.096875
0 0.396875 0.5828125 0.05546875 0.0453125
0 0.1640625 0.55 0.05625 0.021875
0 0.165625 0.86484375 0.06015625 0.05546875
0 0.93359375 0.59609375 0.10546875 0.10546875
0 0.76796875 0.6234375 0.1796875 0.16875
0 0.7859375 0.96015625 0.190625 0.0796875
0 0.8515625 0.86640625 0.134375 0.134375