0 0.203125 0.634375 0.10078125 0.103125
0 0.35 0.646875 0.04296875 0.0578125
0 0.3421875 0.49296875 0.06484375 0.06953125
0 0.2375 0.38359375 0.05546875 0.0765625
0 0.26328125 0.49765625 0.0625 0.09375
0 0.03984375 0.36328125 0.0796875 0.0796875
0 0.00859375 0.1953125 0.0171875 0.0625
0 0.57890625 0.49453125 0.0421875 0.0796875
0 0.39140625 0.228125 0.071875 0.05546875
0 0.48046875 0.4015625 0.10546875 0.1515625
0 0.23046875 0.0671875 0.0578125 0.0671875
0 0.1984375 0.190625 0.0453125 0.0578125
0 0.978125 0.24453125 0.04375 0.1140625
0 0.79375 0.70703125 0.1125 0.1046875
0 0.85625 0.696875 0.09609375 0.09609375
0 0.8296875 0.74140625 0.08125 0.0359375
0 0.43828125 0.96328125 0.2390625 0.0734375
0 0.721875 0.978125 0.0375 0.04375
0 0.834375 0.9546875 0.0359375 0.04296875
0 0.88515625 0.9921875 0.0234375 0.015625
0 0.8953125 0.9296875 0.03828125 0.0484375