0 0.02421875 0.02265625 0.0484375 0.0453125
0 0.0703125 0.1625 0.09375 0.09609375
0 0.02578125 0.31328125 0.0515625 0.0953125
0 0.01875 0.18984375 0.0375 0.1171875
0 0.31484375 0.0578125 0.09140625 0.10078125
0 0.246875 0.19375 0.16796875 0.1921875
0 0.46171875 0.1046875 0.0359375 0.09375
0 0.45078125 0.24609375 0.0578125 0.1140625
0 0.86953125 0.2671875 0.03828125 0.04296875
0 0.959375 0.05546875 0.0625 0.1109375
0 0.8484375 0.17421875 0.04296875 0.0453125
0 0.76875 0.05859375 0.0578125 0.0671875
0 0.58515625 0.04296875 0.07421875 0.0796875
0 0.68828125 0.1578125 0.03125 0.02890625
0 0.9625 0.20703125 0.03125 0.03359375
0 0.98203125 0.36328125 0.0359375 0.0109375
0 0.0171875 0.853125 0.034375 0.128125
0 0.44453125 0.82265625 0.0703125 0.1765625
0 0.11171875 0.521875 0.1109375 0.103125
0 0.19140625 0.64453125 0.0890625 0.1109375
0 0.40390625 0.54453125 0.14453125 0.12265625
0 0.81484375 0.67421875 0.3703125 0.4609375
0 0.83125 0.92265625 0.246875 0.1546875
0 0.52578125 0.546875 0.0921875 0.221875
0 0.6203125 0.68828125 0.15859375 0.15390625
0 0.5484375 0.41171875 0.1375 0.0859375
0 0.6921875 0.89140625 0.07421875 0.0765625