0 0.52421875 0.39765625 0.0515625 0.0390625
0 0.53828125 0.3265625 0.0234375 0.059375
0 0.1828125 0.42421875 0.040625 0.0296875
0 0.28359375 0.35546875 0.0484375 0.03359375
0 0.34609375 0.28515625 0.0484375 0.03359375
0 0.3203125 0.2375 0.0359375 0.02890625
0 0.2328125 0.2984375 0.07421875 0.040625
0 0.125 0.2734375 0.06015625 0.0359375
0 0.13828125 0.24453125 0.053125 0.021875
0 0.1765625 0.21796875 0.053125 0.0359375
0 0.2421875 0.221875 0.03125 0.02890625
0 0.09375 0.36484375 0.03359375 0.03359375
0 0.51875 0.2734375 0.02890625 0.03125
0 0.5390625 0.24765625 0.021875 0.0328125
0 0.4203125 0.115625 0.06953125 0.0671875
0 0.51640625 0.0203125 0.0578125 0.040625
0 0.28125 0.14140625 0.02890625 0.03828125
0 0.24140625 0.1265625 0.0484375 0.0453125
0 0.228125 0.0296875 0.05546875 0.040625
0 0.77265625 0.165625 0.0984375 0.103125
0 0.640625 0.18828125 0.18125 0.2234375
0 0.9015625 0.06875 0.0625 0.06015625
0 0.60234375 0.03203125 0.0796875 0.0640625
0 0.5234375 0.51875 0.053125 0.1125
0 0.278125 0.63359375 0.08203125 0.084375
0 0.4234375 0.59140625 0.084375 0.08203125
0 0.34453125 0.68984375 0.06484375 0.06484375
0 0.1625 0.715625 0.08203125 0.08203125
0 0.03203125 0.60625 0.0640625 0.065625
0 0.12890625 0.6359375 0.071875 0.071875
0 0.23984375 0.90078125 0.0890625 0.0890625
0 0.5140625 0.90234375 0.071875 0.0734375
0 0.4625 0.98359375 0.09375 0.0328125
0 0.034375 0.74921875 0.06875 0.0796875
0 0.3765625 0.8484375 0.0765625 0.0765625
0 0.36015625 0.46015625 0.1234375 0.0421875
0 0.44765625 0.6875 0.0625 0.0625
0 0.403125 0.7109375 0.06015625 0.0578125
0 0.97890625 0.64765625 0.0421875 0.0578125
0 0.97578125 0.73515625 0.0484375 0.0484375
0 0.6359375 0.9703125 0.171875 0.059375
0 0.55703125 0.89921875 0.0140625 0.0765625
0 0.59375 0.89375 0.06953125 0.071875
0 0.6640625 0.73515625 0.06015625 0.06015625
0 0.6234375 0.64296875 0.146875 0.1296875
0 0.75 0.6078125 0.08671875 0.1078125
0 0.63125 0.51796875 0.0765625 0.09375