0 0.03828125 0.4328125 0.0359375 0.034375
0 0.10078125 0.4328125 0.0296875 0.034375
0 0.1421875 0.42734375 0.03125 0.0265625
0 0.159375 0.3875 0.03359375 0.040625
0 0.21875 0.41328125 0.09375 0.0734375
0 0.384375 0.3875 0.0625 0.0671875
0 0.2984375 0.2890625 0.053125 0.05078125
0 0.209375 0.25390625 0.06015625 0.03828125
0 0.3421875 0.1078125 0.10078125 0.11796875
0 0.06328125 0.24609375 0.0453125 0.05546875
0 0.87578125 0.05703125 0.1109375 0.1140625
0 0.85234375 0.259375 0.0984375 0.06484375
0 0.3296875 0.63203125 0.21875 0.2890625
0 0.240625 0.96171875 0.115625 0.0765625
0 0.065625 0.575 0.13125 0.25
0 0.1484375 0.75234375 0.17578125 0.17578125
0 0.9796875 0.76640625 0.040625 0.0921875
0 0.9109375 0.6765625 0.06484375 0.08203125
0 0.84921875 0.95859375 0.0828125 0.0828125
0 0.85703125 0.83671875 0.103125 0.11328125
0 0.60234375 0.73828125 0.12265625 0.084375
0 0.5828125 0.83984375 0.0484375 0.0984375
0 0.9453125 0.4734375 0.065625 0.046875
0 0.690625 0.50234375 0.05078125 0.03828125
0 0.5984375 0.5640625 0.0484375 0.0453125