0 0.33203125 0.2859375 0.2359375 0.1875
0 0.26171875 0.3171875 0.0625 0.071875
0 0.34921875 0.20546875 0.05078125 0.05546875
0 0.353125 0.1515625 0.05078125 0.0484375
0 0.30625 0.16796875 0.071875 0.08671875
0 0.31171875 0.0796875 0.09609375 0.09375
0 0.23125 0.046875 0.071875 0.07421875
0 0.084375 0.03671875 0.16875 0.0734375
0 0.053125 0.08671875 0.0765625 0.09609375
0 0.16171875 0.1890625 0.0796875 0.10078125
0 0.14375 0.29296875 0.0484375 0.05078125
0 0.109375 0.3453125 0.096875 0.06875
0 0.05703125 0.3078125 0.0625 0.084375
0 0.02265625 0.3234375 0.0453125 0.1125
0 0.7375 0.30234375 0.0578125 0.06015625
0 0.63125 0.2859375 0.05546875 0.06015625
0 0.58203125 0.2484375 0.05078125 0.0484375
0 0.58828125 0.0921875 0.09140625 0.09609375
0 0.896875 0.1015625 0.05546875 0.0625
0 0.84921875 0.07421875 0.0671875 0.08671875
0 0.73125 0.0078125 0.0625 0.015625
0 0.84296875 0.33359375 0.05078125 0.0578125
0 0.9296875 0.28671875 0.0453125 0.03828125
0 0.934375 0.253125 0.0453125 0.0453125
0 0.6625 0.17265625 0.04296875 0.040625
0 0.0796875 0.6390625 0.15390625 0.15625
0 0.3984375 0.52265625 0.103125 0.2671875
0 0.11953125 0.3984375 0.1109375 0.0375
0 0.40703125 0.74609375 0.0859375 0.1421875
0 0.571875 0.90078125 0.10546875 0.1109375
0 0.4734375 0.89453125 0.046875 0.0890625
0 0.49140625 0.74375 0.0828125 0.121875
0 0.56484375 0.66640625 0.0625 0.06015625
0 0.48203125 0.54296875 0.0640625 0.0734375
0 0.54296875 0.5140625 0.0984375 0.103125
0 0.52109375 0.43515625 0.1390625 0.1109375
0 0.69453125 0.4765625 0.09140625 0.09140625
0 0.88671875 0.84453125 0.103125 0.10078125