0 0.403125 0.08671875 0.0796875 0.071875
0 0.46328125 0.18359375 0.09140625 0.08671875
0 0.303125 0.23203125 0.0890625 0.06484375
0 0.4015625 0.31484375 0.08203125 0.0796875
0 0.24765625 0.3171875 0.06484375 0.0625
0 0.25546875 0.4328125 0.0890625 0.0765625
0 0.490625 0.4515625 0.0375 0.0625
0 0.37578125 0.49921875 0.0609375 0.0390625
0 0.57265625 0.44609375 0.1265625 0.1453125
0 0.81640625 0.009375 0.0921875 0.01875
0 0.875 0.29921875 0.25 0.2671875
0 0.98515625 0.35703125 0.0296875 0.1296875
0 0.9609375 0.22421875 0.078125 0.1078125
0 0.7546875 0.3921875 0.16328125 0.16328125
0 0.65234375 0.36015625 0.115625 0.115625
0 0.57578125 0.3515625 0.10078125 0.10078125
0 0.65390625 0.29375 0.12265625 0.12265625
0 0.56640625 0.28828125 0.1140625 0.1359375
0 0.7453125 0.20625 0.1109375 0.1109375
0 0.6703125 0.146875 0.12265625 0.12265625
0 0.5421875 0.04296875 0.065625 0.0859375
0 0.4734375 0.53828125 0.071875 0.0390625
0 0.4546875 0.79375 0.09140625 0.0984375
0 0.378125 0.94140625 0.096875 0.1171875
0 0.446875 0.9640625 0.05546875 0.053125
0 0.13359375 0.884375 0.07421875 0.1078125
0 0.2328125 0.79375 0.0453125 0.06484375
0 0.89921875 0.9171875 0.2015625 0.165625
0 0.940625 0.77265625 0.0765625 0.0625
0 0.7828125 0.784375 0.06484375 0.03359375
0 0.8046875 0.734375 0.07421875 0.03828125
0 0.5328125 0.53125 0.046875 0.025
0 0.58828125 0.99296875 0.0390625 0.0140625