0 0.52578125 0.3609375 0.07421875 0.0796875
0 0.38515625 0.35859375 0.0578125 0.06015625
0 0.39140625 0.24453125 0.0796875 0.0765625
0 0.503125 0.16875 0.05546875 0.0578125
0 0.546875 0.13671875 0.04375 0.0515625
0 0.5390625 0.0953125 0.05078125 0.04296875
0 0.69140625 0.05859375 0.1421875 0.1171875
0 0.7609375 0.303125 0.0765625 0.08203125
0 0.66875 0.2609375 0.06484375 0.0796875
0 0.74921875 0.215625 0.08671875 0.08671875
0 0.91796875 0.38515625 0.0828125 0.0671875
0 0.70859375 0.403125 0.0984375 0.03125
0 0.965625 0.15078125 0.0625 0.06015625
0 0.153125 0.946875 0.08203125 0.084375
0 0.1140625 0.91875 0.06015625 0.06015625
0 0.0671875 0.859375 0.09609375 0.09609375
0 0.425 0.83671875 0.0890625 0.09140625
0 0.1171875 0.603125 0.10078125 0.0984375
0 0.0640625 0.75703125 0.08203125 0.0796875
0 0.3796875 0.94453125 0.0765625 0.0765625
0 0.32421875 0.921875 0.06484375 0.06484375
0 0.54140625 0.96484375 0.0546875 0.0578125
0 0.60703125 0.83828125 0.0765625 0.1703125
0 0.75390625 0.86640625 0.0625 0.08203125
0 0.80078125 0.7453125 0.08203125 0.0796875
0 0.8390625 0.77734375 0.053125 0.0453125
0 0.953125 0.74375 0.053125 0.0484375
0 0.9765625 0.84375 0.046875 0.0625
0 0.95078125 0.46875 0.07421875 0.09140625
0 0.88125 0.64609375 0.06484375 0.06015625
0 0.9015625 0.92265625 0.0453125 0.06484375