0 0.96015625 0.0453125 0.0796875 0.06875
0 0.909375 0.1375 0.06484375 0.0671875
0 0.9171875 0.2609375 0.09140625 0.08203125
0 0.31328125 0.78515625 0.09140625 0.0984375
0 0.240625 0.80390625 0.03828125 0.04296875
0 0.0375 0.94921875 0.075 0.1015625
0 0.1234375 0.7453125 0.0625 0.0671875
0 0.24375 0.57109375 0.084375 0.0421875
0 0.590625 0.68671875 0.0890625 0.084375
0 0.834375 0.6484375 0.0984375 0.07421875
0 0.815625 0.8390625 0.0359375 0.05078125
0 0.9859375 0.81875 0.028125 0.053125
0 0.6359375 0.778125 0.0359375 0.0578125
0 0.56171875 0.78046875 0.07421875 0.0765625
0 0.91875 0.72734375 0.03359375 0.0578125
0 0.825 0.56015625 0.053125 0.0203125