0 0.3578125 0.203125 0.103125 0.10078125
0 0.15390625 0.4546875 0.0796875 0.028125
0 0.27109375 0.378125 0.0890625 0.08203125
0 0.1046875 0.0546875 0.121875 0.109375
0 0.04609375 0.26640625 0.0796875 0.0765625
0 0.40546875 0.10390625 0.0265625 0.0703125
0 0.6140625 0.334375 0.18515625 0.21875
0 0.6859375 0.13515625 0.1203125 0.1296875
0 0.03125 0.48984375 0.0625 0.0421875
0 0.03203125 0.64609375 0.0640625 0.1046875
0 0.02421875 0.75390625 0.0484375 0.0921875
0 0.6078125 0.95 0.053125 0.0484375
0 0.46953125 0.9109375 0.06015625 0.06015625
0 0.50078125 0.8515625 0.0796875 0.084375
0 0.4546875 0.79765625 0.071875 0.1078125
0 0.5953125 0.7390625 0.07421875 0.07421875
0 0.95703125 0.89453125 0.0859375 0.0828125
0 0.478125 0.6265625 0.05546875 0.0578125
0 0.440625 0.65078125 0.04375 0.0578125
0 0.44609375 0.58984375 0.0546875 0.1453125