0 0.378125 0.31171875 0.14375 0.2546875
0 0.24375 0.40703125 0.121875 0.0640625
0 0.02109375 0.39921875 0.0421875 0.0671875
0 0.5625 0.25625 0.225 0.365625
0 0.7359375 0.203125 0.103125 0.11328125
0 0.48515625 0.0203125 0.0703125 0.040625
0 0.678125 0.0390625 0.084375 0.06953125
0 0.7359375 0.08984375 0.05546875 0.0578125
0 0.2140625 0.8578125 0.071875 0.0796875
0 0.04453125 0.79140625 0.0890625 0.1390625
0 0.01796875 0.85859375 0.0359375 0.0703125
0 0.2171875 0.9890625 0.08125 0.021875
0 0.27890625 0.59140625 0.0984375 0.11328125
0 0.34140625 0.6234375 0.06484375 0.0484375
0 0.38828125 0.703125 0.05546875 0.05078125
0 0.415625 0.73671875 0.0578125 0.05546875
0 0.353125 0.74765625 0.0578125 0.06484375
0 0.4359375 0.4921875 0.028125 0.0625
0 0.384375 0.8953125 0.0796875 0.0625
0 0.01484375 0.53359375 0.0296875 0.0640625
0 0.05390625 0.90234375 0.0578125 0.06015625
0 0.96640625 0.50625 0.06015625 0.0625
0 0.66328125 0.47265625 0.1109375 0.0671875
0 0.58828125 0.48828125 0.1171875 0.0984375
0 0.55390625 0.78984375 0.11796875 0.11328125
0 0.490625 0.9171875 0.08125 0.165625