0 0.515625 0.12578125 0.246875 0.2515625
0 0.61484375 0.08984375 0.0484375 0.0765625
0 0.54375 0.0109375 0.071875 0.021875
0 0.21796875 0.03046875 0.0953125 0.0609375
0 0.04921875 0.1125 0.0984375 0.1
0 0.040625 0.21484375 0.08125 0.0890625
0 0.3546875 0.2421875 0.09140625 0.09140625
0 0.3359375 0.1703125 0.0890625 0.09375
0 0.3859375 0.38515625 0.125 0.103125
0 0.4546875 0.42578125 0.084375 0.0265625
0 0.10625 0.0453125 0.06484375 0.0671875
0 0.2359375 0.334375 0.0890625 0.09609375
0 0.7234375 0.2890625 0.11328125 0.115625
0 0.85390625 0.2640625 0.071875 0.07421875
0 0.903125 0.21796875 0.09375 0.09375
0 0.80390625 0.40703125 0.1484375 0.0640625
0 0.79140625 0.1078125 0.1421875 0.14453125
0 0.87578125 0.02265625 0.1421875 0.0453125
0 0.1203125 0.5765625 0.084375 0.09140625
0 0.165625 0.628125 0.06484375 0.071875
0 0.40625 0.91015625 0.09375 0.0984375
0 0.596875 0.74453125 0.084375 0.0953125
0 0.01328125 0.83828125 0.0265625 0.0796875
0 0.14921875 0.44453125 0.0484375 0.0109375
0 0.1078125 0.46171875 0.04296875 0.04296875
0 0.61328125 0.86171875 0.0515625 0.0671875
0 0.515625 0.88359375 0.07421875 0.103125
0 0.52890625 0.971875 0.0921875 0.05625
0 0.8546875 0.4765625 0.10625 0.075
0 0.709375 0.50625 0.140625 0.134375
0 0.72109375 0.8734375 0.1640625 0.175
0 0.7734375 0.73203125 0.134375 0.134375
0 0.9796875 0.73359375 0.040625 0.1390625