0 0.21796875 0.009375 0.0734375 0.01875
0 0.17734375 0.14375 0.12265625 0.1390625
0 0.37421875 0.24453125 0.0296875 0.0765625
0 0.546875 0.12578125 0.315625 0.2515625
0 0.51015625 0.2671875 0.2234375 0.22578125
0 0.7671875 0.2609375 0.3625 0.25625
0 0.95078125 0.0421875 0.0984375 0.084375
0 0.31328125 0.90390625 0.11328125 0.11328125
0 0.1859375 0.8234375 0.06953125 0.06484375
0 0.221875 0.66484375 0.0984375 0.09375
0 0.25078125 0.5421875 0.09375 0.0890625
0 0.05234375 0.55625 0.1046875 0.115625
0 0.0875 0.4953125 0.0671875 0.0671875
0 0.57421875 0.846875 0.06484375 0.09375
0 0.92578125 0.40625 0.0671875 0.034375
0 0.53203125 0.603125 0.06953125 0.05546875
0 0.4046875 0.44765625 0.03125 0.0578125
0 0.86015625 0.4078125 0.0671875 0.0375
0 0.91796875 0.86171875 0.06484375 0.0671875
0 0.98203125 0.9328125 0.0359375 0.05625
0 0.60078125 0.40703125 0.0453125 0.0359375