0 0.00859375 0.5671875 0.0171875 0.053125
0 0.1359375 0.565625 0.0890625 0.09375
0 0.02890625 0.17109375 0.0578125 0.0828125
0 0.071875 0.3234375 0.14375 0.15
0 0.10546875 0.42890625 0.084375 0.0765625
0 0.35 0.34921875 0.0578125 0.06015625
0 0.29296875 0.575 0.06953125 0.0796875
0 0.35859375 0.6046875 0.0671875 0.05
0 0.4640625 0.271875 0.05 0.071875
0 0.4421875 0.22890625 0.05078125 0.05078125
0 0.39296875 0.1875 0.05546875 0.05546875
0 0.15234375 0.09609375 0.06015625 0.05078125
0 0.15625 0.0609375 0.08671875 0.08203125
0 0.0875 0.0390625 0.040625 0.0359375
0 0.43671875 0.02109375 0.0484375 0.0421875
0 0.21015625 0.01015625 0.0453125 0.0203125
0 0.646875 0.0484375 0.13125 0.096875
0 0.91875 0.2640625 0.15390625 0.18046875
0 0.5109375 0.08671875 0.04375 0.0671875
0 0.525 0.1375 0.071875 0.071875
0 0.8859375 0.49140625 0.0578125 0.0671875
0 0.9609375 0.6125 0.078125 0.034375
0 0.94375 0.0234375 0.0625 0.046875
0 0.978125 0.06875 0.04296875 0.0625
0 0.546875 0.615625 0.115625 0.028125
0 0.76484375 0.365625 0.071875 0.0671875
0 0.340625 0.6984375 0.10546875 0.0984375
0 0.19921875 0.8453125 0.1203125 0.125
0 0.21484375 0.97578125 0.1046875 0.0484375
0 0.8484375 0.93203125 0.103125 0.1078125
0 0.91171875 0.68046875 0.1765625 0.1015625
0 0.534375 0.78671875 0.090625 0.0984375
0 0.5734375 0.8703125 0.0796875 0.0671875
0 0.6921875 0.98671875 0.071875 0.0265625