0 0.59453125 0.34765625 0.0484375 0.0890625
0 0.58828125 0.15390625 0.053125 0.0453125
0 0.50546875 0.0484375 0.1015625 0.096875
0 0.4109375 0.1296875 0.09375 0.09609375
0 0.3515625 0.30546875 0.165625 0.1734375
0 0.3109375 0.415625 0.096875 0.06875
0 0.03515625 0.334375 0.06484375 0.06953125
0 0.00859375 0.146875 0.0171875 0.0625
0 0.25859375 0.04296875 0.06953125 0.0578125
0 0.25390625 0.025 0.0984375 0.05
0 0.653125 0.3609375 0.06875 0.0875
0 0.8765625 0.07109375 0.103125 0.103125
0 0.965625 0.12734375 0.0578125 0.0578125
0 0.7 0.26640625 0.1109375 0.10546875
0 0.78203125 0.02109375 0.0765625 0.0421875
0 0.47265625 0.5046875 0.084375 0.0765625
0 0.47890625 0.57265625 0.053125 0.053125
0 0.53515625 0.596875 0.06015625 0.071875
0 0.596875 0.6515625 0.04375 0.084375
0 0.55 0.74453125 0.12265625 0.115625
0 0.3625 0.95546875 0.10078125 0.08671875
0 0.215625 0.909375 0.07421875 0.07421875
0 0.1265625 0.825 0.1078125 0.0890625
0 0.16484375 0.503125 0.06015625 0.05546875
0 0.46875 0.8515625 0.053125 0.06015625
0 0.503125 0.90625 0.0625 0.0671875
0 0.2921875 0.9515625 0.0484375 0.05546875
0 0.6796875 0.60390625 0.121875 0.3078125
0 0.8609375 0.58515625 0.13671875 0.134375
0 0.92734375 0.50859375 0.1296875 0.1171875
0 0.80546875 0.47109375 0.1234375 0.0421875
0 0.7703125 0.72578125 0.09375 0.09609375
0 0.74921875 0.88125 0.1078125 0.1078125