0 0.328125 0.0796875 0.1296875 0.1296875
0 0.40625 0.175 0.065625 0.1125
0 0.26328125 0.38515625 0.084375 0.084375
0 0.18515625 0.165625 0.103125 0.10546875
0 0.10703125 0.17265625 0.09609375 0.09609375
0 0.0953125 0.04140625 0.09375 0.0828125
0 0.0109375 0.06796875 0.021875 0.0953125
0 0.11953125 0.58671875 0.1234375 0.0859375
0 0.19375 0.52578125 0.1109375 0.10546875
0 0.25 0.5390625 0.071875 0.06953125
0 0.3171875 0.54375 0.0765625 0.0765625
0 0.94140625 0.48203125 0.1171875 0.1359375
0 0.9859375 0.35078125 0.028125 0.1109375
0 0.8796875 0.028125 0.0875 0.05625
0 0.34296875 0.9609375 0.0671875 0.078125
0 0.29140625 0.8703125 0.0796875 0.0671875
0 0.61875 0.78046875 0.25 0.3015625
0 0.59921875 0.91953125 0.0890625 0.0796875
0 0.4875 0.8921875 0.08203125 0.07421875
0 0.78359375 0.9890625 0.0859375 0.021875
0 0.98515625 0.8015625 0.0296875 0.115625