0 0.0140625 0.23515625 0.028125 0.0578125
0 0.0125 0.27265625 0.025 0.0765625
0 0.02109375 0.44140625 0.0421875 0.0765625
0 0.109375 0.3390625 0.1296875 0.1296875
0 0.1828125 0.43984375 0.1125 0.0796875
0 0.38984375 0.340625 0.0390625 0.084375
0 0.2140625 0.2203125 0.103125 0.103125
0 0.234375 0.146875 0.09609375 0.09609375
0 0.10703125 0.11015625 0.09140625 0.09140625
0 0.15546875 0.0234375 0.0953125 0.046875
0 0.6515625 0.365625 0.09609375 0.0984375
0 0.68671875 0.29140625 0.103125 0.10546875
0 0.79765625 0.11171875 0.3484375 0.2234375
0 0.6625 0.1796875 0.134375 0.1390625
0 0.73125 0.4171875 0.08203125 0.084375
0 0.26328125 0.88359375 0.2921875 0.2328125
0 0.5015625 0.975 0.040625 0.05
0 0.58046875 0.57734375 0.0984375 0.11796875
0 0.4875 0.653125 0.06953125 0.0796875
0 0.828125 0.70859375 0.0578125 0.06484375
0 0.609375 0.9390625 0.06015625 0.0453125
0 0.53359375 0.9453125 0.06953125 0.06484375