0 0.40625 0.040625 0.0875 0.08125
0 0.42265625 0.13203125 0.0546875 0.0734375
0 0.35703125 0.13046875 0.0796875 0.07421875
0 0.36953125 0.1828125 0.0796875 0.0765625
0 0.1734375 0.0203125 0.0625 0.040625
0 0.19609375 0.125 0.0484375 0.05078125
0 0.1203125 0.26328125 0.11328125 0.11328125
0 0.0484375 0.32109375 0.096875 0.0984375
0 0.0140625 0.36953125 0.028125 0.0703125
0 0.05 0.4171875 0.0625 0.06015625
0 0.30390625 0.38828125 0.2109375 0.1234375
0 0.39296875 0.3640625 0.1140625 0.1125
0 0.0859375 0.1203125 0.05546875 0.06015625
0 0.065625 0.15859375 0.0625 0.0671875
0 0.68125 0.02109375 0.0625 0.0421875
0 0.6109375 0.0578125 0.06953125 0.053125
0 0.653125 0.1 0.06484375 0.06015625
0 0.8203125 0.1015625 0.10078125 0.1078125
0 0.46484375 0.15703125 0.0296875 0.0453125
0 0.4875 0.33671875 0.075 0.0890625
0 0.4703125 0.4265625 0.040625 0.046875
0 0.7453125 0.37109375 0.165625 0.1578125
0 0.78515625 0.25859375 0.09609375 0.08671875
0 0.97890625 0.08828125 0.0421875 0.0890625
0 0.03984375 0.73125 0.0796875 0.121875
0 0.1046875 0.775 0.11796875 0.115625
0 0.034375 0.46484375 0.06875 0.0296875
0 0.15234375 0.5046875 0.1078125 0.109375
0 0.26640625 0.528125 0.08203125 0.07421875
0 0.36171875 0.54921875 0.0765625 0.08203125
0 0.425 0.6359375 0.05 0.09375
0 0.2609375 0.7921875 0.084375 0.08671875
0 0.1703125 0.81875 0.0671875 0.06953125
0 0.42734375 0.9671875 0.0453125 0.065625
0 0.25 0.9234375 0.06484375 0.0625
0 0.50625 0.51640625 0.09375 0.09609375
0 0.49140625 0.646875 0.0828125 0.15625
0 0.5546875 0.69296875 0.09375 0.09609375
0 0.49765625 0.79296875 0.0953125 0.1078125
0 0.66171875 0.903125 0.1515625 0.165625
0 0.7515625 0.8265625 0.1109375 0.1296875
0 0.92265625 0.78984375 0.1546875 0.2234375
0 0.73984375 0.603125 0.09140625 0.09609375