0 0.534375 0.48125 0.05625 0.015625
0 0.57265625 0.45859375 0.0140625 0.0484375
0 0.55546875 0.4203125 0.0484375 0.05625
0 0.4125 0.42109375 0.0890625 0.0984375
0 0.53125 0.02421875 0.084375 0.0484375
0 0.47734375 0.1671875 0.146875 0.15859375
0 0.44296875 0.2765625 0.084375 0.0796875
0 0.19765625 0.19375 0.0578125 0.06484375
0 0.25390625 0.43046875 0.06953125 0.08203125
0 0.18671875 0.46171875 0.0671875 0.0546875
0 0.06796875 0.1125 0.08203125 0.07421875
0 0.1046875 0.06640625 0.05078125 0.053125
0 0.1546875 0.02578125 0.05625 0.0515625
0 0.96171875 0.14375 0.0765625 0.103125
0 0.975 0.25234375 0.05 0.0515625
0 0.978125 0.32578125 0.040625 0.0359375
0 0.80703125 0.29296875 0.15625 0.1421875
0 0.74296875 0.41171875 0.3265625 0.1546875
0 0.6171875 0.1671875 0.075 0.115625
0 0.6234375 0.084375 0.0875 0.1
0 0.67890625 0.07421875 0.053125 0.0484375
0 0.8515625 0.125 0.05546875 0.05078125
0 0.884375 0.4203125 0.0578125 0.05546875
0 0.4046875 0.85625 0.11328125 0.103125
0 0.27421875 0.96796875 0.0765625 0.0640625
0 0.5546875 0.8921875 0.05 0.0625
0 0.2484375 0.83671875 0.0984375 0.0890625
0 0.85703125 0.978125 0.0828125 0.04375
0 0.7828125 0.9640625 0.0625 0.071875
0 0.7671875 0.825 0.0578125 0.0796875
0 0.628125 0.75234375 0.0453125 0.06953125
0 0.61875 0.55625 0.078125 0.071875
0 0.7078125 0.5171875 0.05 0.05625
0 0.98828125 0.678125 0.0234375 0.065625