0 0.325 0.37734375 0.028125 0.0796875
0 0.325 0.44375 0.028125 0.040625
0 0.209375 0.46171875 0.040625 0.0140625
0 0.16015625 0.3734375 0.03828125 0.04296875
0 0.19609375 0.35546875 0.0578125 0.053125
0 0.278125 0.29921875 0.05546875 0.053125
0 0.32421875 0.25859375 0.0296875 0.0453125
0 0.303125 0.2234375 0.0578125 0.053125
0 0.15625 0.221875 0.0890625 0.09375
0 0.1109375 0.45546875 0.040625 0.0265625
0 0.2203125 0.02734375 0.146875 0.0546875
0 0.18671875 0.08515625 0.084375 0.0765625
0 0.01640625 0.23046875 0.0328125 0.0796875
0 0.0140625 0.3859375 0.028125 0.059375
0 0.94765625 0.12578125 0.0984375 0.0890625
0 0.8859375 0.275 0.0765625 0.0765625
0 0.4640625 0.18671875 0.1703125 0.1609375
0 0.72578125 0.63671875 0.0671875 0.07421875
0 0.79765625 0.7375 0.09609375 0.10078125
0 0.39921875 0.85546875 0.1203125 0.1515625
0 0.4390625 0.94921875 0.13125 0.1015625
0 0.946875 0.9140625 0.10625 0.171875
0 0.9359375 0.73046875 0.11796875 0.1421875
0 0.63046875 0.83828125 0.09609375 0.12265625
0 0.578125 0.8953125 0.0984375 0.115625
0 0.671875 0.5671875 0.03828125 0.04296875
0 0.690625 0.53828125 0.03125 0.03828125
0 0.8203125 0.5546875 0.0578125 0.05078125
0 0.89296875 0.621875 0.053125 0.053125
0 0.96015625 0.51484375 0.04296875 0.04296875
0 0.51640625 0.6390625 0.071875 0.06484375