0 0.46953125 0.47109375 0.0390625 0.0796875
0 0.2421875 0.56171875 0.07421875 0.103125
0 0.240625 0.21171875 0.178125 0.1828125
0 0.3546875 0.371875 0.1078125 0.1109375
0 0.41640625 0.30390625 0.11796875 0.084375
0 0.41640625 0.1765625 0.06015625 0.06484375
0 0.3484375 0.10078125 0.0578125 0.06484375
0 0.04765625 0.0375 0.0953125 0.075
0 0.028125 0.34296875 0.05078125 0.053125
0 0.3203125 0.559375 0.06484375 0.0796875
0 0.38515625 0.56015625 0.05546875 0.071875
0 0.5171875 0.13046875 0.05625 0.1046875
0 0.11953125 0.728125 0.2390625 0.1375
0 0.18671875 0.89921875 0.0765625 0.0765625
0 0.29296875 0.70625 0.06953125 0.0796875
0 0.31953125 0.9640625 0.0640625 0.071875
0 0.42265625 0.8578125 0.05546875 0.05546875
0 0.75234375 0.7671875 0.09375 0.09609375
0 0.58203125 0.98125 0.0546875 0.0375
0 0.5546875 0.68046875 0.08125 0.0421875
0 0.58515625 0.8140625 0.04296875 0.0453125