0 0.0875 0.22890625 0.175 0.2078125
0 0.20390625 0.05546875 0.1234375 0.1109375
0 0.2734375 0.125 0.13203125 0.09609375
0 0.44296875 0.184375 0.05546875 0.071875
0 0.2734375 0.26796875 0.0671875 0.07421875
0 0.19765625 0.3546875 0.0625 0.07421875
0 0.534375 0.578125 0.04296875 0.053125
0 0.43203125 0.5125 0.0890625 0.11796875
0 0.290625 0.56640625 0.075 0.0859375
0 0.2265625 0.584375 0.0625 0.05
0 0.01640625 0.5265625 0.0328125 0.084375
0 0.64921875 0.03125 0.0984375 0.0625
0 0.94609375 0.06796875 0.1078125 0.1078125
0 0.984375 0.10234375 0.03125 0.1046875
0 0.97578125 0.2296875 0.0484375 0.1125
0 0.8328125 0.203125 0.0984375 0.0984375
0 0.67421875 0.17265625 0.1421875 0.1421875
0 0.70703125 0.4203125 0.09609375 0.09609375
0 0.78984375 0.4875 0.165625 0.165625
0 0.96328125 0.42734375 0.0734375 0.0921875
0 0.89921875 0.5625 0.1109375 0.09375
0 0.73125 0.03046875 0.096875 0.0609375
0 0.10234375 0.90546875 0.2046875 0.1890625
0 0.38125 0.93359375 0.178125 0.1328125
0 0.34140625 0.7953125 0.1296875 0.1296875
0 0.26953125 0.76875 0.071875 0.071875
0 0.23359375 0.81015625 0.0796875 0.0796875
0 0.15625 0.8015625 0.1203125 0.1203125
0 0.7109375 0.67890625 0.071875 0.084375
0 0.8484375 0.70390625 0.125 0.09609375
0 0.7859375 0.86484375 0.10078125 0.09375
0 0.615625 0.9265625 0.03125 0.075
0 0.82109375 0.975 0.0484375 0.05