0 0.26875 0.46328125 0.075 0.0515625
0 0.39921875 0.37734375 0.1015625 0.1109375
0 0.34140625 0.31015625 0.11796875 0.084375
0 0.190625 0.25859375 0.05078125 0.0625
0 0.34140625 0.1828125 0.06015625 0.06484375
0 0.409375 0.10703125 0.0578125 0.06484375
0 0.9625 0.15703125 0.075 0.2640625
0 0.925 0.11484375 0.0578125 0.071875
0 0.8203125 0.15078125 0.16796875 0.2140625
0 0.61328125 0.23828125 0.0796875 0.09609375
0 0.47890625 0.1734375 0.0578125 0.0625
0 0.46875 0.11953125 0.0375 0.0578125
0 0.75546875 0.4796875 0.0796875 0.01875
0 0.59921875 0.4546875 0.05546875 0.0453125
0 0.303125 0.7796875 0.12734375 0.1515625
0 0.20625 0.71171875 0.1203125 0.1109375
0 0.396875 0.834375 0.0890625 0.07421875
0 0.1421875 0.884375 0.07421875 0.08671875
0 0.0203125 0.97109375 0.040625 0.0578125
0 0.871875 0.559375 0.103125 0.09609375
0 0.8171875 0.621875 0.09140625 0.08671875
0 0.778125 0.63046875 0.06015625 0.0578125
0 0.6296875 0.89765625 0.359375 0.2046875
0 0.53984375 0.7 0.0671875 0.0890625