0 0.0390625 0.33359375 0.078125 0.2234375
0 0.1078125 0.353125 0.0984375 0.103125
0 0.29921875 0.1734375 0.1078125 0.125
0 0.37890625 0.49375 0.1203125 0.2375
0 0.26875 0.3921875 0.14453125 0.14453125
0 0.240625 0.47890625 0.1421875 0.125
0 0.12109375 0.5859375 0.06953125 0.0765625
0 0.28984375 0.5953125 0.08203125 0.084375
0 0.38125 0.6390625 0.0765625 0.08203125
0 0.228125 0.20703125 0.09140625 0.0984375
0 0.16796875 0.23046875 0.0765625 0.08671875
0 0.0125 0.13203125 0.025 0.0734375
0 0.6953125 0.21015625 0.1078125 0.1078125
0 0.53046875 0.26796875 0.0890625 0.0765625
0 0.61796875 0.4546875 0.09140625 0.084375
0 0.4921875 0.653125 0.10625 0.153125
0 0.94375 0.23046875 0.05546875 0.0625
0 0.8984375 0.61171875 0.084375 0.06953125
0 0.74453125 0.68203125 0.1296875 0.0953125
0 0.975 0.4625 0.05 0.071875
0 0.809375 0.36328125 0.04296875 0.04296875
0 0.840625 0.4 0.0453125 0.0484375
0 0.075 0.96171875 0.1375 0.0765625
0 0.21875 0.9140625 0.11796875 0.1078125
0 0.378125 0.784375 0.121875 0.109375
0 0.1359375 0.75078125 0.084375 0.0421875
0 0.3515625 0.940625 0.0765625 0.0765625