0 0.065625 0.56953125 0.13125 0.1796875
0 0.17421875 0.50234375 0.08203125 0.09140625
0 0.43359375 0.60234375 0.0515625 0.1140625
0 0.40546875 0.20703125 0.1078125 0.2078125
0 0.3234375 0.3890625 0.12265625 0.125
0 0.2546875 0.3125 0.13203125 0.09609375
0 0.08515625 0.253125 0.05546875 0.071875
0 0.2546875 0.16953125 0.0671875 0.07421875
0 0.33046875 0.0828125 0.0625 0.07421875
0 0.36171875 0.60078125 0.071875 0.09140625
0 0.290625 0.603125 0.06015625 0.08203125
0 0.8984375 0.29296875 0.203125 0.3734375
0 0.93984375 0.49453125 0.1203125 0.2265625
0 0.734375 0.51015625 0.3625 0.2984375
0 0.5296875 0.1984375 0.140625 0.228125
0 0.66796875 0.14296875 0.1734375 0.17578125
0 0.890625 0.08515625 0.10546875 0.1078125
0 0.92265625 0.04765625 0.1109375 0.0953125
0 0.49375 0.03984375 0.06875 0.0796875
0 0.35 0.98203125 0.0875 0.0359375
0 0.20859375 0.98359375 0.0671875 0.0328125
0 0.146875 0.946875 0.134375 0.10625
0 0.103125 0.84296875 0.20625 0.3140625
0 0.1609375 0.82265625 0.07421875 0.07421875
0 0.0328125 0.72421875 0.065625 0.0828125
0 0.43984375 0.74921875 0.0390625 0.1421875
0 0.42734375 0.9625 0.0640625 0.075
0 0.39140625 0.8765625 0.08203125 0.08203125
0 0.33515625 0.896875 0.06015625 0.0625
0 0.31328125 0.940625 0.0625 0.06015625
0 0.29296875 0.88046875 0.0796875 0.0796875
0 0.2203125 0.88984375 0.07421875 0.07421875
0 0.26171875 0.75546875 0.071875 0.071875
0 0.3359375 0.7046875 0.0671875 0.0671875
0 0.640625 0.97265625 0.065625 0.0546875
0 0.49140625 0.75 0.053125 0.0578125
0 0.5640625 0.76875 0.03828125 0.03359375
0 0.5484375 0.6828125 0.03125 0.046875
0 0.75 0.67265625 0.03125 0.0265625
0 0.82890625 0.7296875 0.05078125 0.053125
0 0.88046875 0.690625 0.04296875 0.053125