0 0.4328125 0.04765625 0.046875 0.0953125
0 0.540625 0.01796875 0.05 0.0359375
0 0.57890625 0.02109375 0.0359375 0.0421875
0 0.6515625 0.0078125 0.040625 0.015625
0 0.77734375 0.009375 0.0296875 0.01875
0 0.740625 0.02265625 0.04375 0.0453125
0 0.71015625 0.03671875 0.053125 0.05078125
0 0.54765625 0.20625 0.03359375 0.0359375
0 0.60546875 0.315625 0.0578125 0.0578125
0 0.64140625 0.36875 0.0796875 0.06015625
0 0.425 0.33984375 0.03125 0.0765625
0 0.54921875 0.47578125 0.0734375 0.0484375
0 0.62734375 0.48359375 0.0421875 0.0328125
0 0.86015625 0.2546875 0.0796875 0.0671875
0 0.76015625 0.2546875 0.0484375 0.040625
0 0.55390625 0.11015625 0.103125 0.103125
0 0.6859375 0.18125 0.146875 0.16328125
0 0.36953125 0.53671875 0.0796875 0.0734375
0 0.17578125 0.53671875 0.0578125 0.0484375
0 0.23125 0.82109375 0.03359375 0.0359375
0 0.27109375 0.92265625 0.05546875 0.053125
0 0.590625 0.8703125 0.17578125 0.165625
0 0.76875 0.94375 0.146875 0.1125
0 0.96796875 0.9546875 0.0640625 0.090625
0 0.95 0.7640625 0.053125 0.05546875
0 0.984375 0.88203125 0.03125 0.0640625
0 0.88359375 0.95859375 0.06015625 0.0671875
0 0.65625 0.70546875 0.05546875 0.05078125
0 0.96171875 0.64296875 0.05078125 0.0484375