0 0.02421875 0.07578125 0.0484375 0.1265625
0 0.1734375 0.10625 0.084375 0.08671875
0 0.75390625 0.2390625 0.071875 0.07421875
0 0.58125 0.41875 0.11875 0.0625
0 0.98203125 0.02421875 0.0359375 0.0484375
0 0.86328125 0.1640625 0.0578125 0.0625
0 0.66953125 0.059375 0.06953125 0.0671875
0 0.7875 0.059375 0.040625 0.0359375
0 0.82421875 0.05546875 0.02890625 0.0484375
0 0.9171875 0.0828125 0.03359375 0.03125
0 0.53046875 0.33203125 0.1015625 0.0890625
0 0.615625 0.26015625 0.06015625 0.06953125
0 0.6078125 0.16953125 0.0359375 0.04296875
0 0.5890625 0.028125 0.0625 0.05625
0 0.434375 0.94375 0.084375 0.08671875
0 0.38046875 0.88515625 0.0890625 0.09375
0 0.4640625 0.590625 0.03125 0.08125
0 0.60234375 0.590625 0.103125 0.0984375
0 0.521875 0.77421875 0.084375 0.1609375
0 0.48984375 0.8125 0.0203125 0.084375
0 0.5640625 0.81640625 0.0578125 0.071875
0 0.678125 0.81171875 0.0578125 0.0578125
0 0.959375 0.70859375 0.08125 0.0859375
0 0.72890625 0.459375 0.0765625 0.01875