0 0.178125 0.0328125 0.15625 0.065625
0 0.21953125 0.04375 0.07421875 0.08203125
0 0.29609375 0.1 0.0890625 0.09140625
0 0.4453125 0.0953125 0.028125 0.103125
0 0.09609375 0.21015625 0.1921875 0.2421875
0 0.0375 0.24140625 0.075 0.0765625
0 0.009375 0.24296875 0.01875 0.0796875
0 0.23359375 0.32109375 0.09375 0.09140625
0 0.2203125 0.21796875 0.08203125 0.084375
0 0.37421875 0.2265625 0.125 0.12734375
0 0.475 0.0625 0.03125 0.071875
0 0.578125 0.05703125 0.0625 0.071875
0 0.49375 0.3140625 0.0671875 0.09375
0 0.49609375 0.42421875 0.06015625 0.071875
0 0.875 0.5296875 0.08125 0.01875
0 0.9375 0.48671875 0.115625 0.1046875
0 0.9859375 0.46796875 0.028125 0.0765625
0 0.96328125 0.20625 0.0734375 0.096875
0 0.8953125 0.33671875 0.05546875 0.0671875
0 0.36328125 0.8875 0.1921875 0.225
0 0.2828125 0.96953125 0.084375 0.0609375
0 0.3140625 0.69296875 0.06953125 0.06484375
0 0.2203125 0.85 0.0625 0.0671875
0 0.0796875 0.98515625 0.0625 0.0296875
0 0.39375 0.56953125 0.0625 0.0609375
0 0.19609375 0.6328125 0.0578125 0.06953125
0 0.1046875 0.7265625 0.0484375 0.0453125
0 0.6515625 0.68984375 0.384375 0.3015625