0 0.01953125 0.0375 0.0390625 0.071875
0 0.2578125 0.13984375 0.0671875 0.0796875
0 0.2046875 0.1828125 0.084375 0.084375
0 0.146875 0.25859375 0.0671875 0.0578125
0 0.215625 0.34609375 0.06015625 0.07421875
0 0.075 0.35234375 0.0578125 0.053125
0 0.0546875 0.5640625 0.0625 0.08671875
0 0.053125 0.4265625 0.06953125 0.0765625
0 0.42421875 0.490625 0.1515625 0.15625
0 0.2265625 0.62421875 0.05078125 0.05078125
0 0.1375 0.665625 0.09140625 0.08671875
0 0.0109375 0.64921875 0.021875 0.0515625
0 0.65234375 0.1671875 0.3046875 0.334375
0 0.62734375 0.4328125 0.178125 0.178125
0 0.86015625 0.4015625 0.2796875 0.29375
0 0.98359375 0.42890625 0.0328125 0.2140625
0 0.74453125 0.71015625 0.1109375 0.0578125
0 0.29921875 0.765625 0.0859375 0.053125
0 0.34375 0.97109375 0.040625 0.0578125
0 0.50703125 0.85 0.0140625 0.059375