0 0.13828125 0.44453125 0.0421875 0.0296875
0 0.08125 0.32578125 0.0890625 0.08203125
0 0.25234375 0.378125 0.08671875 0.10078125
0 0.39296875 0.26796875 0.0515625 0.0609375
0 0.3 0.25546875 0.11328125 0.1109375
0 0.1703125 0.31171875 0.0625 0.0625
0 0.74453125 0.434375 0.1359375 0.05
0 0.9078125 0.38203125 0.15859375 0.15390625
0 0.7453125 0.28671875 0.13203125 0.103125
0 0.71640625 0.24140625 0.09375 0.0796875
0 0.68203125 0.21484375 0.06953125 0.0625
0 0.90546875 0.06640625 0.1859375 0.1328125
0 0.184375 0.6046875 0.06484375 0.0625
0 0.075 0.57265625 0.040625 0.0453125
0 0.20390625 0.671875 0.053125 0.0453125
0 0.18984375 0.76953125 0.0453125 0.05546875
0 0.26796875 0.9921875 0.0609375 0.015625
0 0.3640625 0.959375 0.05078125 0.053125
0 0.1578125 0.9765625 0.0375 0.046875
0 0.2890625 0.53125 0.09140625 0.06484375
0 0.38828125 0.6453125 0.0609375 0.084375
0 0.45390625 0.57890625 0.0703125 0.1203125
0 0.5984375 0.59453125 0.2359375 0.228125
0 0.76875 0.56796875 0.10546875 0.10546875
0 0.69921875 0.49140625 0.0671875 0.0640625
0 0.60546875 0.46796875 0.0484375 0.0171875
0 0.50234375 0.8296875 0.07421875 0.06953125
0 0.85078125 0.47578125 0.0578125 0.0328125
0 0.8953125 0.475 0.0625 0.03125