0 0.65625 0.40234375 0.0875 0.1171875
0 0.58984375 0.39609375 0.134375 0.13203125
0 0.48515625 0.359375 0.10078125 0.0984375
0 0.4921875 0.2296875 0.10546875 0.1078125
0 0.353125 0.31640625 0.0890625 0.0890625
0 0.05859375 0.378125 0.10078125 0.10078125
0 0.11953125 0.29609375 0.0765625 0.07421875
0 0.09375 0.2453125 0.05546875 0.05546875
0 0.0203125 0.12265625 0.040625 0.1078125
0 0.19453125 0.12421875 0.115625 0.12265625
0 0.28359375 0.25625 0.115625 0.11796875
0 0.58828125 0.03671875 0.2234375 0.0734375
0 0.20546875 0.01953125 0.1421875 0.0390625
0 0.08046875 0.07734375 0.08203125 0.08203125
0 0.99140625 0.16640625 0.0171875 0.0921875
0 0.93671875 0.065625 0.08203125 0.06953125
0 0.7171875 0.4296875 0.034375 0.103125
0 0.98203125 0.26796875 0.0359375 0.0703125
0 0.215625 0.7171875 0.1296875 0.14453125
0 0.36484375 0.57421875 0.0890625 0.0484375
0 0.56640625 0.83515625 0.07421875 0.0796875
0 0.52421875 0.65625 0.06484375 0.06484375