0 0.34296875 0.6078125 0.0765625 0.06015625
0 0.04765625 0.07890625 0.0796875 0.0796875
0 0.30703125 0.0421875 0.06484375 0.06953125
0 0.8671875 0.02578125 0.053125 0.0515625
0 0.8109375 0.0296875 0.03125 0.05078125
0 0.7671875 0.0140625 0.03125 0.028125
0 0.76171875 0.11640625 0.053125 0.0578125
0 0.9265625 0.1859375 0.053125 0.05078125
0 0.85234375 0.21015625 0.040625 0.05078125
0 0.4859375 0.16640625 0.071875 0.0734375
0 0.4609375 0.35703125 0.021875 0.0515625
0 0.6703125 0.17890625 0.04296875 0.0578125
0 0.77421875 0.3484375 0.05078125 0.071875
0 0.640625 0.3375 0.0578125 0.053125
0 0.678125 0.540625 0.0765625 0.0578125
0 0.80078125 0.43125 0.06015625 0.0578125
0 0.76953125 0.56484375 0.071875 0.0578125
0 0.90859375 0.421875 0.0625 0.0578125
0 0.8890625 0.4984375 0.053125 0.0578125
0 0.5578125 0.24609375 0.03359375 0.0578125
0 0.4703125 0.0625 0.040625 0.053125
0 0.04921875 0.903125 0.0984375 0.121875
0 0.190625 0.7703125 0.0671875 0.0671875
0 0.2203125 0.81953125 0.0578125 0.06015625
0 0.95546875 0.87421875 0.0890625 0.0984375
0 0.65625 0.8125 0.1203125 0.125
0 0.57265625 0.8484375 0.0890625 0.09375