0 0.23671875 0.48828125 0.1734375 0.1609375
0 0.3609375 0.5265625 0.084375 0.084375
0 0.0609375 0.56015625 0.121875 0.0171875
0 0.0375 0.3921875 0.075 0.1
0 0.8640625 0.0484375 0.103125 0.096875
0 0.71015625 0.02890625 0.0453125 0.0578125
0 0.71796875 0.19375 0.0671875 0.07421875
0 0.82890625 0.3109375 0.0578125 0.08203125
0 0.8015625 0.1875 0.06484375 0.10078125
0 0.46640625 0.190625 0.0546875 0.084375
0 0.66640625 0.47578125 0.07421875 0.0578125
0 0.57421875 0.290625 0.1109375 0.16328125
0 0.86953125 0.5171875 0.0484375 0.06015625
0 0.33671875 0.63984375 0.2046875 0.1421875
0 0.42421875 0.85859375 0.0296875 0.1171875
0 0.396875 0.78046875 0.084375 0.1296875
0 0.1828125 0.6390625 0.1203125 0.11796875
0 0.0125 0.878125 0.025 0.103125
0 0.140625 0.96015625 0.09375 0.0796875
0 0.12265625 0.8828125 0.08203125 0.084375
0 0.196875 0.87734375 0.09375 0.09140625
0 0.7421875 0.97890625 0.0875 0.0421875
0 0.7359375 0.9125 0.12265625 0.09375
0 0.88203125 0.91953125 0.0484375 0.053125
0 0.87734375 0.85234375 0.04296875 0.04296875
0 0.96875 0.91171875 0.0625 0.0609375
0 0.975 0.96875 0.05 0.0625
0 0.765625 0.74453125 0.0671875 0.0578125
0 0.71171875 0.703125 0.05078125 0.0453125
0 0.6265625 0.76953125 0.0453125 0.0484375
0 0.5 0.76484375 0.0578125 0.05078125
0 0.5140625 0.8171875 0.04296875 0.04296875
0 0.4453125 0.8890625 0.0125 0.053125
0 0.51796875 0.94375 0.0578125 0.0484375
0 0.81484375 0.58984375 0.0578125 0.0421875
0 0.55 0.5890625 0.0625 0.040625