0 0.19453125 0.06875 0.07421875 0.0625
0 0.95625 0.26015625 0.0875 0.1265625
0 0.821875 0.2453125 0.09140625 0.08203125
0 0.6515625 0.2671875 0.06015625 0.0578125
0 0.5984375 0.2046875 0.09140625 0.0796875
0 0.525 0.1640625 0.07421875 0.08203125
0 0.69375 0.08203125 0.09375 0.0890625
0 0.64609375 0.02734375 0.0671875 0.0546875
0 0.8109375 0.42421875 0.06484375 0.071875
0 0.73046875 0.35703125 0.0671875 0.071875
0 0.68515625 0.37734375 0.0578125 0.0578125
0 0.5375 0.32265625 0.0453125 0.053125
0 0.50234375 0.3921875 0.053125 0.05078125
0 0.9078125 0.0078125 0.0875 0.015625
0 0.8890625 0.06015625 0.0578125 0.0578125
0 0.3875 0.025 0.075 0.05
0 0.3359375 0.59921875 0.028125 0.0609375
0 0.334375 0.70703125 0.03125 0.0484375
0 0.06328125 0.96796875 0.05078125 0.05078125
0 0.20859375 0.92578125 0.06953125 0.06953125
0 0.16796875 0.9828125 0.0578125 0.034375
0 0.090625 0.91640625 0.05078125 0.03828125
0 0.1859375 0.87734375 0.0484375 0.040625
0 0.25078125 0.8296875 0.04296875 0.0484375
0 0.3125 0.896875 0.0453125 0.0484375
0 0.22890625 0.71328125 0.08203125 0.08203125
0 0.15078125 0.746875 0.0359375 0.040625
0 0.05078125 0.7796875 0.1015625 0.18125
0 0.2765625 0.5796875 0.04375 0.021875
0 0.940625 0.6296875 0.11875 0.121875
0 0.98515625 0.75546875 0.0296875 0.0640625
0 0.86640625 0.74296875 0.0578125 0.03359375
0 0.8859375 0.79609375 0.06484375 0.03828125
0 0.52265625 0.5890625 0.0453125 0.040625
0 0.3765625 0.78046875 0.053125 0.1109375
0 0.359375 0.8625 0.01875 0.053125
0 0.490625 0.8484375 0.06953125 0.0671875
0 0.49609375 0.725 0.053125 0.0625
0 0.4328125 0.9171875 0.10078125 0.0765625
0 0.3765625 0.97890625 0.053125 0.0421875
0 0.65 0.99453125 0.040625 0.0109375