0 0.37265625 0.053125 0.1078125 0.103125
0 0.3921875 0.3015625 0.1296875 0.1296875
0 0.4734375 0.378125 0.1125 0.08125
0 0.753125 0.3921875 0.134375 0.053125
0 0.5109375 0.0625 0.0484375 0.03828125
0 0.73359375 0.05 0.1234375 0.1
0 0.82734375 0.0703125 0.0765625 0.08671875
0 0.69140625 0.16640625 0.08203125 0.0765625
0 0.74765625 0.1453125 0.0625 0.06015625
0 0.2375 0.46953125 0.153125 0.1015625
0 0.19453125 0.85703125 0.2484375 0.2859375
0 0.2671875 0.709375 0.084375 0.10078125
0 0.56796875 0.5796875 0.12265625 0.1078125
0 0.784375 0.57109375 0.0890625 0.10546875
0 0.8890625 0.44453125 0.09375 0.0515625