0 0.29609375 0.3859375 0.1109375 0.0875
0 0.1765625 0.28828125 0.353125 0.2828125
0 0.0875 0.1078125 0.08671875 0.09140625
0 0.146875 0.1125 0.084375 0.084375
0 0.09609375 0.1890625 0.06953125 0.06484375
0 0.04921875 0.03671875 0.0890625 0.0734375
0 0.27421875 0.03203125 0.1078125 0.0640625
0 0.575 0.0421875 0.128125 0.084375
0 0.46484375 0.21796875 0.07421875 0.07421875
0 0.43125 0.33359375 0.0796875 0.08203125
0 0.359375 0.34765625 0.06484375 0.0671875
0 0.6390625 0.2078125 0.1 0.1375
0 0.5578125 0.22265625 0.21875 0.228125
0 0.8375 0.0515625 0.296875 0.103125
0 0.81171875 0.3171875 0.2453125 0.225
0 0.971875 0.38984375 0.05625 0.0796875
0 0.71328125 0.12265625 0.0484375 0.1828125
0 0.5765625 0.453125 0.05625 0.046875
0 0.4625 0.5296875 0.08671875 0.08671875
0 0.521875 0.584375 0.071875 0.06015625
0 0.084375 0.58515625 0.0796875 0.0671875
0 0.1953125 0.440625 0.0875 0.021875
0 0.33515625 0.7234375 0.0625 0.06953125
0 0.96015625 0.72265625 0.0578125 0.05546875
0 0.965625 0.60546875 0.06875 0.0546875