0 0.2171875 0.528125 0.1203125 0.11328125
0 0.3125 0.4140625 0.10078125 0.10078125
0 0.18828125 0.29140625 0.36328125 0.3609375
0 0.0875 0.45546875 0.071875 0.06953125
0 0.22890625 0.02734375 0.0734375 0.0546875
0 0.2859375 0.04375 0.0765625 0.0765625
0 0.20078125 0.1015625 0.0671875 0.053125
0 0.46328125 0.0234375 0.0953125 0.046875
0 0.565625 0.3046875 0.0671875 0.06953125
0 0.4796875 0.40859375 0.0671875 0.0796875
0 0.39921875 0.390625 0.0578125 0.06484375
0 0.375 0.5734375 0.0671875 0.06953125
0 0.60625 0.3515625 0.0875 0.21875
0 0.8578125 0.4375 0.134375 0.13671875
0 0.69921875 0.39375 0.0984375 0.115625
0 0.7796875 0.29921875 0.06953125 0.08671875
0 0.8359375 0.2640625 0.053125 0.053125
0 0.98671875 0.171875 0.0265625 0.053125
0 0.853125 0.0265625 0.084375 0.053125
0 0.7203125 0.065625 0.140625 0.13125
0 0.6015625 0.94375 0.07421875 0.06484375
0 0.59375 0.71328125 0.07421875 0.08671875
0 0.4765625 0.684375 0.09375 0.090625
0 0.35703125 0.9796875 0.1078125 0.040625
0 0.378125 0.90078125 0.14453125 0.165625
0 0.1875 0.75390625 0.0625 0.0578125
0 0.26640625 0.7796875 0.0578125 0.07421875
0 0.15859375 0.69375 0.06953125 0.06953125
0 0.3515625 0.69296875 0.06953125 0.0671875
0 0.01875 0.65703125 0.0375 0.0359375
0 0.69453125 0.9796875 0.0890625 0.040625
0 0.96484375 0.7921875 0.0703125 0.11875
0 0.73046875 0.66640625 0.0578125 0.0546875