0 0.1953125 0.35859375 0.065625 0.0609375
0 0.0875 0.21640625 0.0984375 0.0890625
0 0.184375 0.12734375 0.084375 0.08203125
0 0.1171875 0.07578125 0.234375 0.1515625
0 0.4234375 0.05546875 0.05546875 0.05546875
0 0.33515625 0.13828125 0.05546875 0.0625
0 0.26484375 0.115625 0.0453125 0.053125
0 0.225 0.2703125 0.05546875 0.05546875
0 0.59609375 0.1421875 0.09140625 0.1078125
0 0.5015625 0.1046875 0.15390625 0.178125
0 0.64609375 0.246875 0.0453125 0.1
0 0.9765625 0.2640625 0.046875 0.121875
0 0.95703125 0.31484375 0.0859375 0.1078125
0 0.97578125 0.10234375 0.0484375 0.0890625
0 0.89375 0.13125 0.07421875 0.07421875
0 0.86640625 0.26328125 0.084375 0.084375
0 0.68515625 0.36484375 0.0328125 0.0484375
0 0.69375 0.31328125 0.05 0.0703125
0 0.03671875 0.77578125 0.0734375 0.1734375
0 0.43203125 0.428125 0.2046875 0.078125
0 0.45546875 0.4921875 0.084375 0.084375
0 0.265625 0.6015625 0.084375 0.08671875
0 0.615625 0.903125 0.10625 0.165625
0 0.421875 0.840625 0.125 0.12734375
0 0.209375 0.9359375 0.13125 0.128125
0 0.98359375 0.47734375 0.0328125 0.1609375
0 0.99140625 0.96484375 0.0171875 0.0546875
0 0.8984375 0.97265625 0.11875 0.0546875
0 0.76328125 0.9796875 0.1890625 0.040625
0 0.846875 0.84609375 0.07421875 0.06953125
0 0.8421875 0.46875 0.0890625 0.10078125
0 0.740625 0.60078125 0.08203125 0.103125