0 0.15234375 0.0515625 0.1109375 0.103125
0 0.1046875 0.14921875 0.209375 0.2984375
0 0.02265625 0.334375 0.0453125 0.084375
0 0.13046875 0.43671875 0.1078125 0.1078125
0 0.1359375 0.5015625 0.0984375 0.10078125
0 0.20390625 0.5296875 0.0828125 0.059375
0 0.32109375 0.22890625 0.07421875 0.07421875
0 0.2875 0.11328125 0.0796875 0.08203125
0 0.215625 0.09921875 0.06484375 0.0671875
0 0.346875 0.2234375 0.084375 0.228125
0 0.36015625 0.49375 0.0578125 0.06875
0 0.49140625 0.346875 0.14921875 0.14921875
0 0.64609375 0.49296875 0.1828125 0.1328125
0 0.69375 0.23671875 0.1421875 0.1390625
0 0.53984375 0.0875 0.0765625 0.09375
0 0.48125 0.09375 0.09140625 0.1078125
0 0.2578125 0.6890625 0.12265625 0.11328125
0 0.2328125 0.80546875 0.11328125 0.125
0 0.0203125 0.80625 0.040625 0.0875
0 0.18984375 0.97890625 0.0609375 0.0421875
0 0.02890625 0.6359375 0.0578125 0.071875
0 0.1328125 0.765625 0.0484375 0.05546875
0 0.17109375 0.6671875 0.05078125 0.05078125
0 0.75703125 0.6390625 0.4859375 0.159375
0 0.59296875 0.83359375 0.4078125 0.3328125
0 0.94375 0.85 0.1125 0.1125
0 0.43046875 0.58125 0.0703125 0.04375
0 0.54921875 0.56640625 0.0578125 0.0140625
0 0.6265625 0.58203125 0.059375 0.0453125
0 0.8 0.97421875 0.0625 0.0515625
0 0.771875 0.88671875 0.0453125 0.05078125