0 0.3109375 0.03515625 0.115625 0.0703125
0 0.19296875 0.06171875 0.08203125 0.084375
0 0.04296875 0.18984375 0.0859375 0.1171875
0 0.053125 0.07109375 0.10625 0.1421875
0 0.60078125 0.3515625 0.0578125 0.075
0 0.60625 0.24296875 0.046875 0.0796875
0 0.56875 0.56640625 0.090625 0.0265625
0 0.31484375 0.28984375 0.6296875 0.5796875
0 0.17265625 0.1375 0.08203125 0.08203125
0 0.7 0.04296875 0.06484375 0.0671875
0 0.83828125 0.06796875 0.04296875 0.05078125
0 0.78828125 0.20859375 0.0578125 0.053125
0 0.903125 0.296875 0.0984375 0.0796875
0 0.66875 0.45 0.05078125 0.05078125
0 0.16875 0.68984375 0.15859375 0.16796875
0 0.08671875 0.6828125 0.053125 0.0671875
0 0.053125 0.7125 0.0484375 0.053125
0 0.0296875 0.96328125 0.059375 0.0734375
0 0.14921875 0.975 0.1203125 0.05
0 0.5234375 0.6828125 0.0765625 0.07421875
0 0.42421875 0.59609375 0.0734375 0.0328125
0 0.36484375 0.87578125 0.05078125 0.0625
0 0.56171875 0.94921875 0.1109375 0.1015625
0 0.6140625 0.91328125 0.03125 0.0484375
0 0.271875 0.92890625 0.0484375 0.0625
0 0.6796875 0.6609375 0.06484375 0.06953125
0 0.97578125 0.79140625 0.0484375 0.0984375
0 0.98359375 0.71796875 0.0328125 0.0796875
0 0.90546875 0.6890625 0.115625 0.11328125