0 0.46953125 0.078125 0.12265625 0.1203125
0 0.0234375 0.3796875 0.046875 0.146875
0 0.01953125 0.24609375 0.0390625 0.0765625
0 0.1015625 0.29765625 0.084375 0.084375
0 0.0359375 0.478125 0.071875 0.04375
0 0.26953125 0.1875 0.5390625 0.375
0 0.85703125 0.2546875 0.1203125 0.1390625
0 0.9359375 0.146875 0.03828125 0.071875
0 0.98125 0.3921875 0.0375 0.090625
0 0.99453125 0.21171875 0.0109375 0.0578125
0 0.5703125 0.14453125 0.0625 0.0921875
0 0.67734375 0.21015625 0.1078125 0.103125
0 0.503125 0.9109375 0.071875 0.084375
0 0.38046875 0.89609375 0.2546875 0.2078125
0 0.2 0.953125 0.084375 0.08671875
0 0.1671875 0.990625 0.084375 0.01875
0 0.4 0.75234375 0.103125 0.09609375
0 0.15546875 0.784375 0.0765625 0.071875
0 0.03359375 0.9421875 0.0671875 0.084375
0 0.02890625 0.51796875 0.0578125 0.0359375
0 0.4296875 0.5453125 0.0625 0.0671875
0 0.02109375 0.70703125 0.0421875 0.0703125
0 0.2328125 0.84453125 0.0625 0.071875
0 0.67421875 0.93984375 0.2359375 0.1203125
0 0.83515625 0.85859375 0.146875 0.14453125
0 0.66796875 0.76640625 0.08203125 0.08203125