0 0.11875 0.16484375 0.11328125 0.09375
0 0.13671875 0.259375 0.0765625 0.06953125
0 0.20625 0.259375 0.05546875 0.053125
0 0.259375 0.1625 0.0578125 0.0578125
0 0.0171875 0.0125 0.034375 0.025
0 0.10625 0.03125 0.0578125 0.0578125
0 0.025 0.08203125 0.05 0.0796875
0 0.0359375 0.16796875 0.053125 0.05546875
0 0.034375 0.3375 0.05078125 0.053125
0 0.359375 0.27734375 0.41875 0.2640625
0 0.60703125 0.25078125 0.0765625 0.1015625
0 0.703125 0.303125 0.08203125 0.08203125
0 0.4484375 0.92890625 0.178125 0.1421875
0 0.31171875 0.9421875 0.1234375 0.115625
0 0.06640625 0.97890625 0.1015625 0.0421875
0 0.11953125 0.9265625 0.10546875 0.10546875
0 0.22578125 0.875 0.134375 0.134375
0 0.28125 0.584375 0.1609375 0.15859375
0 0.04140625 0.70859375 0.0828125 0.1390625
0 0.03046875 0.7828125 0.0609375 0.1
0 0.01328125 0.50390625 0.0265625 0.1296875
0 0.165625 0.41875 0.146875 0.01875
0 0.2328125 0.74296875 0.125 0.125
0 0.96640625 0.5546875 0.0671875 0.146875
0 0.975 0.77109375 0.05 0.1984375
0 0.665625 0.53203125 0.11328125 0.11796875