0 0.3453125 0.05703125 0.0890625 0.09140625
0 0.2671875 0.340625 0.0453125 0.05546875
0 0.28671875 0.2625 0.0578125 0.05546875
0 0.39609375 0.240625 0.0453125 0.040625
0 0.4703125 0.2984375 0.053125 0.0484375
0 0.39375 0.37890625 0.05546875 0.04296875
0 0.6234375 0.10390625 0.03125 0.0484375
0 0.59609375 0.015625 0.0328125 0.03125
0 0.83359375 0.3203125 0.12734375 0.12734375
0 0.75546875 0.3703125 0.0453125 0.0625
0 0.66953125 0.3625 0.0609375 0.059375
0 0.96796875 0.096875 0.0640625 0.121875
0 0.925 0.13984375 0.05078125 0.0625
0 0.62109375 0.85390625 0.0359375 0.1265625
0 0.6 0.9421875 0.078125 0.103125
0 0.31796875 0.9515625 0.1765625 0.096875
0 0.41796875 0.98828125 0.0671875 0.0234375
0 0.48984375 0.925 0.14921875 0.14453125
0 0.41640625 0.85390625 0.0671875 0.0796875
0 0.39609375 0.778125 0.0625 0.0578125
0 0.575 0.77109375 0.0625 0.0625
0 0.59921875 0.48359375 0.06953125 0.08203125
0 0.484375 0.4328125 0.065625 0.046875
0 0.4453125 0.4921875 0.06953125 0.09375
0 0.19921875 0.421875 0.0765625 0.025
0 0.259375 0.45 0.05546875 0.05546875
0 0.2734375 0.534375 0.06484375 0.05546875
0 0.40234375 0.6515625 0.20703125 0.25
0 0.22421875 0.63359375 0.16328125 0.18046875
0 0.24375 0.82265625 0.06953125 0.0796875
0 0.03046875 0.81484375 0.0609375 0.0796875
0 0.01875 0.94453125 0.0375 0.0515625
0 0.07265625 0.93203125 0.053125 0.05546875
0 0.065625 0.60859375 0.09140625 0.11328125
0 0.2125 0.94609375 0.0625 0.0578125
0 0.89921875 0.54921875 0.1609375 0.15859375
0 0.809375 0.5875 0.11328125 0.1109375
0 0.70078125 0.96171875 0.1234375 0.0765625
0 0.709375 0.91796875 0.12265625 0.1203125
0 0.79140625 0.89921875 0.071875 0.071875
0 0.75625 0.8328125 0.08203125 0.0796875
0 0.7984375 0.7953125 0.0890625 0.09140625
0 0.66484375 0.51328125 0.0515625 0.0578125