0 0.14453125 0.37109375 0.1046875 0.0578125
0 0.12109375 0.10234375 0.05546875 0.0625
0 0.12578125 0.1828125 0.0671875 0.06484375
0 0.22890625 0.225 0.053125 0.0484375
0 0.31328125 0.1828125 0.06015625 0.0578125
0 0.2515625 0.0890625 0.0625 0.053125
0 0.2484375 0.03359375 0.0484375 0.0359375
0 0.48984375 0.37265625 0.1015625 0.0546875
0 0.6640625 0.0578125 0.071875 0.07421875
0 0.39296875 0.04375 0.0265625 0.0875
0 0.03359375 0.75234375 0.0671875 0.1078125
0 0.05625 0.4578125 0.071875 0.071875
0 0.184375 0.43984375 0.0765625 0.0796875
0 0.3671875 0.73515625 0.025 0.0703125
0 0.3203125 0.63125 0.08203125 0.06484375
0 0.090625 0.78515625 0.0625 0.06953125
0 0.01796875 0.653125 0.0359375 0.05625
0 0.60234375 0.9359375 0.3453125 0.128125
0 0.7828125 0.95703125 0.134375 0.0859375
0 0.553125 0.7296875 0.28828125 0.29296875
0 0.43984375 0.51875 0.1203125 0.1625
0 0.421875 0.646875 0.07421875 0.07421875
0 0.86171875 0.48515625 0.125 0.12265625
0 0.94609375 0.59453125 0.1078125 0.1203125
0 0.6125 0.42265625 0.084375 0.0453125