0 0.18828125 0.11953125 0.05078125 0.06484375
0 0.165625 0.21015625 0.065625 0.0578125
0 0.0453125 0.2265625 0.05 0.025
0 0.0484375 0.07265625 0.06015625 0.053125
0 0.06328125 0.0125 0.0484375 0.025
0 0.75390625 0.07890625 0.0796875 0.071875
0 0.83828125 0.22109375 0.0796875 0.0359375
0 0.98671875 0.1828125 0.0265625 0.071875
0 0.21640625 0.5515625 0.125 0.1515625
0 0.096875 0.48984375 0.12265625 0.10546875
0 0.328125 0.59453125 0.09140625 0.071875
0 0.2109375 0.97890625 0.115625 0.0421875
0 0.175 0.90390625 0.103125 0.084375
0 0.05234375 0.68828125 0.07421875 0.08671875
0 0.0171875 0.890625 0.034375 0.0625
0 0.78125 0.50546875 0.115625 0.11796875
0 0.86640625 0.64375 0.24296875 0.2359375
0 0.784375 0.6953125 0.0796875 0.0796875
0 0.68203125 0.81015625 0.0671875 0.06484375
0 0.5609375 0.92578125 0.103125 0.10546875
0 0.55859375 0.98203125 0.0984375 0.0359375
0 0.7984375 0.9765625 0.15 0.046875
0 0.81015625 0.94609375 0.1171875 0.1078125
0 0.86484375 0.909375 0.13671875 0.1421875
0 0.9375 0.91484375 0.125 0.1296875
0 0.89453125 0.80703125 0.2109375 0.2140625
0 0.96484375 0.6921875 0.0703125 0.125
0 0.97265625 0.40078125 0.0546875 0.0765625
0 0.5859375 0.2828125 0.084375 0.08671875
0 0.6125 0.365625 0.1078125 0.10546875
0 0.57421875 0.71328125 0.1296875 0.2015625
0 0.56953125 0.30234375 0.1203125 0.1265625
0 0.57734375 0.55703125 0.1359375 0.3296875