0 0.01875 0.05078125 0.0375 0.0578125
0 0.39453125 0.11484375 0.0484375 0.0484375
0 0.74765625 0.12421875 0.0796875 0.0296875
0 0.8171875 0.12578125 0.084375 0.0265625
0 0.546875 0.0703125 0.075 0.090625
0 0.2546875 0.62734375 0.509375 0.6953125
0 0.06875 0.19296875 0.1375 0.1078125
0 0.04140625 0.30625 0.0828125 0.134375
0 0.9203125 0.83203125 0.159375 0.1921875
0 0.7546875 0.48515625 0.490625 0.5640625
0 0.5484375 0.44453125 0.078125 0.2390625
0 0.5421875 0.30703125 0.065625 0.1421875
0 0.546875 0.93359375 0.075 0.1203125
0 0.9609375 0.90859375 0.078125 0.1546875
0 0.79453125 0.8265625 0.10546875 0.103125
0 0.98671875 0.4453125 0.0265625 0.128125
0 0.940625 0.35078125 0.11875 0.1859375
0 0.5625 0.81796875 0.10625 0.1234375