0 0.409375 0.0421875 0.040625 0.084375
0 0.25 0.00625 0.04375 0.0125
0 0.05078125 0.2109375 0.0671875 0.078125
0 0.53359375 0.115625 0.1078125 0.1109375
0 0.6171875 0.0609375 0.06015625 0.0625
0 0.59375 0.0234375 0.09375 0.046875
0 0.96640625 0.17578125 0.0671875 0.1421875
0 0.26015625 0.38359375 0.08203125 0.05078125
0 0.24921875 0.4515625 0.06484375 0.08203125
0 0.0765625 0.46328125 0.153125 0.1109375
0 0.06171875 0.646875 0.09140625 0.1203125
0 0.05859375 0.79921875 0.09140625 0.0796875
0 0.00546875 0.834375 0.0109375 0.053125
0 0.30859375 0.86796875 0.0671875 0.06953125
0 0.06796875 0.29296875 0.0578125 0.05546875
0 0.5296875 0.471875 0.2 0.2625
0 0.4953125 0.959375 0.13125 0.08125
0 0.9203125 0.65390625 0.03828125 0.0671875
0 0.97734375 0.4140625 0.0453125 0.08203125