0 0.309375 0.28984375 0.103125 0.125
0 0.12890625 0.321875 0.040625 0.05546875
0 0.17578125 0.34609375 0.053125 0.06484375
0 0.48984375 0.41875 0.0359375 0.021875
0 0.48359375 0.365625 0.05546875 0.040625
0 0.73359375 0.01875 0.1046875 0.0375
0 0.74375 0.08359375 0.10546875 0.1109375
0 0.96015625 0.03515625 0.0796875 0.0703125
0 0.75859375 0.39921875 0.2265625 0.0609375
0 0.578125 0.35234375 0.06953125 0.09140625
0 0.53515625 0.09140625 0.0328125 0.0640625
0 0.5359375 0.15078125 0.034375 0.0578125
0 0.54140625 0.20859375 0.0453125 0.0640625
0 0.82578125 0.24453125 0.13203125 0.1296875
0 0.0828125 0.765625 0.1296875 0.14921875
0 0.3109375 0.6859375 0.09140625 0.09375
0 0.2375 0.86640625 0.0796875 0.0890625
0 0.46640625 0.75859375 0.08671875 0.071875
0 0.378125 0.62890625 0.071875 0.08671875
0 0.759375 0.71484375 0.48125 0.5703125