0 0.14296875 0.2515625 0.15390625 0.1421875
0 0.34921875 0.21796875 0.1203125 0.1203125
0 0.22890625 0.440625 0.13203125 0.1390625
0 0.13515625 0.43125 0.09140625 0.09375
0 0.01953125 0.23046875 0.0390625 0.0484375
0 0.02421875 0.3703125 0.0484375 0.05625
0 0.21484375 0.13125 0.4296875 0.2625
0 0.8 0.4734375 0.075 0.090625
0 0.65546875 0.42734375 0.15859375 0.1390625
0 0.68515625 0.246875 0.10546875 0.134375
0 0.53828125 0.078125 0.2171875 0.15625
0 0.71875 0.09765625 0.09609375 0.09609375
0 0.66875 0.05 0.05078125 0.06015625
0 0.95 0.08203125 0.071875 0.08203125
0 0.03671875 0.81484375 0.0734375 0.0796875
0 0.028125 0.91328125 0.05625 0.0859375
0 0.09765625 0.96796875 0.1296875 0.0640625
0 0.296875 0.978125 0.071875 0.04375
0 0.328125 0.8640625 0.053125 0.05078125
0 0.340625 0.790625 0.05546875 0.0484375
0 0.3796875 0.83359375 0.08203125 0.08203125
0 0.41796875 0.71953125 0.0234375 0.0796875
0 0.40625 0.59375 0.046875 0.0875
0 0.2421875 0.5359375 0.071875 0.034375
0 0.171875 0.6234375 0.08203125 0.06484375
0 0.4765625 0.84609375 0.09375 0.0796875
0 0.60078125 0.8859375 0.10546875 0.0984375
0 0.60078125 0.94609375 0.05078125 0.04296875
0 0.96328125 0.95234375 0.0734375 0.0796875
0 0.8953125 0.97421875 0.071875 0.0515625
0 0.97265625 0.75234375 0.0546875 0.1265625
0 0.85859375 0.88359375 0.06484375 0.06953125