0 0.07734375 0.26015625 0.1546875 0.1578125
0 0.01640625 0.18125 0.0328125 0.096875
0 0.4203125 0.11875 0.08203125 0.071875
0 0.246875 0.07421875 0.103125 0.09609375
0 0.11015625 0.09453125 0.084375 0.084375
0 0.19453125 0.2515625 0.10078125 0.0890625
0 0.340625 0.2734375 0.0765625 0.0671875
0 0.834375 0.04453125 0.11875 0.0890625
0 0.7625 0.30703125 0.1125 0.0640625
0 0.82890625 0.2359375 0.09609375 0.09140625
0 0.27734375 0.5859375 0.0796875 0.08671875
0 0.2671875 0.3640625 0.040625 0.05
0 0.2859375 0.4390625 0.05546875 0.05546875
0 0.36640625 0.6609375 0.240625 0.2015625
0 0.521875 0.634375 0.06015625 0.06015625
0 0.58359375 0.77265625 0.0328125 0.0671875
0 0.58984375 0.81328125 0.0203125 0.0484375
0 0.07890625 0.78828125 0.115625 0.12265625
0 0.0265625 0.509375 0.053125 0.06875
0 0.065625 0.4609375 0.0765625 0.0765625
0 0.1859375 0.62421875 0.071875 0.071875
0 0.16484375 0.534375 0.06484375 0.0625
0 0.58359375 0.51015625 0.0328125 0.0578125
0 0.43984375 0.8046875 0.05078125 0.0453125
0 0.3546875 0.815625 0.03359375 0.0359375
0 0.1671875 0.9609375 0.03125 0.0453125
0 0.01875 0.89765625 0.0375 0.0484375
0 0.0375 0.575 0.0484375 0.04296875
0 0.0234375 0.63984375 0.046875 0.0578125
0 0.084375 0.659375 0.03828125 0.040625
0 0.71328125 0.76171875 0.08671875 0.08671875
0 0.67265625 0.9734375 0.0734375 0.053125
0 0.778125 0.61328125 0.05546875 0.0671875
0 0.7046875 0.62578125 0.04296875 0.05078125
0 0.6734375 0.42109375 0.05078125 0.0484375
0 0.73515625 0.946875 0.03125 0.03125