0 0.40625 0.515625 0.0875 0.0875
0 0.3265625 0.36171875 0.084375 0.0796875
0 0.15 0.4125 0.10546875 0.1078125
0 0.0265625 0.3875 0.053125 0.09375
0 0.09609375 0.21171875 0.103125 0.10078125
0 0.13671875 0.01640625 0.1015625 0.0328125
0 0.35703125 0.01796875 0.1046875 0.0359375
0 0.24453125 0.18828125 0.0796875 0.07421875
0 0.91640625 0.2703125 0.1671875 0.28125
0 0.83203125 0.31484375 0.0671875 0.0765625
0 0.9109375 0.47421875 0.178125 0.1703125
0 0.52578125 0.4875 0.09375 0.09609375
0 0.71328125 0.27734375 0.18984375 0.22578125
0 0.48515625 0.184375 0.0703125 0.1
0 0.40625 0.73203125 0.0875 0.2015625
0 0.14765625 0.7796875 0.2953125 0.440625
0 0.36484375 0.609375 0.1046875 0.1
0 0.76171875 0.63515625 0.04296875 0.0484375
0 0.73671875 0.690625 0.03828125 0.05546875
0 0.5515625 0.86875 0.0484375 0.040625
0 0.86953125 0.7328125 0.0890625 0.06015625
0 0.94296875 0.75546875 0.03828125 0.03828125
0 0.8125 0.8984375 0.03125 0.04296875