0 0.44140625 0.47890625 0.2171875 0.2609375
0 0.38203125 0.125 0.1109375 0.1078125
0 0.50859375 0.20390625 0.0828125 0.1453125
0 0.453125 0.3765625 0.13671875 0.13671875
0 0.27734375 0.51015625 0.1421875 0.14453125
0 0.12734375 0.3609375 0.13671875 0.13671875
0 0.01796875 0.34921875 0.0359375 0.23828125
0 0.03046875 0.2078125 0.0609375 0.16875
0 0.33203125 0.29609375 0.103125 0.103125
0 0.89453125 0.10390625 0.09375 0.09140625
0 0.675 0.05703125 0.228125 0.1140625
0 0.703125 0.11875 0.1734375 0.165625
0 0.6 0.25546875 0.1 0.1453125
0 0.7671875 0.20859375 0.084375 0.084375
0 0.75 0.240625 0.0796875 0.08203125
0 0.9 0.3203125 0.09375 0.09609375
0 0.9890625 0.14140625 0.021875 0.1015625
0 0.97734375 0.19921875 0.0453125 0.0796875
0 0.65859375 0.42578125 0.0796875 0.0765625
0 0.77265625 0.32734375 0.08203125 0.08203125
0 0.934375 0.51875 0.13125 0.1375
0 0.84140625 0.496875 0.05078125 0.0578125
0 0.76328125 0.44375 0.19921875 0.20703125
0 0.72578125 0.52578125 0.1390625 0.14921875
0 0.6140625 0.8828125 0.128125 0.134375
0 0.728125 0.7671875 0.11328125 0.1078125
0 0.7671875 0.6640625 0.084375 0.08203125
0 0.8375 0.76484375 0.0796875 0.0765625
0 0.9484375 0.975 0.103125 0.05
0 0.88125 0.865625 0.0765625 0.0796875