0 0.01796875 0.1984375 0.0359375 0.103125
0 0.28515625 0.30078125 0.0484375 0.05078125
0 0.43046875 0.0984375 0.10078125 0.115625
0 0.34140625 0.0671875 0.06015625 0.08203125
0 0.10703125 0.0109375 0.0484375 0.021875
0 0.58671875 0.28828125 0.1359375 0.1296875
0 0.5328125 0.17109375 0.028125 0.1078125
0 0.72890625 0.36171875 0.1171875 0.0546875
0 0.84296875 0.3625 0.0796875 0.053125
0 0.9171875 0.115625 0.12734375 0.0984375
0 0.975 0.02890625 0.05 0.0578125
0 0.86796875 0.265625 0.0765625 0.0765625
0 0.5046875 0.8125 0.028125 0.134375
0 0.4609375 0.98046875 0.115625 0.0390625
0 0.21796875 0.90390625 0.15625 0.15625
0 0.33984375 0.878125 0.09140625 0.09140625
0 0.32890625 0.75 0.08203125 0.08203125
0 0.03984375 0.57890625 0.0796875 0.1421875
0 0.4265625 0.43125 0.11875 0.084375
0 0.47890625 0.4578125 0.0796875 0.09375
0 0.44765625 0.55546875 0.1390625 0.1390625
0 0.759375 0.63046875 0.48125 0.4828125
0 0.94921875 0.89609375 0.1015625 0.2078125
0 0.6921875 0.934375 0.14375 0.13125
0 0.5890625 0.9140625 0.140625 0.13125
0 0.5640625 0.98515625 0.084375 0.0296875