0 0.08515625 0.38515625 0.1703125 0.1296875
0 0.11640625 0.13984375 0.0984375 0.103125
0 0.41484375 0.24140625 0.0484375 0.05078125
0 0.515625 0.359375 0.0765625 0.084375
0 0.97890625 0.278125 0.0421875 0.10625
0 0.9578125 0.03828125 0.084375 0.0765625
0 0.87890625 0.034375 0.07421875 0.0671875
0 0.6625 0.0125 0.065625 0.025
0 0.65390625 0.1203125 0.0984375 0.10078125
0 0.66484375 0.2234375 0.05078125 0.0625
0 0.7390625 0.41171875 0.084375 0.0765625
0 0.67578125 0.39375 0.0765625 0.0625
0 0.45859375 0.17734375 0.0390625 0.1140625
0 0.26640625 0.98125 0.1390625 0.0375
0 0.26953125 0.94921875 0.1078125 0.1015625
0 0.2828125 0.53515625 0.1515625 0.1515625
0 0.03515625 0.53359375 0.0703125 0.1484375
0 0.06953125 0.46015625 0.0984375 0.0203125
0 0.17265625 0.49921875 0.1390625 0.0984375
0 0.90078125 0.50546875 0.06015625 0.0578125
0 0.89609375 0.46796875 0.0671875 0.0359375
0 0.71953125 0.725 0.5609375 0.55