0 0.16484375 0.08515625 0.0484375 0.05078125
0 0.034375 0.2875 0.06875 0.115625
0 0.10859375 0.31875 0.06015625 0.08203125
0 0.29375 0.4125 0.059375 0.034375
0 0.34296875 0.39296875 0.0484375 0.0578125
0 0.7890625 0.0890625 0.196875 0.178125
0 0.96484375 0.16171875 0.0703125 0.1203125
0 0.53984375 0.1984375 0.07421875 0.07421875
0 0.6171875 0.05859375 0.08671875 0.084375
0 0.6734375 0.2546875 0.08671875 0.084375
0 0.7578125 0.28125 0.0796875 0.07421875
0 0.87421875 0.38125 0.0890625 0.08203125
0 0.35390625 0.45625 0.0859375 0.053125
0 0.21171875 0.68515625 0.1296875 0.125
0 0.09765625 0.76953125 0.1109375 0.1109375
0 0.30078125 0.54453125 0.08671875 0.08671875
0 0.86953125 0.65546875 0.1078125 0.115625
0 0.75625 0.5375 0.10546875 0.0765625
0 0.503125 0.8296875 0.0578125 0.06015625
0 0.44140625 0.88359375 0.0640625 0.0578125
0 0.4546875 0.96953125 0.06015625 0.05546875
0 0.93515625 0.89609375 0.084375 0.08203125
0 0.971875 0.96328125 0.05625 0.0734375
0 0.990625 0.7703125 0.01875 0.05625
0 0.95234375 0.73515625 0.0625 0.071875
0 0.940625 0.6515625 0.06953125 0.08203125
0 0.67109375 0.7609375 0.05078125 0.053125
0 0.56640625 0.6 0.06953125 0.08203125