0 0.284375 0.07421875 0.125 0.1078125
0 0.20078125 0.18359375 0.09375 0.071875
0 0.28125 0.32421875 0.071875 0.0515625
0 0.45546875 0.33125 0.0515625 0.0375
0 0.3703125 0.10625 0.0625 0.06953125
0 0.8890625 0.284375 0.209375 0.13125
0 0.809375 0.175 0.38125 0.35
0 0.23203125 0.9296875 0.2765625 0.140625
0 0.11796875 0.6078125 0.12265625 0.1296875
0 0.13828125 0.690625 0.05078125 0.06484375
0 0.296875 0.509375 0.071875 0.0625
0 0.23203125 0.565625 0.13203125 0.1390625
0 0.03984375 0.46015625 0.0796875 0.1046875
0 0.1375 0.38984375 0.275 0.0796875
0 0.4734375 0.5875 0.071875 0.0765625
0 0.44921875 0.728125 0.0625 0.0625
0 0.59140625 0.74765625 0.0546875 0.0953125
0 0.55546875 0.91796875 0.0796875 0.0890625
0 0.38359375 0.94296875 0.09140625 0.0984375
0 0.3484375 0.84609375 0.06015625 0.0671875
0 0.73828125 0.559375 0.09140625 0.0890625
0 0.6625 0.52578125 0.0796875 0.0671875
0 0.84375 0.42890625 0.08671875 0.08671875
0 0.92890625 0.3703125 0.1234375 0.040625
0 0.75390625 0.7734375 0.1203125 0.1390625
0 0.63671875 0.62421875 0.0359375 0.0765625