0 0.1578125 0.01953125 0.075 0.0390625
0 0.303125 0.0546875 0.159375 0.109375
0 0.27421875 0.2203125 0.10546875 0.134375
0 0.82578125 0.140625 0.3484375 0.28125
0 0.303125 0.3296875 0.075 0.059375
0 0.5671875 0.43046875 0.084375 0.0765625
0 0.590625 0.6953125 0.078125 0.0625
0 0.5859375 0.75390625 0.0765625 0.0765625
0 0.18203125 0.88125 0.11328125 0.11796875
0 0.26875 0.959375 0.0765625 0.0671875
0 0.38984375 0.98671875 0.1578125 0.0265625
0 0.321875 0.58359375 0.11328125 0.1296875
0 0.02265625 0.43828125 0.0453125 0.0484375
0 0.45625 0.8578125 0.071875 0.0671875
0 0.43984375 0.9046875 0.0765625 0.0671875
0 0.4875 0.97421875 0.0578125 0.05078125
0 0.60859375 0.93515625 0.0421875 0.0578125
0 0.50078125 0.653125 0.053125 0.0578125
0 0.4875 0.61015625 0.0890625 0.07421875
0 0.83203125 0.8 0.09375 0.09140625
0 0.83203125 0.703125 0.05546875 0.0578125
0 0.76640625 0.64140625 0.0359375 0.0359375
0 0.690625 0.5578125 0.0359375 0.03828125
0 0.690625 0.50546875 0.0578125 0.05546875
0 0.7171875 0.4640625 0.05546875 0.0484375
0 0.81484375 0.47578125 0.3703125 0.3515625
0 0.9921875 0.9171875 0.015625 0.071875
0 0.834375 0.95390625 0.03828125 0.05546875
0 0.753125 0.925 0.0359375 0.0453125
0 0.99453125 0.82734375 0.0109375 0.0546875
0 0.7015625 0.89140625 0.02890625 0.03828125