0 0.0703125 0.321875 0.1 0.034375
0 0.34296875 0.084375 0.053125 0.05078125
0 0.8125 0.32734375 0.103125 0.0234375
0 0.746875 0.28359375 0.128125 0.1109375
0 0.63671875 0.30625 0.1703125 0.065625
0 0.5640625 0.2875 0.128125 0.103125
0 0.49296875 0.19765625 0.1203125 0.1203125
0 0.459375 0.13203125 0.08125 0.2484375
0 0.86640625 0.19140625 0.103125 0.103125
0 0.071875 0.46640625 0.1109375 0.1203125
0 0.3578125 0.90234375 0.08203125 0.06484375
0 0.09609375 0.671875 0.0984375 0.06484375
0 0.46953125 0.86328125 0.1015625 0.1703125
0 0.44921875 0.78828125 0.0609375 0.0765625
0 0.68046875 0.9640625 0.08203125 0.06484375
0 0.66875 0.91953125 0.08671875 0.0765625
0 0.95859375 0.83515625 0.0828125 0.1296875
0 0.90390625 0.84765625 0.06484375 0.0671875
0 0.9375 0.640625 0.125 0.15625
0 0.984375 0.50859375 0.03125 0.0734375
0 0.95703125 0.36875 0.06015625 0.0578125
0 0.83984375 0.371875 0.0984375 0.065625
0 0.77421875 0.446875 0.0671875 0.071875
0 0.6421875 0.5640625 0.0984375 0.1109375
0 0.70546875 0.6265625 0.0671875 0.0765625
0 0.7140625 0.696875 0.0671875 0.071875
0 0.759375 0.75703125 0.0625 0.06484375
0 0.46640625 0.51796875 0.0578125 0.07421875
0 0.58515625 0.37578125 0.0984375 0.0734375
0 0.6875 0.4109375 0.053125 0.06484375
0 0.696875 0.4734375 0.09375 0.09140625
0 0.71875 0.55078125 0.0625 0.06484375
0 0.859375 0.653125 0.0484375 0.053125
0 0.84765625 0.70703125 0.03828125 0.04296875