0 0.0375 0.47421875 0.07421875 0.0484375
0 0.04765625 0.409375 0.0578125 0.0765625
0 0.20703125 0.3984375 0.1421875 0.103125
0 0.21953125 0.2265625 0.084375 0.11328125
0 0.43515625 0.0828125 0.1890625 0.165625
0 0.221875 0.08359375 0.084375 0.07421875
0 0.284375 0.05 0.040625 0.05078125
0 0.0109375 0.025 0.021875 0.05
0 0.921875 0.40390625 0.1078125 0.12734375
0 0.9734375 0.28203125 0.053125 0.0796875
0 0.946875 0.1609375 0.10625 0.146875
0 0.79140625 0.071875 0.1109375 0.103125
0 0.71171875 0.19453125 0.0890625 0.1109375
0 0.55 0.09375 0.040625 0.121875
0 0.95390625 0.02578125 0.0921875 0.0515625
0 0.03828125 0.6421875 0.0765625 0.09375
0 0.14921875 0.9390625 0.2328125 0.121875
0 0.2296875 0.778125 0.0890625 0.09609375
0 0.29921875 0.86953125 0.0890625 0.09609375
0 0.36484375 0.94921875 0.1140625 0.1015625
0 0.44453125 0.9765625 0.0734375 0.046875
0 0.46875 0.853125 0.0890625 0.08671875
0 0.48671875 0.74375 0.05546875 0.05546875
0 0.2640625 0.5609375 0.071875 0.04375
0 0.38828125 0.6640625 0.0984375 0.10078125
0 0.62734375 0.6125 0.1953125 0.146875
0 0.9015625 0.9015625 0.115625 0.1296875
0 0.97421875 0.90859375 0.0515625 0.0828125
0 0.553125 0.915625 0.046875 0.08125