0 0.334375 0.05625 0.1625 0.1125
0 0.4 0.190625 0.1203125 0.13203125
0 0.27734375 0.421875 0.3203125 0.25625
0 0.059375 0.421875 0.10078125 0.103125
0 0.4625 0.31484375 0.103125 0.0984375
0 0.42578125 0.36875 0.05546875 0.06015625
0 0.6703125 0.271875 0.059375 0.08125
0 0.00859375 0.04140625 0.0171875 0.0515625
0 0.7421875 0.0484375 0.084375 0.0875
0 0.71796875 0.09140625 0.0359375 0.0578125
0 0.88046875 0.24609375 0.0484375 0.05078125
0 0.7421875 0.4484375 0.084375 0.115625
0 0.82421875 0.4796875 0.06015625 0.08203125
0 0.48125 0.909375 0.084375 0.0578125
0 0.61796875 0.96796875 0.03359375 0.0578125
0 0.62734375 0.825 0.04296875 0.0453125
0 0.10234375 0.94296875 0.0578125 0.05078125
0 0.01875 0.74296875 0.0375 0.0578125
0 0.25390625 0.6203125 0.08671875 0.084375
0 0.28359375 0.8296875 0.053125 0.0578125
0 0.6921875 0.9734375 0.015625 0.04375
0 0.1046875 0.77421875 0.071875 0.06484375
0 0.984375 0.68671875 0.03125 0.0984375
0 0.8875 0.934375 0.06484375 0.07421875
0 0.71796875 0.8890625 0.0359375 0.090625
0 0.75546875 0.65703125 0.1109375 0.1453125