0 0.29375 0.02890625 0.159375 0.0578125
0 0.26484375 0.16875 0.10546875 0.134375
0 0.37578125 0.40390625 0.1484375 0.2921875
0 0.23125 0.31796875 0.09609375 0.09609375
0 0.28125 0.365625 0.05078125 0.06015625
0 0.01796875 0.3328125 0.0359375 0.08125
0 0.7234375 0.4265625 0.21171875 0.19921875
0 0.59453125 0.3546875 0.09140625 0.09609375
0 0.9453125 0.02578125 0.109375 0.0515625
0 0.6171875 0.04921875 0.09375 0.09375
0 0.5859375 0.11640625 0.06484375 0.06015625
0 0.684375 0.02890625 0.05078125 0.0484375
0 0.64140625 0.11484375 0.0671875 0.0625
0 0.65625 0.51640625 0.053125 0.053125
0 0.571875 0.54296875 0.040625 0.0140625
0 0.47578125 0.52734375 0.0359375 0.03828125
0 0.04765625 0.6515625 0.09375 0.09140625
0 0.046875 0.56640625 0.05625 0.0328125
0 0.29453125 0.9859375 0.1109375 0.028125
0 0.07890625 0.96640625 0.053125 0.0578125
0 0.11640625 0.9234375 0.05078125 0.0625
0 0.1671875 0.90390625 0.040625 0.053125
0 0.24375 0.828125 0.0578125 0.06015625
0 0.2375 0.76875 0.07421875 0.071875
0 0.0390625 0.878125 0.07421875 0.071875
0 0.05 0.80546875 0.03828125 0.05546875
0 0.37734375 0.64375 0.0765625 0.0796875
0 0.44453125 0.58359375 0.0109375 0.0546875
0 0.41953125 0.921875 0.05078125 0.053125
0 0.38359375 0.98203125 0.0515625 0.0359375
0 0.415625 0.56328125 0.053125 0.0265625
0 0.228125 0.6796875 0.0453125 0.05546875
0 0.27890625 0.59296875 0.0265625 0.03359375
0 0.4734375 0.59921875 0.046875 0.0859375
0 0.46015625 0.7796875 0.0203125 0.053125
0 0.46796875 0.9390625 0.0359375 0.084375
0 0.91171875 0.58125 0.1046875 0.0625
0 0.984375 0.73125 0.03125 0.059375
0 0.58984375 0.6671875 0.0765625 0.06484375