0 0.20859375 0.0109375 0.0765625 0.021875
0 0.21953125 0.06640625 0.06015625 0.084375
0 0.3484375 0.07734375 0.08125 0.1140625
0 0.36953125 0.26171875 0.0390625 0.1140625
0 0.4125 0.1390625 0.046875 0.125
0 0.44453125 0.24921875 0.1109375 0.1390625
0 0.8828125 0.05859375 0.0796875 0.07421875
0 0.1734375 0.47421875 0.0984375 0.09140625
0 0.03046875 0.85234375 0.0609375 0.2953125
0 0.21875 0.78671875 0.340625 0.4265625
0 0.57890625 0.62890625 0.1390625 0.11796875
0 0.51875 0.5140625 0.053125 0.0671875
0 0.878125 0.34140625 0.146875 0.0453125
0 0.959375 0.39296875 0.08125 0.1484375
0 0.61328125 0.3328125 0.0453125 0.028125
0 0.65390625 0.35625 0.0453125 0.0359375
0 0.4921875 0.66640625 0.03359375 0.03359375
0 0.41796875 0.6578125 0.021875 0.03125