0 0.20859375 0.0921875 0.1515625 0.14921875
0 0.03125 0.0828125 0.0625 0.146875
0 0.40234375 0.20859375 0.09375 0.09375
0 0.415625 0.29765625 0.1390625 0.1390625
0 0.3328125 0.33984375 0.07421875 0.07421875
0 0.3453125 0.3625 0.10625 0.034375
0 0.221875 0.2578125 0.1421875 0.1421875
0 0.0375 0.353125 0.075 0.053125
0 0.6984375 0.28515625 0.07421875 0.06953125
0 0.6578125 0.2375 0.05625 0.084375
0 0.984375 0.2421875 0.03125 0.084375
0 0.8921875 0.065625 0.071875 0.0765625
0 0.08671875 0.8203125 0.1109375 0.134375
0 0.01484375 0.83671875 0.0296875 0.0734375
0 0.06875 0.6921875 0.1375 0.16875
0 0.5203125 0.6265625 0.06484375 0.0625
0 0.34296875 0.925 0.071875 0.06484375
0 0.44609375 0.9453125 0.071875 0.071875
0 0.26015625 0.54296875 0.06484375 0.06015625
0 0.178125 0.56953125 0.0578125 0.07421875
0 0.28984375 0.4828125 0.071875 0.071875
0 0.09140625 0.48125 0.071875 0.06953125
0 0.4421875 0.43203125 0.06015625 0.06484375
0 0.88671875 0.740625 0.2265625 0.2375
0 0.87421875 0.89140625 0.084375 0.07421875
0 0.66796875 0.4125 0.0640625 0.065625
0 0.72890625 0.4890625 0.0796875 0.10078125
0 0.6796875 0.4875 0.0484375 0.06484375
0 0.8671875 0.48125 0.0484375 0.05078125
0 0.93828125 0.5046875 0.06953125 0.06484375
0 0.9578125 0.41953125 0.084375 0.0796875
0 0.64140625 0.92265625 0.0234375 0.1109375
0 0.98203125 0.97734375 0.0359375 0.0453125
0 0.7828125 0.61484375 0.0765625 0.0578125