0 0.26796875 0.175 0.0984375 0.103125
0 0.25078125 0.01640625 0.1171875 0.0328125
0 0.03359375 0.03359375 0.0671875 0.0609375
0 0.25234375 0.26640625 0.0625 0.06484375
0 0.39609375 0.47109375 0.0453125 0.0578125
0 0.4109375 0.515625 0.015625 0.05625
0 0.22578125 0.5640625 0.0546875 0.03125
0 0.7046875 0.27890625 0.22578125 0.24296875
0 0.4671875 0.06171875 0.096875 0.1234375
0 0.3890625 0.6140625 0.059375 0.06875
0 0.2953125 0.70859375 0.134375 0.125
0 0.32265625 0.79140625 0.1421875 0.1390625
0 0.0765625 0.81796875 0.153125 0.2078125
0 0.31171875 0.93984375 0.1734375 0.1203125
0 0.56484375 0.73203125 0.11328125 0.1203125
0 0.5 0.81328125 0.06015625 0.071875
0 0.56484375 0.8953125 0.0796875 0.07421875
0 0.51328125 0.98984375 0.0671875 0.0203125
0 0.75625 0.984375 0.040625 0.03125
0 0.91328125 0.9734375 0.0671875 0.053125
0 0.921875 0.81796875 0.04296875 0.0453125
0 0.85234375 0.8 0.0453125 0.05078125