0 0.26875 0.39765625 0.021875 0.0828125
0 0.084375 0.37421875 0.16875 0.2046875
0 0.10625 0.1703125 0.2125 0.340625
0 0.23046875 0.2109375 0.0984375 0.115625
0 0.21796875 0.12578125 0.06484375 0.0578125
0 0.85859375 0.01640625 0.0734375 0.0328125
0 0.896875 0.10546875 0.0765625 0.09140625
0 0.96953125 0.10390625 0.0609375 0.0546875
0 0.62890625 0.38203125 0.0578125 0.06015625
0 0.90546875 0.46640625 0.0546875 0.0453125
0 0.13984375 0.65859375 0.2796875 0.3390625
0 0.93203125 0.71875 0.1359375 0.1875
0 0.65 0.88515625 0.1421875 0.11796875
0 0.64609375 0.7921875 0.0796875 0.09140625
0 0.73125 0.68203125 0.0765625 0.084375
0 0.66875 0.6015625 0.0765625 0.0578125
0 0.82890625 0.51953125 0.1015625 0.0609375
0 0.54296875 0.52109375 0.0671875 0.0640625
0 0.44921875 0.6046875 0.0578125 0.0890625
0 0.36015625 0.94375 0.0796875 0.0890625