0 0.06875 0.4390625 0.0625 0.021875
0 0.28046875 0.42578125 0.1359375 0.0484375
0 0.4421875 0.225 0.29375 0.45
0 0.17421875 0.29609375 0.0796875 0.10078125
0 0.0296875 0.34921875 0.059375 0.0671875
0 0.19609375 0.03203125 0.0859375 0.0640625
0 0.078125 0.29609375 0.03828125 0.05078125
0 0.2078125 0.2171875 0.0578125 0.0453125
0 0.01328125 0.23203125 0.0265625 0.0546875
0 0.76171875 0.3265625 0.3453125 0.246875
0 0.921875 0.1140625 0.15625 0.228125
0 0.659375 0.07421875 0.140625 0.1484375
0 0.975 0.4234375 0.05 0.053125
0 0.925 0.303125 0.0578125 0.0578125
0 0.8359375 0.28984375 0.05546875 0.0578125
0 0.8265625 0.2046875 0.08671875 0.0890625
0 0.78046875 0.121875 0.10078125 0.10078125
0 0.66484375 0.25625 0.0671875 0.06484375
0 0.4984375 0.471875 0.125 0.04375
0 0.55234375 0.49921875 0.0734375 0.0984375
0 0.5140625 0.50078125 0.08203125 0.0796875
0 0.46953125 0.621875 0.115625 0.10546875
0 0.4140625 0.6703125 0.09140625 0.0890625
0 0.2375 0.7625 0.13203125 0.1296875
0 0.0234375 0.65703125 0.046875 0.1328125
0 0.4875 0.934375 0.09375 0.09609375
0 0.565625 0.9515625 0.046875 0.096875
0 0.97109375 0.6796875 0.0578125 0.2375
0 0.89765625 0.4640625 0.0796875 0.028125
0 0.6359375 0.49296875 0.03828125 0.040625
0 0.65 0.5296875 0.06484375 0.06953125
0 0.62265625 0.60234375 0.0484375 0.0484375
0 0.61015625 0.5578125 0.0421875 0.0625
0 0.59296875 0.62265625 0.0078125 0.0390625
0 0.6765625 0.91953125 0.103125 0.1078125
0 0.7765625 0.86171875 0.09140625 0.1109375
0 0.9515625 0.55390625 0.0765625 0.0578125