0 0.26484375 0.4234375 0.09609375 0.10078125
0 0.11875 0.371875 0.06015625 0.0578125
0 0.14765625 0.27109375 0.0765625 0.0796875
0 0.37734375 0.2640625 0.1734375 0.19921875
0 0.49375 0.421875 0.071875 0.1
0 0.4140625 0.1140625 0.23125 0.228125
0 0.234375 0.0859375 0.10078125 0.11328125
0 0.090625 0.16328125 0.07421875 0.0765625
0 0.42265625 0.46015625 0.0671875 0.0578125
0 0.13203125 0.1015625 0.0484375 0.05546875
0 0.25859375 0.0140625 0.0671875 0.028125
0 0.046875 0.05 0.053125 0.06015625
0 0.85078125 0.03046875 0.1046875 0.0609375
0 0.74296875 0.0203125 0.0890625 0.040625
0 0.62109375 0.109375 0.1828125 0.209375
0 0.6703125 0.24609375 0.1828125 0.16796875
0 0.7578125 0.2546875 0.0890625 0.084375
0 0.828125 0.2 0.08203125 0.08203125
0 0.79375 0.15 0.0765625 0.09140625
0 0.76015625 0.10078125 0.0625 0.0625
0 0.91328125 0.1125 0.05078125 0.05078125
0 0.775 0.35078125 0.0796875 0.0671875
0 0.6625 0.43828125 0.15 0.1015625
0 0.5578125 0.4578125 0.05625 0.0625
0 0.58046875 0.3125 0.1015625 0.20625
0 0.89609375 0.3125 0.2078125 0.275
0 0.978125 0.37734375 0.04375 0.1046875
0 0.98046875 0.4578125 0.0390625 0.0625
0 0.92734375 0.43828125 0.06953125 0.06953125
0 0.22578125 0.8484375 0.0578125 0.08203125
0 0.8609375 0.96171875 0.0890625 0.071875
0 0.9796875 0.98125 0.040625 0.0375
0 0.55859375 0.94765625 0.0578125 0.0734375