0 0.10390625 0.59921875 0.0796875 0.0890625
0 0.025 0.43203125 0.05 0.0703125
0 0.23125 0.459375 0.13671875 0.17578125
0 0.3296875 0.63515625 0.08203125 0.08671875
0 0.52890625 0.7140625 0.0578125 0.0578125
0 0.48984375 0.67109375 0.0625 0.0671875
0 0.43203125 0.2140625 0.3734375 0.428125
0 0.12421875 0.26484375 0.0796875 0.10078125
0 0.14609375 0.01640625 0.0859375 0.0328125
0 0.24453125 0.66640625 0.05546875 0.0625
0 0.028125 0.26484375 0.03828125 0.05078125
0 0.1578125 0.1859375 0.0578125 0.0453125
0 0.91875 0.45546875 0.0890625 0.103125
0 0.83046875 0.35546875 0.1078125 0.1078125
0 0.80546875 0.4015625 0.06484375 0.0625
0 0.6875 0.40859375 0.0671875 0.06484375
0 0.6921875 0.5171875 0.08671875 0.084375
0 0.71875 0.28828125 0.084375 0.08203125
0 0.8015625 0.5640625 0.0671875 0.0796875
0 0.05546875 0.96953125 0.0453125 0.0609375
0 0.021875 0.88515625 0.04375 0.0828125
0 0.44453125 0.85390625 0.071875 0.06484375
0 0.4265625 0.9171875 0.0578125 0.0578125
0 0.41171875 0.95390625 0.053125 0.0484375
0 0.321875 0.99140625 0.071875 0.0171875
0 0.37734375 0.99140625 0.0703125 0.0171875
0 0.9328125 0.834375 0.134375 0.16875
0 0.95078125 0.95859375 0.0984375 0.0828125
0 0.62734375 0.91796875 0.0171875 0.0984375
0 0.6859375 0.9015625 0.1109375 0.115625
0 0.76484375 0.85 0.053125 0.053125
0 0.76171875 0.81640625 0.053125 0.0484375
0 0.83828125 0.8671875 0.06953125 0.06953125
0 0.76171875 0.9578125 0.0890625 0.084375