0 0.04375 0.34375 0.0875 0.09375
0 0.09609375 0.28359375 0.05078125 0.05078125
0 0.04296875 0.21484375 0.040625 0.0359375
0 0.9828125 0.12265625 0.034375 0.0546875
0 0.9859375 0.0375 0.028125 0.075
0 0.44140625 0.21484375 0.05546875 0.0625
0 0.43671875 0.134375 0.0671875 0.06484375
0 0.34453125 0.09140625 0.0296875 0.0484375
0 0.3359375 0.228125 0.0125 0.053125
0 0.778125 0.34140625 0.053125 0.053125
0 0.9609375 0.28125 0.0625 0.071875
0 0.99140625 0.359375 0.0171875 0.05625
0 0.50703125 0.38359375 0.0390625 0.0328125
0 0.31328125 0.9375 0.0328125 0.071875
0 0.2484375 0.91640625 0.1203125 0.103125
0 0.275 0.49375 0.09140625 0.09609375
0 0.12109375 0.49140625 0.06015625 0.07421875
0 0.0625 0.58515625 0.125 0.1203125
0 0.0515625 0.47578125 0.103125 0.1203125
0 0.0765625 0.4171875 0.0625 0.034375
0 0.140625 0.4265625 0.0625 0.053125
0 0.3140625 0.6421875 0.03125 0.0625
0 0.05234375 0.8125 0.0671875 0.0625
0 0.7453125 0.9328125 0.0890625 0.0984375
0 0.39921875 0.56015625 0.134375 0.13203125
0 0.8171875 0.74765625 0.0765625 0.071875