0 0.3921875 0.03671875 0.134375 0.0734375
0 0.3015625 0.1015625 0.09609375 0.09140625
0 0.44375 0.1359375 0.03125 0.084375
0 0.1234375 0.29296875 0.0765625 0.0765625
0 0.2109375 0.24609375 0.05078125 0.05078125
0 0.73828125 0.22265625 0.15859375 0.1609375
0 0.47265625 0.09921875 0.0265625 0.0671875
0 0.49921875 0.128125 0.0765625 0.0765625
0 0.54921875 0.01640625 0.0671875 0.0328125
0 0.5875 0.23828125 0.0625 0.0625
0 0.55234375 0.2578125 0.0484375 0.05546875
0 0.47890625 0.25 0.0390625 0.053125
0 0.60078125 0.3125 0.1296875 0.075
0 0.43046875 0.546875 0.0578125 0.21875
0 0.16640625 0.45078125 0.0984375 0.0984375
0 0.19296875 0.73671875 0.19921875 0.2140625
0 0.38359375 0.71953125 0.10078125 0.103125
0 0.3203125 0.66953125 0.0765625 0.084375
0 0.25390625 0.978125 0.0890625 0.04375
0 0.36484375 0.965625 0.0984375 0.06875
0 0.421875 0.96171875 0.075 0.0765625
0 0.0328125 0.88046875 0.065625 0.1109375
0 0.30703125 0.5140625 0.0671875 0.0671875
0 0.39453125 0.4671875 0.0890625 0.08671875
0 0.43125 0.3828125 0.05625 0.065625
0 0.5640625 0.82734375 0.084375 0.084375
0 0.46875 0.50390625 0.01875 0.1078125
0 0.56953125 0.55078125 0.084375 0.05078125
0 0.6796875 0.5875 0.0625 0.07421875
0 0.821875 0.55546875 0.071875 0.084375
0 0.90078125 0.703125 0.08671875 0.10078125
0 0.90546875 0.7984375 0.09609375 0.09375
0 0.9 0.97890625 0.090625 0.0421875
0 0.97734375 0.88984375 0.0453125 0.0640625