0 0.3078125 0.33828125 0.071875 0.071875
0 0.471875 0.45390625 0.0984375 0.07421875
0 0.45390625 0.36875 0.06015625 0.0765625
0 0.484375 0.225 0.053125 0.0484375
0 0.70078125 0.17265625 0.02890625 0.0453125
0 0.05234375 0.0796875 0.05078125 0.0484375
0 0.446875 0.12109375 0.05078125 0.0578125
0 0.64140625 0.1109375 0.0578125 0.0578125
0 0.2859375 0.01640625 0.04375 0.0328125
0 0.8953125 0.05 0.03125 0.1
0 0.88828125 0.48203125 0.0171875 0.0546875
0 0.115625 0.5375 0.178125 0.05625
0 0.375 0.5234375 0.053125 0.028125
0 0.446875 0.6046875 0.103125 0.0984375
0 0.31015625 0.6078125 0.115625 0.1109375
0 0.0515625 0.7421875 0.103125 0.14375
0 0.50859375 0.721875 0.05078125 0.053125
0 0.4953125 0.78984375 0.0484375 0.04296875
0 0.50859375 0.8390625 0.03359375 0.0453125
0 0.55546875 0.8609375 0.05078125 0.06015625
0 0.7140625 0.80546875 0.02421875 0.0484375
0 0.8546875 0.73515625 0.0359375 0.03125
0 0.87421875 0.79453125 0.0109375 0.0515625
0 0.84609375 0.8703125 0.05546875 0.0484375
0 0.3953125 0.83671875 0.0484375 0.06015625
0 0.10234375 0.91484375 0.0671875 0.06484375
0 0.1609375 0.9515625 0.03125 0.05078125
0 0.05546875 0.96796875 0.0484375 0.0359375
0 0.346875 0.96484375 0.05 0.0703125
0 0.9375 0.5734375 0.08203125 0.09140625
0 0.9265625 0.68359375 0.06484375 0.0578125
0 0.9828125 0.7375 0.034375 0.09375
0 0.9796875 0.884375 0.040625 0.071875