0 0.23671875 0.3875 0.2203125 0.103125
0 0.54453125 0.378125 0.2109375 0.121875
0 0.5296875 0.0671875 0.09375 0.09375
0 0.33046875 0.13203125 0.1203125 0.10546875
0 0.37578125 0.0515625 0.084375 0.09609375
0 0.97578125 0.21640625 0.0484375 0.0609375
0 0.9765625 0.134375 0.046875 0.071875
0 0.8609375 0.15234375 0.0765625 0.0796875
0 0.8921875 0.2515625 0.103125 0.08671875
0 0.79921875 0.33828125 0.1296875 0.12734375
0 0.77265625 0.39375 0.03828125 0.03359375
0 0.9796875 0.38828125 0.040625 0.0609375
0 0.98515625 0.284375 0.0296875 0.053125
0 0.4828125 0.53125 0.3125 0.184375
0 0.23671875 0.5859375 0.3390625 0.29375
0 0.153125 0.5890625 0.115625 0.1296875
0 0.1859375 0.4515625 0.06875 0.025
0 0.0625 0.5328125 0.125 0.1375
0 0.10625 0.703125 0.08671875 0.08671875
0 0.48359375 0.70625 0.071875 0.071875
0 0.4421875 0.7640625 0.11328125 0.1078125
0 0.60859375 0.75 0.0828125 0.125
0 0.54921875 0.8546875 0.11796875 0.11796875
0 0.478125 0.8359375 0.10546875 0.09375
0 0.61484375 0.93125 0.0703125 0.1375
0 0.5359375 0.95859375 0.125 0.0828125
0 0.1421875 0.8953125 0.08203125 0.0796875
0 0.1515625 0.9484375 0.08203125 0.08203125
0 0.071875 0.9140625 0.0625 0.0578125
0 0.2046875 0.96796875 0.075 0.0640625
0 0.32109375 0.9859375 0.1328125 0.028125