0 0.3984375 0.28671875 0.071875 0.071875
0 0.234375 0.17109375 0.0984375 0.07421875
0 0.25234375 0.25625 0.06015625 0.0765625
0 0.221875 0.4 0.053125 0.0484375
0 0.009375 0.45234375 0.01875 0.0453125
0 0.259375 0.50390625 0.05078125 0.0578125
0 0.06484375 0.5140625 0.0578125 0.0578125
0 0.41953125 0.62109375 0.04296875 0.0578125
0 0.91015625 0.05 0.1796875 0.1
0 0.7578125 0.16015625 0.09375 0.09609375
0 0.8703125 0.1484375 0.0796875 0.0765625
0 0.87578125 0.2890625 0.09609375 0.1109375
0 0.80546875 0.37421875 0.05546875 0.053125
0 0.909375 0.47421875 0.06484375 0.06484375
0 0.85390625 0.5109375 0.08671875 0.09140625
0 0.88984375 0.59140625 0.125 0.11796875
0 0.715625 0.56796875 0.08203125 0.0796875
0 0.153125 0.82890625 0.08671875 0.07421875
0 0.12421875 0.91328125 0.09140625 0.08671875
0 0.2015625 0.9375 0.071875 0.0625
0 0.21328125 0.98984375 0.0921875 0.0203125
0 0.41171875 0.978125 0.0796875 0.04375
0 0.28515625 0.8890625 0.09140625 0.08671875
0 0.378125 0.76328125 0.06484375 0.0625
0 0.26171875 0.7359375 0.0796875 0.071875
0 0.85546875 0.92578125 0.1859375 0.1484375
0 0.96484375 0.89296875 0.0703125 0.1734375
0 0.9390625 0.7890625 0.0890625 0.07421875
0 0.6640625 0.7078125 0.071875 0.015625
0 0.73125 0.92734375 0.05078125 0.05546875
0 0.70625 0.98203125 0.040625 0.0359375