0 0.2234375 0.50234375 0.0578125 0.053125
0 0.28359375 0.334375 0.06484375 0.0578125
0 0.11171875 0.35859375 0.03828125 0.06015625
0 0.1703125 0.1421875 0.0453125 0.071875
0 0.925 0.02578125 0.103125 0.0515625
0 0.784375 0.0109375 0.0625 0.021875
0 0.6171875 0.1171875 0.06953125 0.0765625
0 0.5703125 0.13046875 0.05546875 0.05546875
0 0.50625 0.1703125 0.084375 0.08671875
0 0.96640625 0.60703125 0.0671875 0.0703125
0 0.8359375 0.3109375 0.0765625 0.08203125
0 0.4859375 0.428125 0.053125 0.084375
0 0.4828125 0.265625 0.046875 0.071875
0 0.828125 0.19375 0.06953125 0.06953125
0 0.76953125 0.196875 0.0578125 0.0578125
0 0.98125 0.2296875 0.0375 0.05
0 0.29296875 0.73984375 0.2890625 0.1609375
0 0.17265625 0.9421875 0.1515625 0.115625
0 0.41015625 0.98359375 0.0984375 0.0328125
0 0.02421875 0.915625 0.0484375 0.096875
0 0.440625 0.7953125 0.0375 0.175
0 0.55390625 0.90625 0.1890625 0.1875
0 0.75625 0.890625 0.2015625 0.2015625
0 0.8265625 0.75859375 0.1421875 0.1421875
0 0.97578125 0.74921875 0.0484375 0.0984375