0 0.19296875 0.38671875 0.06953125 0.06953125
0 0.3109375 0.25625 0.0765625 0.07421875
0 0.15 0.21328125 0.05546875 0.0671875
0 0.28671875 0.03984375 0.0671875 0.0796875
0 0.7578125 0.4484375 0.06953125 0.07421875
0 0.878125 0.06171875 0.06484375 0.053125
0 0.60078125 0.44765625 0.0421875 0.0828125
0 0.3875 0.7625 0.384375 0.475
0 0.165625 0.54921875 0.2625 0.0984375
0 0.03984375 0.97421875 0.0796875 0.0515625
0 0.09296875 0.9734375 0.06484375 0.0484375
0 0.13984375 0.89375 0.05546875 0.05078125
0 0.1671875 0.86015625 0.0578125 0.05546875
0 0.1046875 0.84921875 0.0578125 0.06484375
0 0.1359375 0.7015625 0.0796875 0.0625
0 0.88984375 0.50546875 0.0578125 0.0109375
0 0.971875 0.540625 0.05546875 0.053125
0 0.98359375 0.615625 0.0328125 0.053125
0 0.85078125 0.61875 0.0890625 0.09375
0 0.9640625 0.98515625 0.071875 0.0296875
0 0.91640625 0.859375 0.146875 0.1515625
0 0.88203125 0.75546875 0.084375 0.0765625
0 0.6375 0.8359375 0.0578125 0.06015625
0 0.69296875 0.609375 0.06953125 0.0796875
0 0.6265625 0.571875 0.0671875 0.0671875
0 0.60078125 0.984375 0.0421875 0.03125