0 0.33046875 0.1484375 0.1390625 0.23125
0 0.00625 0.31796875 0.0125 0.0578125
0 0.6796875 0.2171875 0.13671875 0.13203125
0 0.8421875 0.31171875 0.15859375 0.15390625
0 0.7828125 0.034375 0.2125 0.06875
0 0.67890625 0.3921875 0.1328125 0.075
0 0.65 0.42109375 0.09375 0.0171875
0 0.290625 0.590625 0.11796875 0.1390625
0 0.028125 0.87734375 0.05625 0.1109375
0 0.125 0.803125 0.09609375 0.09609375
0 0.28984375 0.92109375 0.1203125 0.134375
0 0.08515625 0.584375 0.09609375 0.0984375
0 0.1609375 0.62890625 0.08671875 0.1203125
0 0.02890625 0.4625 0.0578125 0.065625
0 0.196875 0.465625 0.0578125 0.0578125
0 0.2234375 0.50859375 0.0578125 0.08203125
0 0.83515625 0.97265625 0.0859375 0.0546875
0 0.9796875 0.98125 0.040625 0.0375
0 0.9796875 0.778125 0.040625 0.06875
0 0.96171875 0.6796875 0.0765625 0.103125
0 0.83125 0.725 0.08671875 0.0484375
0 0.71796875 0.759375 0.06484375 0.06953125
0 0.57265625 0.728125 0.07421875 0.08203125
0 0.490625 0.8703125 0.0890625 0.09609375
0 0.48359375 0.95703125 0.0984375 0.0859375
0 0.6640625 0.46875 0.07421875 0.06953125