0 0.209375 0.253125 0.41875 0.453125
0 0.21171875 0.190625 0.11328125 0.11328125
0 0.39140625 0.2109375 0.0546875 0.08125
0 0.34296875 0.1109375 0.12265625 0.125
0 0.134375 0.05390625 0.26875 0.1078125
0 0.1234375 0.1375 0.084375 0.084375
0 0.07734375 0.11796875 0.0671875 0.0671875
0 0.565625 0.359375 0.15390625 0.16796875
0 0.93359375 0.4546875 0.0890625 0.05
0 0.94453125 0.3359375 0.1109375 0.121875
0 0.80625 0.2421875 0.06484375 0.06484375
0 0.83515625 0.08125 0.09375 0.103125
0 0.9578125 0.121875 0.084375 0.090625
0 0.7078125 0.03046875 0.075 0.0609375
0 0.3828125 0.87890625 0.071875 0.1765625
0 0.11328125 0.9421875 0.0796875 0.07421875
0 0.1703125 0.92265625 0.08671875 0.084375
0 0.27734375 0.8328125 0.071875 0.0671875
0 0.24375 0.8078125 0.05546875 0.0578125
0 0.15703125 0.79765625 0.06015625 0.0578125
0 0.02734375 0.740625 0.0453125 0.053125
0 0.075 0.73515625 0.06484375 0.0671875
0 0.11328125 0.7328125 0.07421875 0.071875
0 0.353125 0.64375 0.05078125 0.05078125
0 0.3375 0.5171875 0.084375 0.075
0 0.0515625 0.49296875 0.103125 0.0265625
0 0.15234375 0.50546875 0.0671875 0.0515625
0 0.30625 0.7328125 0.1515625 0.146875
0 0.2 0.60703125 0.21875 0.22109375
0 0.79296875 0.50546875 0.0796875 0.0515625
0 0.65703125 0.75625 0.0578125 0.06015625
0 0.7421875 0.6296875 0.06953125 0.0484375
0 0.74453125 0.75703125 0.040625 0.05078125
0 0.62109375 0.89296875 0.0578125 0.0578125
0 0.45 0.8953125 0.06015625 0.03359375
0 0.5453125 0.853125 0.05078125 0.053125
0 0.434375 0.984375 0.03125 0.03125
0 0.79921875 0.978125 0.0671875 0.04375
0 0.990625 0.80859375 0.01875 0.0453125
0 0.97734375 0.9921875 0.0328125 0.015625
0 0.540625 0.9890625 0.0625 0.021875
0 0.87109375 0.85703125 0.0578125 0.05078125
0 0.584375 0.53984375 0.0890625 0.084375
0 0.821875 0.68828125 0.05078125 0.03828125
0 0.80234375 0.734375 0.0484375 0.03359375