0 0.31484375 0.20703125 0.5296875 0.4140625
0 0.17265625 0.32109375 0.0625 0.0796875
0 0.12734375 0.2625 0.0625 0.08671875
0 0.26875 0.159375 0.0625 0.06953125
0 0.55078125 0.309375 0.0578125 0.0875
0 0.33515625 0.52890625 0.1203125 0.125
0 0.5453125 0.4109375 0.06875 0.059375
0 0.5296875 0.45859375 0.05078125 0.05546875
0 0.7765625 0.2203125 0.13671875 0.13203125
0 0.6359375 0.125 0.1125 0.153125
0 0.67890625 0.46953125 0.1984375 0.2046875
0 0.77578125 0.040625 0.1328125 0.08125
0 0.8046875 0.0125 0.09375 0.025
0 0.33828125 0.9609375 0.2359375 0.078125
0 0.30625 0.921875 0.08671875 0.09140625
0 0.0734375 0.696875 0.10078125 0.084375
0 0.490625 0.62734375 0.1625 0.0359375
0 0.534375 0.81875 0.090625 0.090625
0 0.4171875 0.83984375 0.07421875 0.0796875
0 0.48984375 0.9734375 0.0890625 0.053125
0 0.04609375 0.965625 0.0890625 0.06875
0 0.78046875 0.87421875 0.08203125 0.08203125
0 0.69296875 0.8265625 0.0765625 0.08203125
0 0.634375 0.73828125 0.109375 0.1515625
0 0.61640625 0.63125 0.0734375 0.04375
0 0.9390625 0.803125 0.09140625 0.09375
0 0.91015625 0.7296875 0.1078125 0.11328125