0 0.11484375 0.13671875 0.2296875 0.2734375
0 0.2046875 0.01484375 0.05 0.0296875
0 0.13203125 0.3734375 0.1265625 0.090625
0 0.89453125 0.39140625 0.0546875 0.0546875
0 0.8125 0.196875 0.0796875 0.09375
0 0.775 0.13671875 0.08671875 0.0796875
0 0.98828125 0.1828125 0.0234375 0.05625
0 0.99140625 0.10078125 0.0171875 0.0546875
0 0.540625 0.19921875 0.0625 0.05546875
0 0.346875 0.39609375 0.0625 0.0453125
0 0.18984375 0.65859375 0.071875 0.0765625
0 0.1609375 0.58515625 0.071875 0.06953125
0 0.21796875 0.53828125 0.0234375 0.1078125
0 0.2109375 0.87421875 0.0375 0.0421875
0 0.5078125 0.46484375 0.1875 0.0921875
0 0.27109375 0.4796875 0.0828125 0.121875
0 0.803125 0.82421875 0.084375 0.084375
0 0.6640625 0.7140625 0.08671875 0.08671875
0 0.715625 0.5578125 0.10078125 0.10078125
0 0.83359375 0.46640625 0.1390625 0.0953125
0 0.95546875 0.6140625 0.071875 0.071875
0 0.4859375 0.640625 0.0765625 0.0765625