0 0.39375 0.05625 0.090625 0.1
0 0.4296875 0.259375 0.01875 0.19375
0 0.17109375 0.1484375 0.178125 0.178125
0 0.04765625 0.14765625 0.0953125 0.1234375
0 0.3015625 0.0140625 0.0875 0.028125
0 0.70078125 0.2203125 0.5234375 0.31875
0 0.13046875 0.69296875 0.2609375 0.2671875
0 0.2359375 0.88203125 0.15859375 0.15859375
0 0.0828125 0.4703125 0.13671875 0.1421875
0 0.278125 0.47734375 0.2125 0.1953125
0 0.40546875 0.434375 0.0671875 0.109375
0 0.02109375 0.96953125 0.0421875 0.0609375
0 0.97734375 0.49140625 0.0453125 0.1171875
0 0.8390625 0.63828125 0.12734375 0.12734375
0 0.96015625 0.78671875 0.0796875 0.1796875
0 0.9484375 0.921875 0.103125 0.134375
0 0.93515625 0.85390625 0.0625 0.0625
0 0.646875 0.734375 0.0890625 0.0890625
0 0.4703125 0.4078125 0.0625 0.05625
0 0.55546875 0.6984375 0.115625 0.11796875
0 0.4875 0.61953125 0.09375 0.09609375
0 0.48828125 0.83125 0.0984375 0.10625
0 0.4625 0.75546875 0.046875 0.0671875