0 0.08359375 0.06875 0.1671875 0.1375
0 0.21484375 0.0546875 0.1234375 0.109375
0 0.46015625 0.01796875 0.1015625 0.0359375
0 0.40859375 0.06875 0.10546875 0.10546875
0 0.30234375 0.1203125 0.134375 0.134375
0 0.24609375 0.3703125 0.1609375 0.078125
0 0.49140625 0.28515625 0.0953125 0.1390625
0 0.50234375 0.2109375 0.0734375 0.1
0 0.2953125 0.25234375 0.125 0.125
0 0.87890625 0.121875 0.2421875 0.24375
0 0.56484375 0.053125 0.0515625 0.10625
0 0.69296875 0.21171875 0.040625 0.06953125
0 0.73984375 0.1890625 0.03359375 0.06484375
0 0.6125 0.22421875 0.04296875 0.0484375
0 0.41015625 0.9796875 0.1015625 0.040625
0 0.33125 0.9171875 0.0796875 0.06953125
0 0.19921875 0.8125 0.103125 0.1296875
0 0.14296875 0.7078125 0.1109375 0.1078125
0 0.43984375 0.425 0.1109375 0.03125
0 0.3265625 0.4953125 0.08203125 0.09609375
0 0.25703125 0.42578125 0.0578125 0.0328125
0 0.1703125 0.44453125 0.0625 0.0578125
0 0.08125 0.51640625 0.071875 0.09140625
0 0.08046875 0.88828125 0.06953125 0.0671875
0 0.5140625 0.946875 0.040625 0.0484375
0 0.66484375 0.4390625 0.0921875 0.059375
0 0.8546875 0.49296875 0.053125 0.05546875
0 0.8328125 0.72734375 0.0765625 0.0796875
0 0.90234375 0.678125 0.1203125 0.125
0 0.6078125 0.84140625 0.07421875 0.0765625
0 0.66796875 0.84765625 0.0671875 0.06484375
0 0.7359375 0.95703125 0.121875 0.0859375
0 0.56171875 0.72265625 0.0453125 0.0578125
0 0.63671875 0.9484375 0.05546875 0.05546875
0 0.7015625 0.60703125 0.13671875 0.14921875