0 0.48203125 0.35078125 0.13203125 0.1296875
0 0.20078125 0.37109375 0.1078125 0.1078125
0 0.27890625 0.29296875 0.115625 0.11328125
0 0.4078125 0.2578125 0.146875 0.1421875
0 0.2203125 0.05625 0.15 0.1125
0 0.1984375 0.1171875 0.1078125 0.1078125
0 0.04609375 0.121875 0.0921875 0.115625
0 0.03515625 0.225 0.0703125 0.184375
0 0.44921875 0.1171875 0.134375 0.13203125
0 0.73125 0.10859375 0.2875 0.2171875
0 0.859375 0.11328125 0.084375 0.08671875
0 0.95546875 0.1203125 0.08671875 0.08671875
0 0.7484375 0.38671875 0.0796875 0.084375
0 0.78203125 0.33203125 0.1109375 0.11328125
0 0.74765625 0.25234375 0.0796875 0.07421875
0 0.82421875 0.20546875 0.0984375 0.115625
0 0.87890625 0.4125 0.1484375 0.034375
0 0.86875 0.3015625 0.05078125 0.06484375
0 0.90703125 0.28515625 0.06484375 0.06953125
0 0.59609375 0.24609375 0.06484375 0.06953125
0 0.55859375 0.2734375 0.0171875 0.065625
0 0.84921875 0.0078125 0.0578125 0.015625
0 0.590625 0.0390625 0.08125 0.078125
0 0.021875 0.45703125 0.04375 0.0453125
0 0.34609375 0.85390625 0.11796875 0.12265625
0 0.21953125 0.78125 0.07421875 0.06953125
0 0.140625 0.68203125 0.0484375 0.05546875
0 0.07109375 0.7078125 0.0453125 0.04296875
0 0.3546875 0.66875 0.0453125 0.06015625
0 0.31015625 0.6078125 0.05078125 0.0484375
0 0.4328125 0.7 0.08671875 0.0796875
0 0.08984375 0.52578125 0.103125 0.08671875
0 0.0265625 0.540625 0.03828125 0.0484375
0 0.3734375 0.44453125 0.040625 0.0296875
0 0.52265625 0.48515625 0.05078125 0.053125
0 0.50859375 0.58359375 0.06953125 0.0671875
0 0.10078125 0.81796875 0.0453125 0.053125