0 0.03828125 0.31796875 0.0765625 0.0890625
0 0.30390625 0.41328125 0.0765625 0.0671875
0 0.20546875 0.1875 0.11796875 0.13203125
0 0.1078125 0.09140625 0.0890625 0.08203125
0 0.09765625 0.0125 0.0984375 0.025
0 0.18515625 0.3953125 0.0578125 0.06484375
0 0.55703125 0.05 0.1046875 0.1
0 0.5578125 0.1640625 0.06015625 0.06953125
0 0.484375 0.23984375 0.040625 0.0453125
0 0.409375 0.34140625 0.01875 0.0484375
0 0.415625 0.40390625 0.03125 0.0671875
0 0.428125 0.43828125 0.05625 0.0234375
0 0.7 0.33671875 0.6 0.2265625
0 0.909375 0.3203125 0.06484375 0.0796875
0 0.9296875 0.05625 0.08671875 0.09609375
0 0.971875 0.16953125 0.05625 0.0671875
0 0.7609375 0.02265625 0.05 0.0453125
0 0.81796875 0.1171875 0.02890625 0.040625
0 0.04921875 0.975 0.0984375 0.05
0 0.03515625 0.75546875 0.0703125 0.1203125
0 0.18515625 0.8578125 0.19453125 0.178125
0 0.33828125 0.78203125 0.05078125 0.06484375
0 0.20234375 0.60859375 0.0890625 0.0984375
0 0.27109375 0.62890625 0.0890625 0.1109375
0 0.025 0.51015625 0.05 0.0984375
0 0.03359375 0.57578125 0.0671875 0.0734375
0 0.246875 0.48203125 0.0625 0.0640625
0 0.309375 0.47109375 0.0625 0.0421875
0 0.5765625 0.8875 0.2140625 0.209375
0 0.696875 0.66484375 0.09140625 0.0796875
0 0.67421875 0.7296875 0.07421875 0.09140625
0 0.90625 0.46796875 0.075 0.0359375
0 0.79296875 0.51796875 0.07421875 0.071875
0 0.90625 0.6359375 0.0765625 0.08203125
0 0.5609375 0.50859375 0.0578125 0.0625
0 0.68359375 0.53515625 0.06484375 0.0578125
0 0.6875 0.4734375 0.071875 0.046875
0 0.5796875 0.47109375 0.13125 0.0421875
0 0.9734375 0.759375 0.053125 0.06875