0 0.25625 0.47265625 0.046875 0.0578125
0 0.02734375 0.40625 0.0546875 0.09375
0 0.234375 0.3203125 0.06953125 0.071875
0 0.23046875 0.03984375 0.071875 0.0796875
0 0.13671875 0.09296875 0.115625 0.1296875
0 0.053125 0.11484375 0.0671875 0.0796875
0 0.821875 0.134375 0.13671875 0.13671875
0 0.93671875 0.19609375 0.1265625 0.1859375
0 0.75390625 0.25703125 0.1078125 0.10078125
0 0.70234375 0.321875 0.09609375 0.09140625
0 0.6609375 0.33359375 0.0625 0.0625
0 0.52421875 0.5328125 0.3703125 0.053125
0 0.325 0.196875 0.090625 0.13125
0 0.3046875 0.11171875 0.05 0.1234375
0 0.4234375 0.415625 0.06953125 0.09140625
0 0.20625 0.94921875 0.146875 0.1015625
0 0.19375 0.9046875 0.071875 0.06953125
0 0.15078125 0.92421875 0.04296875 0.0453125
0 0.23359375 0.8640625 0.06015625 0.05546875
0 0.25078125 0.74921875 0.0578125 0.0890625
0 0.04375 0.8359375 0.0875 0.125
0 0.1671875 0.8265625 0.06484375 0.06953125
0 0.11796875 0.63671875 0.1515625 0.15390625
0 0.12890625 0.590625 0.2078125 0.0625
0 0.040625 0.7515625 0.08125 0.090625
0 0.02421875 0.68046875 0.0484375 0.0984375
0 0.5671875 0.67265625 0.146875 0.146875
0 0.5953125 0.8109375 0.10078125 0.09609375
0 0.7125 0.9296875 0.0984375 0.09140625
0 0.74140625 0.68203125 0.09609375 0.0890625
0 0.8390625 0.7390625 0.103125 0.1078125
0 0.35 0.95390625 0.09375 0.08203125
0 0.43671875 0.6109375 0.06953125 0.06015625
0 0.44609375 0.70234375 0.0578125 0.05546875