0 0.01953125 0.42734375 0.0390625 0.0640625
0 0.21875 0.35625 0.06953125 0.071875
0 0.3140625 0.334375 0.0796875 0.071875
0 0.39296875 0.37109375 0.0328125 0.0921875
0 0.3765625 0.10390625 0.065625 0.1015625
0 0.3375 0.15546875 0.06953125 0.071875
0 0.21484375 0.07578125 0.071875 0.0796875
0 0.12109375 0.12890625 0.115625 0.1296875
0 0.0375 0.15078125 0.0671875 0.0796875
0 0.4875 0.421875 0.14375 0.075
0 0.95 0.0953125 0.08671875 0.0890625
0 0.5703125 0.31640625 0.0765625 0.0671875
0 0.121875 0.91875 0.2375 0.1625
0 0.259375 0.61875 0.25 0.2359375
0 0.0796875 0.50078125 0.09375 0.0828125
0 0.3859375 0.81171875 0.046875 0.1171875
0 0.39765625 0.6921875 0.0234375 0.06875
0 0.7703125 0.52890625 0.1203125 0.11328125
0 0.546875 0.51171875 0.0875 0.1046875