0 0.15 0.0546875 0.18125 0.109375
0 0.1671875 0.19296875 0.1609375 0.165625
0 0.4640625 0.27578125 0.071875 0.0484375
0 0.45234375 0.21328125 0.05078125 0.05078125
0 0.48828125 0.17265625 0.0234375 0.0703125
0 0.92421875 0.09921875 0.1515625 0.1609375
0 0.88828125 0.19296875 0.12734375 0.12734375
0 0.58046875 0.27890625 0.1609375 0.0421875
0 0.79609375 0.18515625 0.1296875 0.1296875
0 0.98359375 0.15703125 0.0328125 0.0609375
0 0.26953125 0.8125 0.06484375 0.07421875
0 0.20078125 0.71171875 0.09140625 0.10078125
0 0.32265625 0.40390625 0.0890625 0.09375
0 0.36953125 0.3375 0.1046875 0.075
0 0.24609375 0.3328125 0.0671875 0.065625
0 0.2890625 0.30859375 0.06875 0.0171875
0 0.05390625 0.51953125 0.1078125 0.2015625
0 0.0671875 0.71875 0.11328125 0.1390625
0 0.3609375 0.61171875 0.09140625 0.12265625
0 0.41015625 0.55546875 0.09375 0.11328125
0 0.1234375 0.9921875 0.071875 0.015625
0 0.4078125 0.98515625 0.065625 0.0296875
0 0.32109375 0.88125 0.03828125 0.04296875
0 0.303125 0.91015625 0.02890625 0.03828125
0 0.1796875 0.89296875 0.05546875 0.0484375
0 0.109375 0.82734375 0.05078125 0.053125
0 0.04609375 0.9328125 0.04296875 0.04296875
0 0.46640625 0.809375 0.0671875 0.065625
0 0.54921875 0.32578125 0.0734375 0.0515625
0 0.82890625 0.625 0.14453125 0.1390625
0 0.64140625 0.540625 0.1078125 0.1109375
0 0.64453125 0.928125 0.1796875 0.14375
0 0.5484375 0.975 0.096875 0.05
0 0.7375 0.9609375 0.0671875 0.06484375
0 0.7671875 0.98125 0.075 0.0375