0 0.17734375 0.4234375 0.2171875 0.190625
0 0.35546875 0.42109375 0.0671875 0.0984375
0 0.040625 0.31015625 0.08125 0.1359375
0 0.04375 0.16171875 0.0875 0.1609375
0 0.17421875 0.0296875 0.0796875 0.059375
0 0.29375 0.0765625 0.06953125 0.0578125
0 0.28046875 0.14140625 0.0484375 0.0484375
0 0.3359375 0.1796875 0.06015625 0.0671875
0 0.590625 0.12578125 0.0796875 0.0796875
0 0.8515625 0.48046875 0.125 0.0765625
0 0.45859375 0.5078125 0.1046875 0.021875
0 0.82578125 0.0984375 0.0625 0.06015625
0 0.740625 0.0921875 0.06484375 0.053125
0 0.96640625 0.03984375 0.0671875 0.0734375
0 0.51015625 0.196875 0.0453125 0.040625
0 0.54609375 0.2375 0.05078125 0.05546875
0 0.57578125 0.3734375 0.05078125 0.0625
0 0.3390625 0.5703125 0.09375 0.10078125
0 0.15859375 0.74453125 0.1078125 0.115625
0 0.078125 0.88984375 0.07421875 0.0765625
0 0.09609375 0.965625 0.1109375 0.06875
0 0.00859375 0.9359375 0.0171875 0.090625
0 0.30859375 0.75625 0.1609375 0.23125
0 0.96171875 0.9046875 0.0765625 0.115625
0 0.92578125 0.8578125 0.0765625 0.0765625
0 0.78359375 0.8375 0.1828125 0.21171875
0 0.6 0.89375 0.0671875 0.071875
0 0.51484375 0.83125 0.07421875 0.06953125
0 0.52890625 0.771875 0.05546875 0.05546875
0 0.4578125 0.6046875 0.1375 0.171875
0 0.696875 0.63046875 0.05078125 0.06953125
0 0.78515625 0.60546875 0.08671875 0.1078125
0 0.40703125 0.9375 0.0359375 0.05625
0 0.41171875 0.990625 0.0421875 0.01875
0 0.97109375 0.75234375 0.0578125 0.0609375
0 0.921875 0.715625 0.0484375 0.0453125
0 0.921875 0.65703125 0.0453125 0.0484375
0 0.96796875 0.634375 0.04296875 0.040625