0 0.36640625 0.50234375 0.2453125 0.0734375
0 0.503125 0.44453125 0.053125 0.1609375
0 0.49921875 0.26953125 0.0609375 0.1890625
0 0.371875 0.10546875 0.0890625 0.0890625
0 0.2359375 0.1703125 0.0796875 0.0671875
0 0.25 0.246875 0.05546875 0.05546875
0 0.1890625 0.29140625 0.06953125 0.0796875
0 0.06875 0.38046875 0.084375 0.0796875
0 0.03125 0.06640625 0.0625 0.0796875
0 0.6125 0.17421875 0.165625 0.3328125
0 0.9265625 0.13515625 0.11328125 0.11796875
0 0.7640625 0.30546875 0.04296875 0.07421875
0 0.715625 0.2828125 0.03359375 0.06953125
0 0.84921875 0.31875 0.0453125 0.053125
0 0.259375 0.58984375 0.0796875 0.07421875
0 0.3921875 0.72109375 0.20703125 0.26953125
0 0.33125 0.83125 0.0578125 0.06015625
0 0.49453125 0.98515625 0.0578125 0.0296875
0 0.03828125 0.93125 0.0765625 0.0625
0 0.18359375 0.89375 0.06484375 0.071875
0 0.65078125 0.65625 0.0890625 0.09140625
0 0.55390625 0.63125 0.0484375 0.071875
0 0.546875 0.771875 0.034375 0.10625
0 0.58203125 0.865625 0.053125 0.05078125
0 0.5453125 0.97578125 0.03125 0.0484375
0 0.928125 0.78359375 0.08671875 0.084375