0 0.1046875 0.2953125 0.209375 0.31875
0 0.0796875 0.41171875 0.09609375 0.10078125
0 0.24296875 0.2359375 0.21640625 0.2140625
0 0.3125 0.253125 0.1109375 0.10546875
0 0.38984375 0.159375 0.1203125 0.196875
0 0.2421875 0.0796875 0.2625 0.159375
0 0.05 0.5703125 0.1 0.359375
0 0.1171875 0.7234375 0.0875 0.053125
0 0.30234375 0.69140625 0.1890625 0.1171875
0 0.4046875 0.65078125 0.090625 0.1328125
0 0.39453125 0.384375 0.1109375 0.128125
0 0.2875 0.39921875 0.13203125 0.13671875
0 0.42734375 0.2984375 0.0453125 0.103125
0 0.86796875 0.13984375 0.0890625 0.0984375
0 0.890625 0.23125 0.06484375 0.0578125
0 0.965625 0.36640625 0.06875 0.0640625
0 0.9609375 0.59765625 0.07421875 0.08671875
0 0.84375 0.64375 0.09375 0.12734375
0 0.72421875 0.28515625 0.1078125 0.13203125
0 0.8078125 0.26875 0.06015625 0.07421875
0 0.7453125 0.41015625 0.14453125 0.165625
0 0.47890625 0.1828125 0.0578125 0.0625
0 0.5546875 0.55703125 0.0625 0.0578125
0 0.63359375 0.53125 0.0578125 0.07421875
0 0.52578125 0.6171875 0.06953125 0.06953125
0 0.71875 0.61796875 0.06953125 0.0671875
0 0.62421875 0.021875 0.0671875 0.04375
0 0.53125 0.03984375 0.0578125 0.071875
0 0.3828125 0.76015625 0.0875 0.0203125
0 0.428125 0.79453125 0.04375 0.0859375
0 0.04921875 0.8953125 0.08203125 0.08671875
0 0.12421875 0.8796875 0.0578125 0.071875
0 0.71015625 0.95625 0.0671875 0.07421875