0 0.36640625 0.0453125 0.1609375 0.090625
0 0.4421875 0.2203125 0.034375 0.09375
0 0.41875 0.3984375 0.08125 0.103125
0 0.3125 0.38828125 0.175 0.1234375
0 0.33515625 0.28203125 0.103125 0.0984375
0 0.2640625 0.29140625 0.08671875 0.084375
0 0.2796875 0.18828125 0.07421875 0.07421875
0 0.2125 0.21328125 0.0671875 0.0671875
0 0.046875 0.0296875 0.09375 0.059375
0 0.18125 0.04375 0.08671875 0.08671875
0 0.52734375 0.13359375 0.103125 0.1078125
0 0.6078125 0.15234375 0.084375 0.08203125
0 0.50390625 0.06953125 0.08671875 0.084375
0 0.54453125 0.015625 0.1203125 0.03125
0 0.6578125 0.03671875 0.09375 0.0734375
0 0.9625 0.109375 0.075 0.21875
0 0.41015625 0.6609375 0.0984375 0.125
0 0.23203125 0.6296875 0.040625 0.05546875
0 0.27890625 0.60546875 0.053125 0.06484375
0 0.025 0.503125 0.05 0.053125
0 0.04453125 0.9375 0.05546875 0.0453125
0 0.046875 0.84375 0.0625 0.0765625
0 0.6265625 0.8140625 0.13671875 0.14921875
0 0.54375 0.4625 0.103125 0.025
0 0.93671875 0.56953125 0.1265625 0.1296875
0 0.9828125 0.85234375 0.034375 0.0890625
0 0.72265625 0.9234375 0.06953125 0.0671875
0 0.72734375 0.82109375 0.06953125 0.07421875