0 0.1125 0.3828125 0.06484375 0.07421875
0 0.08671875 0.1015625 0.12734375 0.13203125
0 0.34296875 0.00859375 0.0546875 0.0171875
0 0.428125 0.396875 0.11796875 0.1078125
0 0.4390625 0.48515625 0.175 0.1296875
0 0.39296875 0.28203125 0.08671875 0.07421875
0 0.28125 0.17265625 0.071875 0.06953125
0 0.009375 0.06796875 0.01875 0.0609375
0 0.9 0.27421875 0.2 0.2640625
0 0.8 0.31796875 0.0578125 0.071875
0 0.9734375 0.34453125 0.053125 0.1421875
0 0.88671875 0.46875 0.1890625 0.1625
0 0.70859375 0.28203125 0.1390625 0.2140625
0 0.2859375 0.6796875 0.06484375 0.0765625
0 0.35234375 0.75625 0.10546875 0.09609375
0 0.43671875 0.73359375 0.08671875 0.09375
0 0.53203125 0.95546875 0.0890625 0.0890625
0 0.62421875 0.9828125 0.0296875 0.034375
0 0.88125 0.59375 0.115625 0.0875
0 0.72578125 0.77890625 0.1078125 0.1109375
0 0.83984375 0.99140625 0.0765625 0.0171875
0 0.796875 0.88359375 0.0796875 0.084375