0 0.58125 0.08359375 0.075 0.1046875
0 0.478125 0.1765625 0.053125 0.06953125
0 0.3453125 0.23828125 0.0625 0.06953125
0 0.24609375 0.1765625 0.07421875 0.0796875
0 0.10625 0.034375 0.075 0.06875
0 0.025 0.0765625 0.05 0.153125
0 0.084375 0.19375 0.08671875 0.0796875
0 0.0234375 0.22421875 0.046875 0.0671875
0 0.08203125 0.3171875 0.0625 0.06015625
0 0.015625 0.33046875 0.03125 0.0578125
0 0.68984375 0.12578125 0.05078125 0.0671875
0 0.840625 0.13515625 0.071875 0.06015625
0 0.86328125 0.328125 0.103125 0.0671875
0 0.64453125 0.371875 0.0265625 0.034375
0 0.76953125 0.23515625 0.03828125 0.02890625
0 0.2109375 0.90859375 0.0796875 0.06484375
0 0.11484375 0.40703125 0.0390625 0.0359375
0 0.20546875 0.41875 0.0671875 0.05078125
0 0.19765625 0.39453125 0.0359375 0.0109375
0 0.3484375 0.4546875 0.0453125 0.0359375
0 0.5640625 0.4125 0.075 0.046875
0 0.60625 0.409375 0.025 0.040625
0 0.5640625 0.590625 0.10078125 0.103125
0 0.484375 0.62265625 0.14453125 0.240625
0 0.19140625 0.6203125 0.334375 0.3296875
0 0.45234375 0.875 0.06015625 0.0765625
0 0.5546875 0.82265625 0.06015625 0.0765625
0 0.94140625 0.80078125 0.1171875 0.2234375
0 0.8546875 0.78125 0.0984375 0.103125
0 0.66796875 0.94921875 0.0984375 0.1015625
0 0.69375 0.7421875 0.14453125 0.14453125
0 0.721875 0.65546875 0.1421875 0.125
0 0.84140625 0.5484375 0.06953125 0.0765625
0 0.67265625 0.5390625 0.08203125 0.084375
0 0.734375 0.92734375 0.09140625 0.0984375
0 0.79453125 0.90390625 0.0765625 0.08671875
0 0.96796875 0.98203125 0.0640625 0.0359375