0 0.1765625 0.61015625 0.08125 0.0578125
0 0.43671875 0.35078125 0.0265625 0.0765625
0 0.41796875 0.11015625 0.0640625 0.0796875
0 0.43984375 0.1125 0.0203125 0.103125
0 0.4140625 0.5640625 0.0578125 0.06015625
0 0.14453125 0.41875 0.0796875 0.0765625
0 0.0140625 0.37109375 0.028125 0.0703125
0 0.04140625 0.20234375 0.06953125 0.06953125
0 0.16484375 0.19453125 0.07421875 0.0765625
0 0.35859375 0.32421875 0.06953125 0.071875
0 0.309375 0.24375 0.05546875 0.053125
0 0.32109375 0.21484375 0.06015625 0.06015625
0 0.284375 0.025 0.075 0.05
0 0.2921875 0.0921875 0.06015625 0.0625
0 0.06328125 0.51875 0.0625 0.0625
0 0.1078125 0.55 0.040625 0.04296875
0 0.12578125 0.61796875 0.1921875 0.0421875
0 0.29765625 0.3875 0.07421875 0.071875
0 0.1640625 0.30625 0.0578125 0.06015625
0 0.7734375 0.4359375 0.10546875 0.115625
0 0.92265625 0.26015625 0.08671875 0.0796875
0 0.775 0.16328125 0.1078125 0.1109375
0 0.6421875 0.1140625 0.07421875 0.10078125
0 0.7046875 0.59453125 0.053125 0.06484375
0 0.95703125 0.44140625 0.0859375 0.0828125
0 0.88984375 0.4046875 0.0796875 0.10078125
0 0.521875 0.50078125 0.14375 0.2640625
0 0.978125 0.6265625 0.04375 0.025
0 0.990625 0.54765625 0.01875 0.0640625
0 0.8578125 0.5390625 0.053125 0.0484375
0 0.83359375 0.5046875 0.053125 0.0671875
0 0.11796875 0.890625 0.12265625 0.1203125
0 0.15546875 0.95625 0.1171875 0.0875
0 0.08984375 0.671875 0.0796875 0.065625
0 0.35703125 0.93984375 0.071875 0.07421875
0 0.359375 0.8796875 0.0625 0.0625
0 0.2609375 0.9234375 0.06953125 0.08671875
0 0.0671875 0.77890625 0.0671875 0.07421875
0 0.45625 0.93984375 0.0125 0.1203125
0 0.759375 0.7984375 0.25 0.25
0 0.70703125 0.68046875 0.1015625 0.0828125