0 0.45 0.334375 0.0375 0.134375
0 0.0328125 0.3875 0.065625 0.09375
0 0.0359375 0.4796875 0.071875 0.059375
0 0.24140625 0.48671875 0.0609375 0.0453125
0 0.2859375 0.4578125 0.06484375 0.06484375
0 0.3515625 0.34296875 0.05546875 0.053125
0 0.315625 0.33046875 0.040625 0.0453125
0 0.2390625 0.35 0.0453125 0.0453125
0 0.1140625 0.33515625 0.03125 0.04296875
0 0.153125 0.3171875 0.0484375 0.053125
0 0.1859375 0.303125 0.05546875 0.05546875
0 0.3640625 0.14921875 0.03828125 0.040625
0 0.315625 0.03515625 0.06484375 0.06484375
0 0.05625 0.0734375 0.084375 0.07421875
0 0.15625 0.08203125 0.05078125 0.0453125
0 0.3484375 0.24375 0.11328125 0.11328125
0 0.2234375 0.1625 0.15859375 0.17578125
0 0.915625 0.403125 0.0796875 0.06484375
0 0.8796875 0.4734375 0.071875 0.071875
0 0.48515625 0.40234375 0.0328125 0.0640625
0 0.5 0.28984375 0.0625 0.06484375
0 0.48203125 0.23359375 0.0265625 0.0671875
0 0.115625 0.67578125 0.08671875 0.084375
0 0.12578125 0.5921875 0.08203125 0.0625
0 0.7421875 0.59375 0.165625 0.16875
0 0.9375 0.5578125 0.06484375 0.0890625
0 0.97109375 0.68671875 0.0578125 0.0859375
0 0.51015625 0.80390625 0.0828125 0.1390625
0 0.65078125 0.85703125 0.0671875 0.0796875
0 0.6953125 0.759375 0.0984375 0.103125
0 0.50078125 0.98359375 0.0640625 0.0328125