0 0.08984375 0.553125 0.1328125 0.03125
0 0.02421875 0.53203125 0.0484375 0.0734375
0 0.20390625 0.403125 0.11796875 0.11328125
0 0.19140625 0.51484375 0.1171875 0.1078125
0 0.41484375 0.5421875 0.0703125 0.053125
0 0.46328125 0.5203125 0.0765625 0.0765625
0 0.5515625 0.41015625 0.0625 0.0625
0 0.51640625 0.390625 0.0484375 0.05546875
0 0.43671875 0.39765625 0.053125 0.053125
0 0.31328125 0.36328125 0.03828125 0.05078125
0 0.35625 0.35078125 0.05546875 0.0625
0 0.39140625 0.340625 0.06484375 0.06484375
0 0.58828125 0.20703125 0.0234375 0.0484375
0 0.56640625 0.07890625 0.0671875 0.0765625
0 0.546875 0.028125 0.096875 0.05625
0 0.3015625 0.07734375 0.09609375 0.0890625
0 0.4 0.10234375 0.0578125 0.05546875
0 0.034375 0.25 0.06484375 0.06484375
0 0.1328125 0.059375 0.09609375 0.10546875
0 0.55 0.3046875 0.1 0.134375
0 0.4546875 0.1984375 0.1875 0.20703125
0 0.8890625 0.521875 0.221875 0.09375
0 0.6984375 0.45 0.12265625 0.08671875
0 0.63515625 0.29765625 0.0703125 0.0859375
0 0.96640625 0.39140625 0.0671875 0.0578125
0 0.978125 0.1125 0.04375 0.075
0 0.6515625 0.190625 0.0453125 0.0453125
0 0.19296875 0.96796875 0.1078125 0.0640625
0 0.55234375 0.79921875 0.0953125 0.3328125
0 0.5703125 0.93828125 0.059375 0.0984375
0 0.54453125 0.8484375 0.071875 0.071875
0 0.55234375 0.76640625 0.0890625 0.09140625
0 0.5734375 0.6140625 0.053125 0.05625
0 0.4984375 0.6375 0.11796875 0.12265625
0 0.50859375 0.58515625 0.0796875 0.0328125
0 0.4421875 0.58359375 0.1375 0.0296875
0 0.31015625 0.90703125 0.071875 0.07421875
0 0.3640625 0.8984375 0.0796875 0.08203125
0 0.23671875 0.8984375 0.08203125 0.084375
0 0.2125 0.86875 0.07421875 0.0796875
0 0.1953125 0.79609375 0.09140625 0.09375
0 0.0859375 0.9078125 0.08203125 0.08203125
0 0.04609375 0.76640625 0.0921875 0.2359375
0 0.0125 0.6234375 0.025 0.071875
0 0.1828125 0.6640625 0.053125 0.053125
0 0.2296875 0.69765625 0.06015625 0.0625
0 0.2609375 0.65546875 0.0671875 0.0671875
0 0.18359375 0.63515625 0.071875 0.07421875
0 0.22734375 0.59765625 0.0609375 0.0578125
0 0.3359375 0.7171875 0.0625 0.0625
0 0.61953125 0.66953125 0.0390625 0.1203125