0 0.19921875 0.60234375 0.1828125 0.0546875
0 0.07421875 0.5859375 0.06953125 0.06953125
0 0.05234375 0.5546875 0.0578125 0.0578125
0 0.20234375 0.4296875 0.05078125 0.053125
0 0.2328125 0.30546875 0.084375 0.084375
0 0.24140625 0.23984375 0.103125 0.10078125
0 0.3265625 0.153125 0.046875 0.0625
0 0.3171875 0.04140625 0.065625 0.0828125
0 0.02421875 0.184375 0.0484375 0.103125
0 0.07265625 0.2515625 0.06484375 0.06484375
0 0.13203125 0.5 0.1515625 0.1515625
0 0.09453125 0.35859375 0.1890625 0.2234375
0 0.94453125 0.43359375 0.1109375 0.1234375
0 0.4515625 0.5171875 0.1203125 0.125
0 0.58125 0.46953125 0.0984375 0.103125
0 0.3875 0.4328125 0.075 0.175
0 0.83125 0.28046875 0.1296875 0.13671875
0 0.7140625 0.1796875 0.0796875 0.084375
0 0.8859375 0.04140625 0.0671875 0.06484375
0 0.775 0.5609375 0.0796875 0.08671875
0 0.97734375 0.9921875 0.0453125 0.015625
0 0.97421875 0.9234375 0.0515625 0.05
0 0.60625 0.67109375 0.196875 0.0828125
0 0.50390625 0.753125 0.06953125 0.0796875
0 0.56875 0.76015625 0.07421875 0.07421875
0 0.6421875 0.92421875 0.06484375 0.0625
0 0.596875 0.9765625 0.1625 0.046875
0 0.40234375 0.9796875 0.0828125 0.040625
0 0.434375 0.9359375 0.0484375 0.040625
0 0.434375 0.7640625 0.053125 0.06484375
0 0.3890625 0.66015625 0.078125 0.0609375