0 0.2546875 0.23203125 0.125 0.13671875
0 0.1640625 0.37734375 0.328125 0.1453125
0 0.08984375 0.1375 0.0890625 0.115625
0 0.08515625 0.05546875 0.10546875 0.10078125
0 0.0234375 0.04453125 0.046875 0.0484375
0 0.425 0.215625 0.0875 0.1
0 0.3640625 0.33515625 0.05078125 0.0484375
0 0.4609375 0.38359375 0.015625 0.0796875
0 0.32265625 0.10078125 0.06015625 0.0578125
0 0.22578125 0.01796875 0.0765625 0.0359375
0 0.94609375 0.43125 0.1078125 0.0375
0 0.9171875 0.3921875 0.09375 0.06015625
0 0.8359375 0.3328125 0.0890625 0.103125
0 0.7328125 0.2390625 0.103125 0.10546875
0 0.93984375 0.24296875 0.1203125 0.1203125
0 0.9828125 0.15234375 0.034375 0.0796875
0 0.6703125 0.0875 0.06484375 0.0796875
0 0.4859375 0.27421875 0.034375 0.0578125
0 0.83046875 0.00859375 0.0609375 0.0171875
0 0.89765625 0.00859375 0.0421875 0.0171875
0 0.96015625 0.00703125 0.0453125 0.0140625
0 0.1984375 0.5796875 0.07421875 0.07421875
0 0.09765625 0.55234375 0.071875 0.07421875
0 0.03984375 0.56640625 0.06484375 0.0625
0 0.02265625 0.7015625 0.0453125 0.11875
0 0.2640625 0.815625 0.07421875 0.07421875
0 0.21171875 0.8203125 0.09140625 0.10078125
0 0.07578125 0.846875 0.0765625 0.071875
0 0.12578125 0.94921875 0.1140625 0.1015625
0 0.11171875 0.9859375 0.0671875 0.028125
0 0.27890625 0.98984375 0.0671875 0.0203125
0 0.30390625 0.5953125 0.0671875 0.06953125
0 0.3640625 0.66875 0.05546875 0.05078125
0 0.3546875 0.69921875 0.0578125 0.0578125
0 0.41484375 0.89375 0.071875 0.07421875
0 0.39765625 0.81640625 0.0578125 0.06015625
0 0.0828125 0.6625 0.053125 0.053125
0 0.35703125 0.525 0.06953125 0.06953125
0 0.734375 0.63203125 0.53125 0.3640625
0 0.6234375 0.8734375 0.18984375 0.2234375
0 0.54375 0.90703125 0.15 0.1859375
0 0.66328125 0.98671875 0.0765625 0.0265625
0 0.9453125 0.85859375 0.109375 0.2828125
0 0.89609375 0.48125 0.1109375 0.0625
0 0.94296875 0.5140625 0.1140625 0.128125
0 0.94140625 0.58203125 0.1171875 0.1078125
0 0.97734375 0.6234375 0.0453125 0.103125
0 0.78046875 0.778125 0.08203125 0.06484375
0 0.50859375 0.57734375 0.05546875 0.0578125
0 0.4984375 0.68671875 0.059375 0.0671875
0 0.83828125 0.81640625 0.0484375 0.0453125