0 0.36171875 0.0625 0.1328125 0.125
0 0.425 0.159375 0.125 0.12734375
0 0.40546875 0.2390625 0.09140625 0.09140625
0 0.43515625 0.0265625 0.1078125 0.053125
0 0.284375 0.29453125 0.1375 0.0703125
0 0.09453125 0.25 0.146875 0.14453125
0 0.021875 0.040625 0.04375 0.08125
0 0.5328125 0.2328125 0.0484375 0.05546875
0 0.515625 0.14140625 0.053125 0.1140625
0 0.3375 0.38984375 0.115625 0.1203125
0 0.2796875 0.3734375 0.05078125 0.053125
0 0.1859375 0.34453125 0.0875 0.0296875
0 0.14453125 0.35625 0.040625 0.0453125
0 0.29140625 0.809375 0.12734375 0.12265625
0 0.2 0.78984375 0.06953125 0.06484375
0 0.39375 0.76953125 0.05546875 0.06015625
0 0.2109375 0.49921875 0.0671875 0.06484375
0 0.0328125 0.54140625 0.053125 0.04296875
0 0.44921875 0.80078125 0.04296875 0.04296875
0 0.09765625 0.96953125 0.040625 0.040625
0 0.059375 0.92265625 0.0578125 0.06015625
0 0.86953125 0.965625 0.0921875 0.06875
0 0.63046875 0.9828125 0.0578125 0.034375
0 0.578125 0.9265625 0.084375 0.146875
0 0.74296875 0.9203125 0.0578125 0.1421875
0 0.62421875 0.696875 0.259375 0.259375
0 0.5078125 0.49609375 0.0375 0.0484375
0 0.55 0.375 0.03125 0.03359375
0 0.63046875 0.4109375 0.0484375 0.053125
0 0.81171875 0.47578125 0.0890625 0.08203125
0 0.84140625 0.87578125 0.05078125 0.08203125