0 0.37578125 0.26640625 0.08203125 0.08203125
0 0.4671875 0.3109375 0.0796875 0.0796875
0 0.4890625 0.378125 0.0578125 0.0578125
0 0.40703125 0.17421875 0.08671875 0.08203125
0 0.4359375 0.05625 0.09375 0.08203125
0 0.465625 0.0078125 0.05 0.015625
0 0.56328125 0.26875 0.07421875 0.0796875
0 0.44375 0.4984375 0.0796875 0.09375
0 0.26484375 0.51640625 0.0953125 0.0671875
0 0.103125 0.415625 0.0453125 0.05546875
0 0.0328125 0.22734375 0.065625 0.0671875
0 0.10234375 0.209375 0.0625 0.071875
0 0.89296875 0.359375 0.2140625 0.3
0 0.8921875 0.23125 0.1203125 0.13203125
0 0.95859375 0.16171875 0.0828125 0.1078125
0 0.79453125 0.509375 0.0890625 0.08125
0 0.7765625 0.3328125 0.08203125 0.084375
0 0.72265625 0.12578125 0.09375 0.10546875
0 0.7671875 0.02265625 0.071875 0.0453125
0 0.6625 0.5109375 0.08125 0.078125
0 0.63125 0.3953125 0.04375 0.0625
0 0.384375 0.60546875 0.1875 0.1109375
0 0.17890625 0.59609375 0.1140625 0.0921875
0 0.1421875 0.58125 0.134375 0.0625
0 0.0296875 0.71953125 0.059375 0.1171875
0 0.03515625 0.659375 0.0703125 0.090625
0 0.01640625 0.921875 0.0328125 0.115625
0 0.37109375 0.9234375 0.08671875 0.08671875
0 0.70546875 0.8125 0.06015625 0.07421875
0 0.728125 0.73203125 0.0484375 0.03359375
0 0.69453125 0.9875 0.0578125 0.025