0 0.3109375 0.01875 0.103125 0.0375
0 0.37578125 0.0578125 0.0671875 0.09375
0 0.44140625 0.17109375 0.1421875 0.12265625
0 0.31796875 0.23125 0.0984375 0.0984375
0 0.18203125 0.31171875 0.1390625 0.0359375
0 0.128125 0.19765625 0.1703125 0.1390625
0 0.059375 0.25859375 0.11875 0.1421875
0 0.46328125 0.27421875 0.1515625 0.1109375
0 0.83671875 0.171875 0.24296875 0.24296875
0 0.61953125 0.015625 0.1078125 0.03125
0 0.6234375 0.078125 0.09609375 0.09609375
0 0.5640625 0.1296875 0.05 0.096875
0 0.5859375 0.30859375 0.06875 0.0421875
0 0.89921875 0.31484375 0.0671875 0.0296875
0 0.984375 0.21484375 0.03125 0.0609375
0 0.109375 0.98828125 0.1 0.0234375
0 0.05625 0.8 0.0625 0.0796875
0 0.13828125 0.7421875 0.08203125 0.0890625
0 0.265625 0.66640625 0.09140625 0.08671875
0 0.221875 0.5640625 0.05546875 0.0484375
0 0.07890625 0.359375 0.1109375 0.059375
0 0.27890625 0.4484375 0.08203125 0.0765625
0 0.28359375 0.3765625 0.08671875 0.084375
0 0.39140625 0.40625 0.07421875 0.0890625
0 0.52578125 0.47421875 0.0265625 0.0890625
0 0.375 0.54453125 0.0765625 0.07421875
0 0.4203125 0.57734375 0.09140625 0.0890625
0 0.496875 0.6796875 0.084375 0.0875
0 0.5 0.78984375 0.078125 0.0890625
0 0.23984375 0.98828125 0.0609375 0.0234375
0 0.08828125 0.946875 0.1765625 0.10625
0 0.41484375 0.3609375 0.053125 0.03828125
0 0.4 0.34765625 0.05546875 0.0359375
0 0.11640625 0.60234375 0.0578125 0.0453125
0 0.11640625 0.5375 0.06953125 0.05546875
0 0.15625 0.4875 0.071875 0.0796875
0 0.28203125 0.82109375 0.04296875 0.04296875
0 0.71953125 0.96328125 0.0953125 0.0734375
0 0.659375 0.9859375 0.10625 0.028125
0 0.90703125 0.9921875 0.0765625 0.015625
0 0.8421875 0.95 0.09375 0.09609375
0 0.71171875 0.7234375 0.084375 0.084375
0 0.61875 0.6359375 0.1203125 0.12734375
0 0.58984375 0.41640625 0.1015625 0.1515625
0 0.83203125 0.346875 0.0890625 0.034375