0 0.35859375 0.296875 0.19453125 0.20703125
0 0.2984375 0.4640625 0.09609375 0.09140625
0 0.4390625 0.45859375 0.08125 0.1171875
0 0.0328125 0.33828125 0.065625 0.1265625
0 0.0125 0.1796875 0.025 0.090625
0 0.1515625 0.028125 0.165625 0.05625
0 0.3359375 0.08046875 0.12734375 0.11796875
0 0.45390625 0.06015625 0.0515625 0.1203125
0 0.159375 0.48046875 0.125 0.1171875
0 0.64609375 0.46015625 0.1640625 0.1578125
0 0.7421875 0.4796875 0.0578125 0.071875
0 0.7984375 0.39453125 0.06015625 0.06953125
0 0.88046875 0.34375 0.0484375 0.0578125
0 0.8875 0.2546875 0.06015625 0.07421875
0 0.9796875 0.26953125 0.040625 0.0359375
0 0.92578125 0.16953125 0.053125 0.05546875
0 0.84375 0.1734375 0.0796875 0.0671875
0 0.69609375 0.0578125 0.0796875 0.09140625
0 0.53203125 0.4765625 0.1046875 0.125
0 0.9734375 0.51875 0.053125 0.040625
0 0.93515625 0.50390625 0.0765625 0.0703125
0 0.52578125 0.38828125 0.0671875 0.05546875
0 0.53515625 0.328125 0.0484375 0.05078125
0 0.4921875 0.26640625 0.025 0.0671875
0 0.63125 0.146875 0.03359375 0.03828125
0 0.59375 0.05390625 0.0484375 0.05546875
0 0.7296875 0.31875 0.0484375 0.04296875
0 0.74921875 0.23125 0.0453125 0.0484375
0 0.73125 0.16953125 0.0453125 0.0453125
0 0.26484375 0.596875 0.0625 0.0765625
0 0.06328125 0.6390625 0.0765625 0.06953125
0 0.128125 0.65390625 0.0453125 0.040625
0 0.87578125 0.70390625 0.0765625 0.071875
0 0.53125 0.62734375 0.103125 0.1515625
0 0.4859375 0.61015625 0.0125 0.0578125
0 0.878125 0.98671875 0.075 0.0265625
0 0.94765625 0.9578125 0.0671875 0.0671875
0 0.50390625 0.9859375 0.0484375 0.028125
0 0.61953125 0.5609375 0.0578125 0.04375
0 0.7 0.5484375 0.053125 0.01875
0 0.9625 0.7625 0.075 0.08125