0 0.17734375 0.11328125 0.2953125 0.2265625
0 0.3140625 0.303125 0.11328125 0.1109375
0 0.41171875 0.3109375 0.10078125 0.1203125
0 0.40078125 0.18828125 0.0984375 0.10078125
0 0.465625 0.13203125 0.028125 0.0796875
0 0.16640625 0.303125 0.07421875 0.08203125
0 0.46796875 0.328125 0.0234375 0.0875
0 0.04296875 0.36171875 0.0859375 0.0890625
0 0.0265625 0.59609375 0.053125 0.0453125
0 0.7921875 0.4125 0.12265625 0.13671875
0 0.81328125 0.52421875 0.0671875 0.071875
0 0.91171875 0.5421875 0.071875 0.09140625
0 0.96953125 0.55625 0.0609375 0.08125
0 0.7546875 0.04375 0.103125 0.0875
0 0.64609375 0.025 0.0671875 0.05
0 0.534375 0.01328125 0.071875 0.0265625
0 0.6046875 0.565625 0.08203125 0.08203125
0 0.696875 0.5890625 0.06015625 0.0578125
0 0.9 0.221875 0.0671875 0.0796875
0 0.459375 0.684375 0.040625 0.13125
0 0.45703125 0.809375 0.0453125 0.090625
0 0.37109375 0.921875 0.09375 0.08671875
0 0.34375 0.690625 0.09140625 0.084375
0 0.2515625 0.74296875 0.0984375 0.10078125
0 0.0265625 0.98046875 0.053125 0.0390625
0 0.82109375 0.6921875 0.103125 0.0984375
0 0.6 0.8796875 0.0578125 0.05546875
0 0.7234375 0.8390625 0.06953125 0.06015625