0 0.559375 0.1625 0.140625 0.325
0 0.378125 0.24453125 0.11796875 0.11796875
0 0.303125 0.17890625 0.10546875 0.1296875
0 0.39921875 0.08828125 0.103125 0.1078125
0 0.3734375 0.00859375 0.0875 0.0171875
0 0.48359375 0.3515625 0.0765625 0.08671875
0 0.153125 0.05703125 0.084375 0.0890625
0 0.059375 0.01484375 0.06875 0.0296875
0 0.2296875 0.1328125 0.084375 0.09375
0 0.5296875 0.47109375 0.09375 0.0578125
0 0.70703125 0.28125 0.1546875 0.21875
0 0.6625 0.421875 0.065625 0.08125
0 0.2703125 0.72890625 0.1390625 0.1390625
0 0.384375 0.57734375 0.14921875 0.14453125
0 0.54609375 0.734375 0.09375 0.0890625
0 0.5984375 0.72421875 0.0625 0.1359375
0 0.54765625 0.55703125 0.1390625 0.1140625
0 0.23515625 0.81484375 0.0890625 0.0890625
0 0.01953125 0.91171875 0.0390625 0.0734375
0 0.65703125 0.94140625 0.0546875 0.1171875
0 0.984375 0.76953125 0.03125 0.0984375
0 0.659375 0.7421875 0.059375 0.13125
0 0.7453125 0.83671875 0.2015625 0.19921875