0 0.06875 0.159375 0.1375 0.31875
0 0.06328125 0.40703125 0.1265625 0.1046875
0 0.1640625 0.421875 0.121875 0.075
0 0.1796875 0.31953125 0.115625 0.115625
0 0.2890625 0.28515625 0.09609375 0.09375
0 0.13046875 0.04375 0.1953125 0.0875
0 0.378125 0.0671875 0.159375 0.134375
0 0.56484375 0.29375 0.0703125 0.159375
0 0.80546875 0.23828125 0.084375 0.0890625
0 0.6984375 0.30546875 0.0765625 0.08203125
0 0.8140625 0.0625 0.08671875 0.0796875
0 0.86796875 0.38671875 0.0578125 0.06015625
0 0.08828125 0.9296875 0.053125 0.053125
0 0.396875 0.8609375 0.08671875 0.09375
0 0.4125 0.57265625 0.06484375 0.0671875
0 0.1890625 0.52109375 0.0765625 0.08203125
0 0.9125 0.47578125 0.0625 0.0328125
0 0.95546875 0.48203125 0.0671875 0.0453125
0 0.984375 0.79765625 0.03125 0.0671875
0 0.934375 0.95859375 0.06015625 0.0578125
0 0.9734375 0.98984375 0.053125 0.0203125
0 0.8828125 0.6171875 0.053125 0.0578125