0 0.06953125 0.43515625 0.1390625 0.1890625
0 0.2421875 0.29921875 0.0890625 0.08203125
0 0.3359375 0.3296875 0.0671875 0.103125
0 0.28046875 0.4390625 0.0765625 0.0796875
0 0.34609375 0.51328125 0.0671875 0.0328125
0 0.1046875 0.2453125 0.05546875 0.06484375
0 0.51875 0.3796875 0.06015625 0.06484375
0 0.41953125 0.34375 0.0578125 0.06953125
0 0.021875 0.14453125 0.04375 0.0671875
0 0.975 0.2515625 0.05 0.084375
0 0.91171875 0.39921875 0.11328125 0.125
0 0.78515625 0.40546875 0.11328125 0.1109375
0 0.70234375 0.45078125 0.08203125 0.084375
0 0.90703125 0.5234375 0.0578125 0.0125
0 0.8828125 0.0953125 0.0796875 0.09140625
0 0.91875 0.04375 0.05078125 0.0625
0 0.93125 0.00703125 0.05625 0.0140625
0 0.640625 0.06171875 0.0625 0.0671875
0 0.7375 0.16328125 0.053125 0.0578125
0 0.51953125 0.78828125 0.0625 0.071875
0 0.5734375 0.84296875 0.0625 0.06953125
0 0.01015625 0.778125 0.0203125 0.059375
0 0.13125 0.64921875 0.053125 0.0578125
0 0.24296875 0.87890625 0.053125 0.0578125
0 0.209375 0.946875 0.0578125 0.06484375
0 0.28671875 0.92109375 0.03828125 0.0484375
0 0.578125 0.5828125 0.0578125 0.0578125
0 0.63515625 0.81640625 0.0515625 0.0984375
0 0.8203125 0.94140625 0.0796875 0.08671875
0 0.9203125 0.86171875 0.07421875 0.0671875
0 0.7 0.63125 0.0625 0.071875
0 0.85859375 0.64921875 0.0765625 0.07421875
0 0.9125 0.571875 0.05546875 0.0625