0 0.05546875 0.11484375 0.1109375 0.2296875
0 0.046875 0.2 0.0578125 0.0578125
0 0.2171875 0.03046875 0.06875 0.0609375
0 0.49140625 0.63828125 0.08671875 0.08203125
0 0.30703125 0.48828125 0.14453125 0.134375
0 0.18125 0.38125 0.14453125 0.13671875
0 0.434375 0.46328125 0.10546875 0.1109375
0 0.3734375 0.4078125 0.103125 0.10078125
0 0.1140625 0.62890625 0.084375 0.084375
0 0.07265625 0.39453125 0.0796875 0.08671875
0 0.0359375 0.3296875 0.0625 0.059375
0 0.57421875 0.75625 0.0484375 0.128125
0 0.57578125 0.88671875 0.0515625 0.0859375
0 0.78203125 0.8328125 0.09609375 0.0984375
0 0.959375 0.6796875 0.08125 0.1125
0 0.88671875 0.546875 0.10078125 0.0984375
0 0.653125 0.465625 0.0984375 0.10078125
0 0.73046875 0.32421875 0.0921875 0.0484375
0 0.8078125 0.34140625 0.096875 0.0828125
0 0.925 0.3640625 0.11328125 0.11328125