0 0.8953125 0.22421875 0.209375 0.2765625
0 0.97734375 0.28984375 0.0453125 0.1703125
0 0.34921875 0.4578125 0.2203125 0.084375
0 0.47890625 0.02578125 0.1828125 0.0515625
0 0.584375 0.2359375 0.103125 0.10546875
0 0.6328125 0.29609375 0.09375 0.0984375
0 0.659375 0.38828125 0.0984375 0.10078125
0 0.77265625 0.459375 0.1109375 0.08125
0 0.090625 0.91796875 0.09140625 0.09375
0 0.2078125 0.89609375 0.0625 0.0796875
0 0.09375 0.72578125 0.08671875 0.08671875
0 0.1953125 0.7734375 0.05078125 0.0484375
0 0.221875 0.7859375 0.034375 0.053125
0 0.2203125 0.61640625 0.0375 0.0640625
0 0.0640625 0.54765625 0.09375 0.0953125
0 0.025 0.51875 0.05 0.0375
0 0.01015625 0.7984375 0.0203125 0.053125
0 0.03984375 0.665625 0.0765625 0.0765625
0 0.346875 0.94609375 0.0765625 0.0796875
0 0.28828125 0.96640625 0.0984375 0.0671875
0 0.66796875 0.7921875 0.0765625 0.0765625
0 0.571875 0.83203125 0.07421875 0.0765625
0 0.51171875 0.82578125 0.0671875 0.06484375
0 0.44296875 0.69765625 0.12265625 0.12265625
0 0.7046875 0.55078125 0.0765625 0.0796875
0 0.65078125 0.553125 0.09609375 0.103125
0 0.5140625 0.5421875 0.0796875 0.0765625
0 0.621875 0.95078125 0.053125 0.0578125
0 0.71484375 0.98671875 0.0578125 0.0265625
0 0.97265625 0.85859375 0.0546875 0.0765625
0 0.96328125 0.63515625 0.0734375 0.0765625
0 0.77109375 0.76484375 0.06953125 0.071875
0 0.8203125 0.684375 0.05546875 0.053125
0 0.80859375 0.65546875 0.06015625 0.06015625
0 0.8375 0.5328125 0.06015625 0.0625
0 0.54296875 0.725 0.05546875 0.05546875
0 0.83203125 0.828125 0.07421875 0.071875
0 0.965625 0.746875 0.0578125 0.06015625