0 0.334375 0.0859375 0.0796875 0.06953125
0 0.26875 0.14609375 0.05546875 0.071875
0 0.93046875 0.34375 0.125 0.1109375
0 0.53984375 0.29609375 0.06484375 0.071875
0 0.50625 0.38828125 0.053125 0.0421875
0 0.7296875 0.05546875 0.0765625 0.0796875
0 0.69296875 0.0078125 0.0765625 0.015625
0 0.90625 0.02890625 0.071875 0.0578125
0 0.98046875 0.15390625 0.0390625 0.1078125
0 0.8609375 0.2453125 0.0625 0.08203125
0 0.12890625 0.7046875 0.13203125 0.1703125
0 0.1328125 0.97109375 0.1375 0.0578125
0 0.23984375 0.87890625 0.071875 0.0890625
0 0.36328125 0.896875 0.0765625 0.0796875
0 0.76484375 0.78125 0.4703125 0.4375
0 0.66796875 0.4359375 0.0890625 0.053125
0 0.92890625 0.42109375 0.0578125 0.0234375
0 0.7796875 0.4265625 0.0625 0.034375