0 0.15546875 0.28359375 0.0890625 0.1109375
0 0.46796875 0.33046875 0.4359375 0.4578125
0 0.8859375 0.05390625 0.0765625 0.09375
0 0.9109375 0.31015625 0.06015625 0.05546875
0 0.77734375 0.33046875 0.11796875 0.11796875
0 0.165625 0.63671875 0.06484375 0.0625
0 0.05 0.6671875 0.0796875 0.0796875
0 0.415625 0.59921875 0.09375 0.0796875
0 0.4328125 0.93125 0.08203125 0.084375
0 0.45859375 0.83515625 0.0796875 0.08203125
0 0.52734375 0.73984375 0.1515625 0.1515625
0 0.659375 0.6921875 0.1109375 0.1109375
0 0.67734375 0.6265625 0.06015625 0.0625
0 0.640625 0.60078125 0.0671875 0.0671875
0 0.640625 0.57265625 0.103125 0.0265625
0 0.60078125 0.98359375 0.1109375 0.0328125
0 0.8671875 0.853125 0.134375 0.13671875
0 0.92578125 0.625 0.1484375 0.13125
0 0.91484375 0.96171875 0.1421875 0.0765625
0 0.86015625 0.74375 0.09140625 0.09140625