0 0.16484375 0.37890625 0.0765625 0.0421875
0 0.06875 0.36328125 0.065625 0.0734375
0 0.15390625 0.31875 0.084375 0.08203125
0 0.109375 0.2453125 0.0796875 0.084375
0 0.0515625 0.090625 0.103125 0.115625
0 0.56875 0.2703125 0.021875 0.065625
0 0.48828125 0.31015625 0.05546875 0.053125
0 0.428125 0.37734375 0.065625 0.0453125
0 0.16328125 0.05546875 0.05078125 0.04296875
0 0.36015625 0.04765625 0.1296875 0.0953125
0 0.4328125 0.015625 0.084375 0.03125
0 0.0234375 0.25234375 0.046875 0.0609375
0 0.81640625 0.2984375 0.12265625 0.12734375
0 0.63984375 0.11015625 0.0484375 0.08203125
0 0.59296875 0.13671875 0.0265625 0.0765625
0 0.92578125 0.21484375 0.05546875 0.05546875
0 0.73125 0.0953125 0.05078125 0.0578125
0 0.13125 0.4609375 0.125 0.121875
0 0.4234375 0.58828125 0.071875 0.0765625
0 0.3796875 0.76875 0.084375 0.0765625
0 0.3078125 0.82109375 0.06015625 0.0765625
0 0.5578125 0.6140625 0.04375 0.071875
0 0.403125 0.4265625 0.0625 0.053125
0 0.95546875 0.4671875 0.0890625 0.134375
0 0.93828125 0.6046875 0.1234375 0.13125
0 0.9578125 0.7078125 0.084375 0.07421875
0 0.85 0.54921875 0.0671875 0.071875
0 0.9703125 0.83828125 0.059375 0.0828125
0 0.7578125 0.79765625 0.084375 0.08671875
0 0.6609375 0.68828125 0.14453125 0.1421875
0 0.63359375 0.9484375 0.1078125 0.103125
0 0.76015625 0.92265625 0.13671875 0.134375