0 0.353125 0.240625 0.11796875 0.1203125
0 0.17421875 0.26484375 0.10078125 0.103125
0 0.121875 0.25625 0.084375 0.09140625
0 0.21796875 0.4546875 0.0984375 0.05
0 0.1109375 0.0859375 0.0671875 0.06953125
0 0.47578125 0.09453125 0.0671875 0.0921875
0 0.17578125 0.0078125 0.0421875 0.015625
0 0.39921875 0.08125 0.06015625 0.06953125
0 0.0203125 0.27109375 0.040625 0.0671875
0 0.2984375 0.459375 0.04375 0.040625
0 0.96953125 0.26796875 0.0609375 0.1109375
0 0.73359375 0.45625 0.0828125 0.046875
0 0.978125 0.434375 0.04375 0.090625
0 0.59375 0.1109375 0.0625 0.06015625
0 0.62890625 0.2109375 0.053125 0.0671875
0 0.61875 0.31953125 0.0625 0.08203125
0 0.796875 0.29140625 0.06484375 0.0796875
0 0.49765625 0.5171875 0.0234375 0.075
0 0.49140625 0.603125 0.0359375 0.096875
0 0.3859375 0.825 0.0578125 0.0796875
0 0.13828125 0.8453125 0.09609375 0.06484375
0 0.04453125 0.87109375 0.0890625 0.0796875
0 0.1140625 0.6859375 0.07421875 0.0671875
0 0.23125 0.49140625 0.06875 0.0234375
0 0.03046875 0.49609375 0.0609375 0.0328125
0 0.62890625 0.9609375 0.0984375 0.078125
0 0.68359375 0.9140625 0.09609375 0.0984375
0 0.55390625 0.8859375 0.0796875 0.0765625
0 0.7421875 0.80078125 0.12265625 0.1109375
0 0.8078125 0.8484375 0.384375 0.303125
0 0.93203125 0.5546875 0.1078125 0.084375
0 0.7390625 0.5078125 0.125 0.05625
0 0.5203125 0.63046875 0.021875 0.0578125
0 0.54921875 0.72890625 0.0796875 0.1578125