0 0.46328125 0.5421875 0.0328125 0.13125
0 0.4140625 0.40078125 0.0984375 0.0984375
0 0.31171875 0.015625 0.0640625 0.03125
0 0.2953125 0.1109375 0.04296875 0.0484375
0 0.2640625 0.1578125 0.0484375 0.0578125
0 0.3578125 0.1171875 0.03125 0.05078125
0 0.04140625 0.1375 0.0578125 0.06484375
0 0.109375 0.36953125 0.0671875 0.06484375
0 0.28828125 0.4671875 0.06484375 0.07421875
0 0.21953125 0.41171875 0.05078125 0.05078125
0 0.4671875 0.26015625 0.025 0.0453125
0 0.98671875 0.51328125 0.0265625 0.1296875
0 0.97734375 0.31796875 0.0453125 0.1140625
0 0.55546875 0.31796875 0.1109375 0.11328125
0 0.80546875 0.56328125 0.2859375 0.0921875
0 0.8109375 0.26640625 0.125 0.1296875
0 0.95859375 0.18203125 0.0828125 0.0859375
0 0.96640625 0.09375 0.0671875 0.11875
0 0.665625 0.16171875 0.23828125 0.25703125
0 0.6109375 0.0453125 0.25 0.090625
0 0.51796875 0.1578125 0.0765625 0.103125
0 0.5 0.45390625 0.040625 0.0890625
0 0.43125 0.9390625 0.096875 0.121875
0 0.44921875 0.80078125 0.0609375 0.1515625
0 0.28828125 0.63984375 0.1140625 0.0609375
0 0.16796875 0.6734375 0.0984375 0.0890625
0 0.11953125 0.790625 0.14453125 0.14921875
0 0.9078125 0.96953125 0.125 0.0609375
0 0.55 0.646875 0.140625 0.075
0 0.5609375 0.9765625 0.096875 0.046875
0 0.7078125 0.73203125 0.0890625 0.0890625
0 0.809375 0.79375 0.09375 0.09375