0 0.4765625 0.0765625 0.025 0.0375
0 0.40625 0.07265625 0.06484375 0.0484375
0 0.340625 0.16875 0.06484375 0.06484375
0 0.27578125 0.0640625 0.0625 0.0765625
0 0.028125 0.08125 0.0265625 0.04296875
0 0.08828125 0.2328125 0.03359375 0.03828125
0 0.7328125 0.26875 0.084375 0.021875
0 0.6359375 0.15859375 0.29375 0.2421875
0 0.66171875 0.01875 0.0578125 0.0375
0 0.971875 0.22734375 0.05546875 0.05546875
0 0.81328125 0.2703125 0.0453125 0.01875
0 0.0703125 0.57578125 0.13203125 0.12734375
0 0.01640625 0.446875 0.0328125 0.084375
0 0.06796875 0.29453125 0.0765625 0.0296875
0 0.1328125 0.990625 0.065625 0.01875
0 0.1265625 0.91953125 0.0765625 0.084375
0 0.2640625 0.94140625 0.08203125 0.09140625
0 0.4671875 0.5953125 0.04375 0.08125
0 0.409375 0.71796875 0.0890625 0.0765625
0 0.253125 0.2875 0.053125 0.015625
0 0.1625 0.5375 0.0671875 0.08203125
0 0.07890625 0.69140625 0.05078125 0.0625
0 0.78203125 0.41171875 0.2953125 0.2640625
0 0.5109375 0.9265625 0.04375 0.146875
0 0.5375 0.5453125 0.096875 0.165625
0 0.55703125 0.80859375 0.1359375 0.1609375
0 0.81015625 0.9203125 0.1109375 0.1109375
0 0.67578125 0.8421875 0.1203125 0.1203125
0 0.8078125 0.303125 0.21875 0.046875
0 0.90859375 0.84140625 0.1828125 0.1921875
0 0.61171875 0.409375 0.115625 0.115625
0 0.5328125 0.33984375 0.0875 0.0921875
0 0.51953125 0.40703125 0.0609375 0.0828125