0 0.41328125 0.2375 0.05546875 0.06015625
0 0.21640625 0.34921875 0.09140625 0.06953125
0 0.0734375 0.1421875 0.071875 0.0625
0 0.18203125 0.553125 0.0671875 0.053125
0 0.35078125 0.4703125 0.0671875 0.06953125
0 0.21953125 0.01875 0.0453125 0.0375
0 0.509375 0.41796875 0.040625 0.0453125
0 0.67109375 0.52578125 0.2828125 0.1078125
0 0.70078125 0.3375 0.09140625 0.0984375
0 0.55078125 0.009375 0.0421875 0.01875
0 0.35703125 0.95625 0.08203125 0.08203125
0 0.11953125 0.9734375 0.0484375 0.053125
0 0.14921875 0.86171875 0.05546875 0.0765625
0 0.38828125 0.72109375 0.0453125 0.04296875
0 0.17109375 0.703125 0.05546875 0.0453125
0 0.2109375 0.63671875 0.0359375 0.03359375
0 0.5078125 0.65078125 0.04375 0.0421875
0 0.01640625 0.59375 0.0296875 0.028125
0 0.5875 0.68828125 0.115625 0.1203125
0 0.96328125 0.7140625 0.0671875 0.06484375
0 0.78203125 0.74296875 0.0671875 0.06953125
0 0.6 0.81484375 0.140625 0.3703125