0 0.409375 0.08125 0.084375 0.0796875
0 0.53984375 0.30078125 0.1390625 0.1515625
0 0.11875 0.21796875 0.0796875 0.06484375
0 0.26484375 0.3140625 0.12265625 0.11796875
0 0.0453125 0.06328125 0.06015625 0.0671875
0 0.18984375 0.0171875 0.0421875 0.034375
0 0.81015625 0.3125 0.09140625 0.10546875
0 0.715625 0.3046875 0.084375 0.08203125
0 0.73125 0.4671875 0.09375 0.025
0 0.9765625 0.40859375 0.046875 0.0578125
0 0.72890625 0.0671875 0.09609375 0.10078125
0 0.846875 0.0609375 0.06484375 0.071875
0 0.64140625 0.0234375 0.0640625 0.046875
0 0.6265625 0.06484375 0.034375 0.0640625
0 0.56328125 0.6921875 0.0921875 0.15625
0 0.34375 0.5 0.084375 0.040625
0 0.17890625 0.50234375 0.0578125 0.0453125
0 0.29765625 0.678125 0.259375 0.259375
0 0.59609375 0.940625 0.0265625 0.05625
0 0.49609375 0.96171875 0.053125 0.0484375
0 0.425 0.87890625 0.06015625 0.0484375
0 0.46875 0.74296875 0.03359375 0.0453125
0 0.371875 0.99140625 0.03125 0.0171875
0 0.29140625 0.9640625 0.0484375 0.053125
0 0.11015625 0.89921875 0.0890625 0.08203125
0 0.0796875 0.509375 0.05 0.059375
0 0.675 0.9421875 0.13125 0.115625
0 0.64921875 0.78125 0.0796875 0.084375
0 0.65390625 0.5640625 0.0890625 0.1