0 0.0171875 0.334375 0.034375 0.134375
0 0.23125 0.2734375 0.0671875 0.0765625
0 0.3921875 0.11328125 0.103125 0.09375
0 0.23359375 0.02734375 0.0828125 0.0546875
0 0.4671875 0.4484375 0.05625 0.021875
0 0.06640625 0.1484375 0.053125 0.05546875
0 0.09375 0.10234375 0.0578125 0.06015625
0 0.959375 0.40078125 0.08125 0.1171875
0 0.940625 0.3453125 0.0796875 0.07421875
0 0.80546875 0.39375 0.09375 0.09609375
0 0.72734375 0.4390625 0.0890625 0.040625
0 0.66328125 0.40703125 0.1421875 0.1046875
0 0.5609375 0.390625 0.0625 0.084375
0 0.57421875 0.4234375 0.0890625 0.071875
0 0.77421875 0.2453125 0.10078125 0.103125
0 0.74921875 0.19296875 0.06484375 0.06484375
0 0.721875 0.04375 0.165625 0.0875
0 0.678125 0.0609375 0.0765625 0.08203125
0 0.61484375 0.04140625 0.1703125 0.0828125
0 0.17578125 0.47734375 0.0671875 0.0359375
0 0.06796875 0.65703125 0.1359375 0.1578125
0 0.0265625 0.75078125 0.053125 0.0890625
0 0.06640625 0.79921875 0.1328125 0.1421875
0 0.44921875 0.94140625 0.1609375 0.1171875
0 0.415625 0.8625 0.0765625 0.0796875
0 0.33125 0.8875 0.084375 0.084375
0 0.19453125 0.86015625 0.1109375 0.11328125
0 0.221875 0.8046875 0.071875 0.07421875
0 0.22109375 0.97734375 0.0796875 0.0453125
0 0.21796875 0.60703125 0.3578125 0.2953125
0 0.58828125 0.58828125 0.11328125 0.09140625
0 0.63359375 0.91875 0.1078125 0.0890625
0 0.6671875 0.79765625 0.09140625 0.07421875
0 0.93125 0.96796875 0.084375 0.0640625
0 0.97265625 0.98359375 0.0546875 0.0328125