0 0.3859375 0.32421875 0.10078125 0.10078125
0 0.340625 0.38984375 0.10625 0.0390625
0 0.16875 0.38125 0.053125 0.053125
0 0.9546875 0.17421875 0.090625 0.2546875
0 0.884375 0.06171875 0.0625 0.08671875
0 0.78203125 0.18515625 0.06484375 0.071875
0 0.565625 0.371875 0.0578125 0.06953125
0 0.50234375 0.128125 0.0859375 0.18125
0 0.93828125 0.27890625 0.0578125 0.06015625
0 0.4203125 0.68984375 0.0671875 0.0671875
0 0.07421875 0.54765625 0.06953125 0.0484375
0 0.89140625 0.54765625 0.2171875 0.2765625
0 0.4765625 0.53515625 0.034375 0.1078125
0 0.59921875 0.8125 0.18984375 0.1921875
0 0.63203125 0.92421875 0.1515625 0.1515625
0 0.690625 0.97734375 0.14375 0.0453125
0 0.946875 0.85234375 0.103125 0.1078125
0 0.9 0.9109375 0.1109375 0.1203125
0 0.79375 0.82109375 0.12265625 0.12265625
0 0.76875 0.71171875 0.1109375 0.1109375