0 0.13203125 0.04609375 0.1203125 0.0921875
0 0.0140625 0.0859375 0.028125 0.08125
0 0.45078125 0.27421875 0.06015625 0.053125
0 0.58828125 0.50625 0.0609375 0.103125
0 0.54140625 0.04296875 0.0921875 0.0859375
0 0.634375 0.12734375 0.03125 0.1078125
0 0.63515625 0.31640625 0.0328125 0.1046875
0 0.6828125 0.01953125 0.128125 0.0390625
0 0.78828125 0.0703125 0.08203125 0.07421875
0 0.9125 0.015625 0.071875 0.03125
0 0.92578125 0.0328125 0.0671875 0.065625
0 0.475 0.8 0.2875 0.4
0 0.328125 0.9125 0.09609375 0.1078125
0 0.271875 0.6796875 0.084375 0.07421875
0 0.49140625 0.63046875 0.0734375 0.0609375
0 0.65234375 0.7921875 0.0671875 0.08125
0 0.88828125 0.68828125 0.2234375 0.1765625
0 0.63046875 0.62578125 0.0234375 0.0515625
0 0.75234375 0.846875 0.06484375 0.06015625