0 0.32421875 0.56796875 0.1390625 0.0421875
0 0.46015625 0.5296875 0.1265625 0.11875
0 0.2796875 0.40234375 0.12265625 0.1296875
0 0.15703125 0.35703125 0.10078125 0.11328125
0 0.0921875 0.26328125 0.14921875 0.18515625
0 0.0515625 0.4953125 0.0796875 0.071875
0 0.46875 0.0234375 0.071875 0.046875
0 0.5078125 0.29453125 0.0625 0.1203125
0 0.4984375 0.4046875 0.071875 0.0796875
0 0.73359375 0.0328125 0.1703125 0.065625
0 0.5609375 0.05703125 0.04375 0.1140625
0 0.56953125 0.29921875 0.0609375 0.0796875
0 0.71015625 0.3453125 0.0671875 0.0671875
0 0.84609375 0.225 0.0984375 0.0984375
0 0.8125 0.15390625 0.0796875 0.0765625
0 0.78671875 0.2703125 0.07421875 0.0796875
0 0.96484375 0.48515625 0.0703125 0.0921875
0 0.07109375 0.6 0.1109375 0.021875
0 0.30703125 0.68359375 0.13671875 0.15859375
0 0.321875 0.97734375 0.115625 0.0453125
0 0.0328125 0.89453125 0.065625 0.0734375
0 0.15546875 0.97890625 0.0765625 0.0421875
0 0.51484375 0.90859375 0.0484375 0.0578125
0 0.3546875 0.79921875 0.07421875 0.0671875
0 0.1453125 0.80234375 0.0671875 0.05546875
0 0.83046875 0.95625 0.071875 0.06953125
0 0.7734375 0.96796875 0.125 0.0640625
0 0.89921875 0.64296875 0.1828125 0.1078125
0 0.60234375 0.70625 0.1265625 0.234375
0 0.77109375 0.87578125 0.06953125 0.06953125