0 0.17421875 0.01640625 0.1421875 0.0328125
0 0.290625 0.0453125 0.11875 0.090625
0 0.34296875 0.13046875 0.17578125 0.18984375
0 0.5078125 0.13984375 0.103125 0.1171875
0 0.46953125 0.246875 0.10546875 0.1078125
0 0.675 0.0390625 0.23125 0.078125
0 0.9703125 0.0453125 0.059375 0.090625
0 0.88125 0.3421875 0.0875 0.075
0 0.77265625 0.34921875 0.0765625 0.0609375
0 0.41875 0.95625 0.07421875 0.07421875
0 0.2234375 0.5671875 0.103125 0.0984375
0 0.2859375 0.41796875 0.09375 0.0765625
0 0.0828125 0.55390625 0.0625 0.06484375
0 0.44921875 0.446875 0.07421875 0.07421875
0 0.5203125 0.78828125 0.06484375 0.071875
0 0.134375 0.875 0.0765625 0.08203125
0 0.1265625 0.7578125 0.06953125 0.06953125
0 0.06796875 0.7609375 0.0578125 0.0578125
0 0.28828125 0.79453125 0.053125 0.05078125
0 0.3890625 0.7265625 0.053125 0.0484375
0 0.42265625 0.73515625 0.05078125 0.05078125
0 0.42734375 0.5734375 0.06484375 0.06015625
0 0.8609375 0.98984375 0.09375 0.0203125
0 0.8234375 0.97265625 0.0625 0.0546875
0 0.77734375 0.9625 0.0484375 0.0484375
0 0.85078125 0.86875 0.08671875 0.08671875
0 0.97890625 0.8515625 0.0421875 0.071875
0 0.659375 0.62265625 0.134375 0.13203125
0 0.78828125 0.44453125 0.0671875 0.06953125
0 0.825 0.75 0.0796875 0.08203125
0 0.92109375 0.59375 0.08671875 0.08671875
0 0.6 0.3953125 0.075 0.03125
0 0.7859375 0.6140625 0.06953125 0.071875
0 0.5859375 0.7046875 0.053125 0.08125