0 0.2453125 0.50234375 0.125 0.0328125
0 0.35546875 0.4546875 0.0890625 0.1
0 0.18203125 0.36015625 0.103125 0.103125
0 0.0640625 0.33359375 0.08203125 0.0890625
0 0.0265625 0.2609375 0.053125 0.146875
0 0.0078125 0.4640625 0.015625 0.05625
0 0.3109375 0.01640625 0.059375 0.0328125
0 0.378125 0.240625 0.04375 0.09375
0 0.378125 0.3390625 0.04375 0.0625
0 0.8234375 0.34609375 0.09375 0.10546875
0 0.76875 0.23359375 0.10078125 0.10546875
0 0.74765625 0.0578125 0.2484375 0.115625
0 0.6234375 0.2984375 0.103125 0.11328125
0 0.51171875 0.3515625 0.146875 0.14921875
0 0.478125 0.1203125 0.0890625 0.0890625
0 0.5578125 0.11953125 0.06953125 0.071875
0 0.5921875 0.46796875 0.303125 0.1015625
0 0.90703125 0.13359375 0.1859375 0.2671875
0 0.296875 0.625 0.0671875 0.0765625
0 0.19375 0.7890625 0.3875 0.421875
0 0.77734375 0.58125 0.10546875 0.0984375
0 0.59921875 0.66171875 0.134375 0.1109375
0 0.69765625 0.83359375 0.08671875 0.07421875
0 0.40859375 0.89921875 0.0171875 0.0578125