0 0.21953125 0.28125 0.0765625 0.05625
0 0.2453125 0.04453125 0.06015625 0.05546875
0 0.1109375 0.04140625 0.11875 0.0828125
0 0.86171875 0.12421875 0.2765625 0.2484375
0 0.5 0.265625 0.1125 0.0875
0 0.3234375 0.15 0.046875 0.0625
0 0.265625 0.778125 0.06875 0.090625
0 0.20390625 0.79296875 0.03359375 0.040625
0 0.0171875 0.9234375 0.034375 0.096875
0 0.15546875 0.375 0.0625 0.06015625
0 0.0796875 0.446875 0.07421875 0.0765625
0 0.0953125 0.728125 0.0578125 0.0625
0 0.221875 0.56015625 0.0796875 0.0484375
0 0.3578125 0.65234375 0.115625 0.1296875
0 0.546875 0.728125 0.12265625 0.1421875
0 0.66484375 0.74765625 0.06015625 0.05078125
0 0.6828125 0.69609375 0.0578125 0.05078125
0 0.80390625 0.56171875 0.0578125 0.06015625
0 0.6390625 0.58671875 0.0578125 0.05546875
0 0.76171875 0.515625 0.053125 0.053125
0 0.80390625 0.45703125 0.053125 0.053125
0 0.7125 0.434375 0.053125 0.053125
0 0.790625 0.3875 0.06953125 0.0671875
0 0.6703125 0.334375 0.071875 0.05