0 0.08359375 0.290625 0.1671875 0.11875
0 0.97578125 0.33125 0.0484375 0.0375
0 0.696875 0.32734375 0.05625 0.0453125
0 0.62265625 0.315625 0.0734375 0.06875
0 0.628125 0.2640625 0.14453125 0.1515625
0 0.40546875 0.196875 0.08203125 0.0765625
0 0.4453125 0.29453125 0.0890625 0.0984375
0 0.3625 0.03515625 0.08125 0.0703125
0 0.59453125 0.009375 0.0578125 0.01875
0 0.5140625 0.22109375 0.0765625 0.0796875
0 0.328125 0.30546875 0.078125 0.0890625
0 0.346875 0.24609375 0.07421875 0.08203125
0 0.41015625 0.10703125 0.05546875 0.05078125
0 0.41875 0.1390625 0.0671875 0.0671875
0 0.4515625 0.0203125 0.05 0.040625
0 0.6765625 0.02265625 0.084375 0.0453125
0 0.8078125 0.28203125 0.06953125 0.084375
0 0.73359375 0.284375 0.05078125 0.05546875
0 0.07578125 0.88203125 0.1515625 0.12734375
0 0.12421875 0.7234375 0.10078125 0.12265625
0 0.1578125 0.5890625 0.09140625 0.08671875
0 0.221875 0.571875 0.0453125 0.05546875
0 0.96484375 0.82734375 0.0703125 0.0890625
0 0.86015625 0.93203125 0.0984375 0.0984375
0 0.97890625 0.97109375 0.0421875 0.0484375