0 0.171875 0.3953125 0.34375 0.246875
0 0.07890625 0.04296875 0.1578125 0.0859375
0 0.36875 0.09765625 0.0375 0.1453125
0 0.5125 0.07109375 0.128125 0.1421875
0 0.66328125 0.215625 0.08203125 0.09140625
0 0.67578125 0.09375 0.07421875 0.09375
0 0.878125 0.0125 0.121875 0.025
0 0.178125 0.9765625 0.065625 0.046875
0 0.1203125 0.93125 0.08203125 0.0625
0 0.03046875 0.95234375 0.0609375 0.0796875
0 0.3296875 0.6109375 0.040625 0.134375
0 0.3109375 0.68046875 0.0453125 0.06015625
0 0.21484375 0.84375 0.0765625 0.10546875
0 0.08515625 0.62890625 0.115625 0.125
0 0.03125 0.71640625 0.0625 0.0859375
0 0.47265625 0.6484375 0.17578125 0.1703125
0 0.37734375 0.85625 0.0546875 0.16875
0 0.4875 0.853125 0.0984375 0.1109375
0 0.54140625 0.89765625 0.07421875 0.07421875
0 0.68203125 0.9046875 0.1703125 0.190625
0 0.86328125 0.84453125 0.0625 0.06953125
0 0.95234375 0.90390625 0.071875 0.06484375
0 0.94140625 0.9625 0.053125 0.053125
0 0.3609375 0.625 0.021875 0.115625
0 0.76875 0.5421875 0.09375 0.046875
0 0.8703125 0.62890625 0.259375 0.2203125
0 0.684375 0.6140625 0.07421875 0.0796875
0 0.49765625 0.98671875 0.0578125 0.0265625