0 0.13359375 0.1609375 0.2671875 0.321875
0 0.25546875 0.31640625 0.0671875 0.0828125
0 0.1796875 0.21328125 0.165625 0.165625
0 0.4734375 0.0265625 0.14375 0.053125
0 0.49453125 0.09140625 0.0984375 0.0671875
0 0.7234375 0.1359375 0.10546875 0.0984375
0 0.82890625 0.35703125 0.07421875 0.084375
0 0.346875 0.3375 0.10546875 0.11328125
0 0.16171875 0.5296875 0.2546875 0.240625
0 0.059375 0.48828125 0.0671875 0.0765625
0 0.2625 0.7828125 0.053125 0.103125
0 0.2296875 0.8546875 0.084375 0.08671875
0 0.340625 0.646875 0.103125 0.196875
0 0.37734375 0.81484375 0.09609375 0.0984375
0 0.44609375 0.8484375 0.10546875 0.1078125
0 0.4125 0.66015625 0.06953125 0.06953125
0 0.61171875 0.72265625 0.08671875 0.0890625
0 0.46171875 0.55859375 0.09140625 0.0890625
0 0.4578125 0.51171875 0.0796875 0.0796875
0 0.303125 0.5078125 0.028125 0.0875
0 0.3453125 0.4859375 0.0796875 0.08203125
0 0.67109375 0.42578125 0.0890625 0.0328125
0 0.91015625 0.58359375 0.1796875 0.2484375
0 0.5546875 0.86640625 0.1078125 0.1078125
0 0.75625 0.81796875 0.4875 0.3640625
0 0.6796875 0.58203125 0.10546875 0.103125
0 0.54609375 0.5609375 0.0796875 0.0796875