0 0.2296875 0.16484375 0.459375 0.3296875
0 0.48203125 0.26640625 0.0453125 0.1296875
0 0.5125 0.37890625 0.103125 0.0609375
0 0.18515625 0.98359375 0.1046875 0.0328125
0 0.31328125 0.9515625 0.084375 0.08671875
0 0.45078125 0.90625 0.0171875 0.084375
0 0.41015625 0.6875 0.05546875 0.0765625
0 0.284375 0.7234375 0.1078125 0.11328125
0 0.18671875 0.784375 0.103125 0.115625
0 0.16484375 0.58125 0.12265625 0.146875
0 0.3359375 0.58046875 0.0984375 0.103125
0 0.29609375 0.478125 0.06953125 0.08671875
0 0.23828125 0.465625 0.07421875 0.09140625
0 0.015625 0.525 0.03125 0.128125
0 0.0328125 0.42109375 0.053125 0.0234375
0 0.55390625 0.9375 0.09375 0.08671875
0 0.75078125 0.80078125 0.053125 0.05078125