0 0.0203125 0.16875 0.040625 0.115625
0 0.09765625 0.253125 0.1953125 0.221875
0 0.02890625 0.4328125 0.0578125 0.146875
0 0.39140625 0.1109375 0.12265625 0.12265625
0 0.24609375 0.12265625 0.11328125 0.11328125
0 0.78359375 0.321875 0.2015625 0.23046875
0 0.80703125 0.4921875 0.0578125 0.034375
0 0.50234375 0.446875 0.0578125 0.09375
0 0.5859375 0.04453125 0.05546875 0.0578125
0 0.68984375 0.1078125 0.06015625 0.08203125
0 0.83671875 0.078125 0.08671875 0.08203125
0 0.92734375 0.01796875 0.0671875 0.0359375
0 0.98515625 0.03828125 0.0296875 0.0765625
0 0.96484375 0.4515625 0.0703125 0.115625
0 0.646875 0.3109375 0.0578125 0.0671875
0 0.45078125 0.68515625 0.0359375 0.1171875
0 0.22109375 0.76328125 0.08203125 0.09140625
0 0.35234375 0.965625 0.0921875 0.06875
0 0.20546875 0.9796875 0.0671875 0.040625
0 0.05546875 0.74375 0.07421875 0.05546875
0 0.13984375 0.6546875 0.08203125 0.06015625
0 0.146875 0.5484375 0.10625 0.078125
0 0.49375 0.63984375 0.05 0.1390625
0 0.6765625 0.82109375 0.20703125 0.20703125
0 0.86875 0.6515625 0.1296875 0.1203125
0 0.8671875 0.5890625 0.11328125 0.11328125
0 0.95390625 0.828125 0.071875 0.0796875
0 0.5828125 0.559375 0.18125 0.1