0 0.3875 0.10546875 0.13671875 0.15625
0 0.215625 0.16640625 0.09375 0.103125
0 0.103125 0.0484375 0.05546875 0.07421875
0 0.01953125 0.19375 0.0390625 0.05625
0 0.0125 0.38359375 0.025 0.0703125
0 0.24453125 0.3875 0.0578125 0.0625
0 0.6390625 0.2171875 0.021875 0.0875
0 0.56796875 0.12421875 0.06953125 0.0796875
0 0.62890625 0.39765625 0.0421875 0.0421875
0 0.9578125 0.240625 0.084375 0.23125
0 0.65859375 0.07109375 0.0171875 0.0578125
0 0.16796875 0.77109375 0.28828125 0.303125
0 0.2953125 0.72421875 0.084375 0.08671875
0 0.39140625 0.7171875 0.08671875 0.08671875
0 0.50703125 0.8265625 0.14453125 0.134375
0 0.5828125 0.83984375 0.08671875 0.08203125
0 0.41171875 0.87734375 0.07421875 0.08203125
0 0.1640625 0.98515625 0.071875 0.0296875
0 0.18359375 0.45546875 0.0796875 0.0734375
0 0.21796875 0.50546875 0.1109375 0.11328125
0 0.18359375 0.58515625 0.0796875 0.07421875
0 0.26015625 0.63203125 0.0984375 0.115625
0 0.61796875 0.44609375 0.0640625 0.0546875
0 0.634375 0.53984375 0.03125 0.0890625
0 0.55625 0.578125 0.07421875 0.0765625
0 0.56171875 0.68125 0.0984375 0.0890625
0 0.5140625 0.7296875 0.06953125 0.06953125
0 0.4609375 0.67421875 0.0625 0.0671875
0 0.3046875 0.5359375 0.05078125 0.06484375
0 0.34296875 0.55234375 0.06484375 0.06953125
0 0.03203125 0.590625 0.0640625 0.06875
0 0.2859375 0.8515625 0.0578125 0.06015625
0 0.03359375 0.80546875 0.0671875 0.0953125
0 0.8359375 0.75859375 0.328125 0.4609375
0 0.8734375 0.50390625 0.246875 0.1703125
0 0.6953125 0.7453125 0.090625 0.153125
0 0.734375 0.54296875 0.07421875 0.0765625