0 0.55546875 0.35859375 0.1421875 0.1421875
0 0.2671875 0.2578125 0.0796875 0.0796875
0 0.36953125 0.34375 0.071875 0.071875
0 0.28828125 0.08046875 0.08203125 0.0671875
0 0.03515625 0.11953125 0.0703125 0.2390625
0 0.1765625 0.39765625 0.053125 0.053125
0 0.85859375 0.034375 0.1140625 0.06875
0 0.98046875 0.08359375 0.0390625 0.0953125
0 0.84140625 0.17578125 0.0890625 0.0890625
0 0.8359375 0.23984375 0.0890625 0.08671875
0 0.90859375 0.325 0.09140625 0.09140625
0 0.9859375 0.34921875 0.028125 0.0828125
0 0.9453125 0.2640625 0.053125 0.05546875
0 0.815625 0.4171875 0.053125 0.025
0 0.7421875 0.32109375 0.184375 0.1796875
0 0.59921875 0.96640625 0.1015625 0.0671875
0 0.56328125 0.85625 0.0890625 0.0890625
0 0.2453125 0.95546875 0.14375 0.0890625
0 0.14765625 0.94296875 0.1359375 0.1140625
0 0.10546875 0.709375 0.2109375 0.2125
0 0.265625 0.73828125 0.165625 0.19453125
0 0.59140625 0.6046875 0.08203125 0.084375
0 0.96015625 0.94765625 0.0765625 0.1046875
0 0.92890625 0.74453125 0.0890625 0.11796875
0 0.87109375 0.58828125 0.05546875 0.071875
0 0.7546875 0.9734375 0.053125 0.053125