0 0.271875 0.24296875 0.1828125 0.17578125
0 0.23359375 0.4421875 0.15390625 0.15625
0 0.0953125 0.58828125 0.13125 0.0421875
0 0.0296875 0.578125 0.059375 0.0625
0 0.16015625 0.53125 0.06484375 0.06953125
0 0.0984375 0.19609375 0.0578125 0.053125
0 0.41015625 0.08671875 0.06015625 0.06015625
0 0.275 0.5875 0.05 0.04375
0 0.57265625 0.3671875 0.0546875 0.053125
0 0.83828125 0.25703125 0.15859375 0.1609375
0 0.7953125 0.17890625 0.0765625 0.0890625
0 0.8859375 0.05625 0.0890625 0.09375
0 0.7 0.23671875 0.0890625 0.09375
0 0.6078125 0.184375 0.015625 0.06875
0 0.62421875 0.38515625 0.0484375 0.0953125
0 0.7015625 0.49140625 0.1734375 0.165625
0 0.84921875 0.53515625 0.1109375 0.10546875
0 0.9484375 0.45 0.103125 0.11875
0 0.98671875 0.50625 0.0265625 0.09375
0 0.15625 0.82109375 0.10546875 0.11328125
0 0.0703125 0.7953125 0.10546875 0.1109375
0 0.590625 0.74296875 0.01875 0.0890625
0 0.83671875 0.7453125 0.1828125 0.1828125