0 0.83359375 0.53359375 0.0515625 0.1609375
0 0.62734375 0.5515625 0.0796875 0.0890625
0 0.56484375 0.5 0.07421875 0.0625
0 0.43515625 0.3484375 0.0484375 0.05078125
0 0.47265625 0.11875 0.0890625 0.12734375
0 0.3921875 0.2640625 0.053125 0.05546875
0 0.28828125 0.1703125 0.06953125 0.0796875
0 0.1046875 0.1984375 0.09140625 0.09375
0 0.16796875 0.11640625 0.0984375 0.08203125
0 0.8171875 0.18359375 0.05078125 0.05546875
0 0.740625 0.31640625 0.0453125 0.053125
0 0.69609375 0.1828125 0.05546875 0.06484375
0 0.821875 0.1203125 0.06015625 0.0484375
0 0.85234375 0.04609375 0.0140625 0.0328125
0 0.2328125 0.28515625 0.0359375 0.03359375
0 0.5109375 0.26796875 0.0359375 0.03828125
0 0.5734375 0.43125 0.0484375 0.05078125
0 0.93203125 0.05078125 0.1015625 0.1015625
0 0.9625 0.32578125 0.075 0.1734375
0 0.959375 0.2046875 0.08125 0.0875
0 0.91484375 0.58828125 0.06953125 0.0578125
0 0.91015625 0.59921875 0.0984375 0.0390625
0 0.26640625 0.97421875 0.1015625 0.0515625
0 0.028125 0.98828125 0.05625 0.0234375
0 0.021875 0.9421875 0.03828125 0.05078125
0 0.025 0.6890625 0.05 0.084375
0 0.1 0.66953125 0.0625 0.053125
0 0.10703125 0.63515625 0.0953125 0.0328125
0 0.3671875 0.671875 0.0890625 0.10546875
0 0.30078125 0.72109375 0.084375 0.084375
0 0.378125 0.8109375 0.09609375 0.0765625
0 0.3421875 0.91484375 0.0671875 0.0765625
0 0.5046875 0.98203125 0.075 0.0359375
0 0.525 0.91328125 0.084375 0.0796875
0 0.54375 0.7953125 0.1109375 0.11796875
0 0.81171875 0.98125 0.0953125 0.0375
0 0.81875 0.96953125 0.0671875 0.0578125
0 0.84296875 0.8078125 0.0328125 0.053125
0 0.8203125 0.77734375 0.0484375 0.04296875
0 0.18359375 0.87734375 0.0625 0.06953125
0 0.45703125 0.80390625 0.0578125 0.0625
0 0.090625 0.9046875 0.1296875 0.15390625
0 0.9296875 0.86171875 0.140625 0.2203125