0 0.49609375 0.325 0.06015625 0.06015625
0 0.28203125 0.21875 0.125 0.13203125
0 0.45 0.2390625 0.06484375 0.06484375
0 0.434375 0.096875 0.0890625 0.09140625
0 0.05390625 0.22578125 0.1078125 0.10546875
0 0.06875 0.02734375 0.0625 0.0546875
0 0.2015625 0.428125 0.071875 0.04375
0 0.5625 0.11953125 0.04296875 0.04296875
0 0.3828125 0.340625 0.0453125 0.0453125
0 0.9328125 0.38359375 0.03828125 0.05546875
0 0.70078125 0.42421875 0.0640625 0.0515625
0 0.7796875 0.43359375 0.034375 0.0328125
0 0.72890625 0.37890625 0.04296875 0.0453125
0 0.95078125 0.2453125 0.0453125 0.06484375
0 0.98203125 0.12578125 0.0359375 0.0484375
0 0.925 0.05703125 0.06484375 0.0625
0 0.92890625 0.00625 0.0515625 0.0125
0 0.6765625 0.02109375 0.015625 0.0421875
0 0.48359375 0.70546875 0.1921875 0.1921875
0 0.30390625 0.96953125 0.0796875 0.0609375
0 0.36953125 0.92421875 0.10078125 0.09609375
0 0.12578125 0.95390625 0.1015625 0.0921875
0 0.02734375 0.88203125 0.0546875 0.0890625
0 0.55703125 0.54453125 0.11796875 0.12265625
0 0.58359375 0.84921875 0.0625 0.0625
0 0.33125 0.8484375 0.1078125 0.10546875
0 0.35625 0.765625 0.07421875 0.0796875
0 0.22421875 0.878125 0.08203125 0.084375
0 0.2171875 0.7375 0.0578125 0.06015625
0 0.034375 0.78125 0.06875 0.15625
0 0.1234375 0.6171875 0.21171875 0.21171875
0 0.040625 0.54453125 0.08125 0.1046875
0 0.2125 0.5375 0.18125 0.175
0 0.640625 0.7078125 0.05625 0.05625
0 0.6234375 0.66796875 0.06015625 0.0625
0 0.596875 0.4875 0.06015625 0.06015625
0 0.40390625 0.4625 0.0484375 0.025
0 0.4828125 0.5203125 0.0578125 0.06015625
0 0.95078125 0.86796875 0.0984375 0.1109375
0 0.90546875 0.796875 0.08203125 0.103125
0 0.93671875 0.73359375 0.0625 0.0671875
0 0.97421875 0.68203125 0.05078125 0.05546875
0 0.91640625 0.6375 0.07421875 0.0578125
0 0.840625 0.68515625 0.0625 0.0578125
0 0.78046875 0.540625 0.2234375 0.18125
0 0.68671875 0.88203125 0.0359375 0.0640625