0 0.47265625 0.38046875 0.0546875 0.0390625
0 0.428125 0.33515625 0.06484375 0.0484375
0 0.33671875 0.1578125 0.03828125 0.04296875
0 0.315625 0.06484375 0.04296875 0.0453125
0 0.15546875 0.0484375 0.03125 0.02890625
0 0.4296875 0.09765625 0.03125 0.03359375
0 0.4515625 0.2703125 0.03828125 0.04296875
0 0.55 0.1046875 0.1 0.13125
0 0.5703125 0.03125 0.1375 0.0625
0 0.81640625 0.03671875 0.0859375 0.0734375
0 0.7296875 0.3140625 0.08671875 0.08671875
0 0.78125 0.196875 0.09375 0.084375
0 0.67421875 0.04609375 0.06015625 0.0625
0 0.6203125 0.14140625 0.0625 0.0578125
0 0.4703125 0.684375 0.059375 0.14375
0 0.45546875 0.97421875 0.0765625 0.0515625
0 0.36953125 0.9640625 0.0671875 0.0671875
0 0.91796875 0.45625 0.1640625 0.1125
0 0.821875 0.68125 0.0796875 0.0796875
0 0.89296875 0.71875 0.053125 0.053125
0 0.82578125 0.771875 0.05546875 0.0578125
0 0.71484375 0.73203125 0.0625 0.06015625
0 0.6546875 0.615625 0.06484375 0.0625
0 0.52890625 0.67578125 0.0578125 0.0578125
0 0.66328125 0.78046875 0.08203125 0.0796875
0 0.8125 0.94140625 0.0765625 0.0765625
0 0.86640625 0.9796875 0.1109375 0.040625
0 0.5125 0.72421875 0.025 0.0796875
0 0.53671875 0.840625 0.0734375 0.1125
0 0.9421875 0.9390625 0.06953125 0.0671875
0 0.97578125 0.92109375 0.0484375 0.0515625
0 0.69296875 0.96875 0.0671875 0.0625
0 0.675 0.990625 0.04375 0.01875
0 0.6 0.8796875 0.0625 0.0625
0 0.59140625 0.57734375 0.0625 0.0625