0 0.2609375 0.11875 0.24296875 0.2328125
0 0.39609375 0.3171875 0.4296875 0.34375
0 0.6125 0.215625 0.1203125 0.1203125
0 0.109375 0.32421875 0.15859375 0.15390625
0 0.50546875 0.07734375 0.08671875 0.08671875
0 0.65390625 0.09375 0.0515625 0.0625
0 0.653125 0.3125 0.053125 0.10625
0 0.60078125 0.46015625 0.0578125 0.0578125
0 0.51171875 0.4671875 0.0546875 0.04375
0 0.20625 0.21015625 0.09140625 0.09140625
0 0.34140625 0.48203125 0.0671875 0.0140625
0 0.93671875 0.0640625 0.071875 0.0765625
0 0.85703125 0.14140625 0.06484375 0.07421875
0 0.77890625 0.02890625 0.0671875 0.0578125
0 0.77265625 0.2078125 0.0578125 0.0796875
0 0.86640625 0.2796875 0.071875 0.071875
0 0.79609375 0.43125 0.103125 0.103125
0 0.9890625 0.42578125 0.021875 0.0703125
0 0.31875 0.71171875 0.15859375 0.1515625
0 0.12578125 0.77734375 0.1828125 0.178125
0 0.43359375 0.91953125 0.2453125 0.1609375
0 0.1734375 0.5875 0.146875 0.12734375
0 0.159375 0.53515625 0.10625 0.0921875
0 0.16640625 0.50703125 0.0796875 0.0359375
0 0.7765625 0.9 0.1390625 0.1515625
0 0.71875 0.75078125 0.078125 0.0703125
0 0.984375 0.975 0.03125 0.05