0 0.13125 0.24921875 0.2625 0.2796875
0 0.35234375 0.08515625 0.1546875 0.1703125
0 0.29375 0.25 0.0484375 0.053125
0 0.21484375 0.2078125 0.0453125 0.05546875
0 0.225 0.115625 0.071875 0.084375
0 0.203125 0.03125 0.0875 0.0625
0 0.06328125 0.11796875 0.0578125 0.06015625
0 0.940625 0.14453125 0.08203125 0.09140625
0 0.67890625 0.3203125 0.071875 0.06953125
0 0.46015625 0.371875 0.0484375 0.034375
0 0.809375 0.36328125 0.04296875 0.04296875
0 0.94765625 0.22890625 0.05546875 0.03125
0 0.18203125 0.490625 0.08203125 0.09140625
0 0.16875 0.40234375 0.075 0.0265625
0 0.478125 0.73046875 0.096875 0.1109375
0 0.46796875 0.990625 0.0578125 0.01875
0 0.553125 0.98828125 0.053125 0.0234375