0 0.0640625 0.11875 0.128125 0.196875
0 0.259375 0.10078125 0.3625 0.2015625
0 0.59296875 0.025 0.1734375 0.05
0 0.3265625 0.259375 0.10078125 0.10078125
0 0.17109375 0.29765625 0.071875 0.07421875
0 0.2875 0.3796875 0.053125 0.053125
0 0.42734375 0.3328125 0.053125 0.0578125
0 0.46171875 0.30703125 0.06015625 0.0625
0 0.4296875 0.22578125 0.0796875 0.09375
0 0.465625 0.0703125 0.0484375 0.05078125
0 0.4109375 0.015625 0.04375 0.03125
0 0.04140625 0.02890625 0.0765625 0.0578125
0 0.75078125 0.12265625 0.1109375 0.11328125
0 0.71953125 0.278125 0.0796875 0.25625
0 0.74921875 0.409375 0.1390625 0.11875
0 0.8015625 0.2828125 0.103125 0.103125
0 0.828125 0.015625 0.0875 0.03125
0 0.9375 0.425 0.125 0.0875
0 0.8984375 0.18125 0.203125 0.3625
0 0.24296875 0.96875 0.1609375 0.0625
0 0.1046875 0.84296875 0.103125 0.10078125
0 0.40625 0.70625 0.0765625 0.0765625
0 0.2984375 0.51171875 0.11875 0.0859375
0 0.55 0.96796875 0.06875 0.0640625
0 0.6671875 0.9734375 0.025 0.053125
0 0.72109375 0.778125 0.06484375 0.07421875
0 0.81953125 0.7125 0.05078125 0.0484375
0 0.8109375 0.81171875 0.0578125 0.06484375
0 0.975 0.6515625 0.05 0.053125
0 0.95078125 0.72421875 0.0765625 0.071875
0 0.765625 0.57890625 0.06484375 0.06953125
0 0.78203125 0.51171875 0.053125 0.05078125
0 0.8234375 0.47578125 0.053125 0.0140625