0 0.096875 0.14296875 0.1703125 0.1609375
0 0.0703125 0.53671875 0.140625 0.0859375
0 0.1375 0.384375 0.1109375 0.10546875
0 0.36015625 0.23984375 0.0578125 0.0578125
0 0.1046875 0.2453125 0.0625 0.06484375
0 0.2203125 0.53359375 0.040625 0.03828125
0 0.4625 0.4046875 0.146875 0.278125
0 0.49296875 0.53828125 0.1265625 0.0828125
0 0.6921875 0.2734375 0.0984375 0.0984375
0 0.6234375 0.23515625 0.1078125 0.1078125
0 0.53203125 0.11640625 0.10078125 0.10078125
0 0.59609375 0.0359375 0.0890625 0.071875
0 0.6546875 0.1765625 0.08203125 0.08203125
0 0.6125 0.11484375 0.10078125 0.10078125
0 0.75234375 0.03359375 0.0828125 0.0671875
0 0.73515625 0.1609375 0.1078125 0.1078125
0 0.8671875 0.190625 0.0796875 0.0796875
0 0.8171875 0.275 0.09609375 0.09609375
0 0.73125 0.52265625 0.08671875 0.08671875
0 0.30546875 0.725 0.071875 0.0765625
0 0.22578125 0.80234375 0.06484375 0.07421875
0 0.14765625 0.67734375 0.0671875 0.084375
0 0.14140625 0.86875 0.0578125 0.0796875
0 0.23515625 0.940625 0.071875 0.071875
0 0.01953125 0.9625 0.0390625 0.075
0 0.85703125 0.81171875 0.26171875 0.228125
0 0.65625 0.58828125 0.071875 0.0171875
0 0.44140625 0.58671875 0.0734375 0.0140625
0 0.66015625 0.72265625 0.08203125 0.0890625
0 0.46171875 0.85703125 0.1078125 0.10546875
0 0.48203125 0.94921875 0.1296875 0.1015625
0 0.4125 0.73359375 0.046875 0.0609375
0 0.82578125 0.603125 0.0796875 0.046875
0 0.903125 0.99296875 0.04375 0.0140625
0 0.49609375 0.60546875 0.0578125 0.0515625
0 0.42421875 0.63828125 0.05078125 0.0625