0 0.0828125 0.23203125 0.11328125 0.12265625
0 0.14453125 0.328125 0.08203125 0.08203125
0 0.1 0.3671875 0.08671875 0.08671875
0 0.16015625 0.42421875 0.0765625 0.08203125
0 0.2453125 0.403125 0.08671875 0.084375
0 0.27265625 0.5015625 0.10078125 0.1109375
0 0.18515625 0.515625 0.08203125 0.08203125
0 0.10078125 0.5828125 0.0796875 0.09375
0 0.01328125 0.58828125 0.0265625 0.0828125
0 0.11640625 0.09140625 0.0796875 0.0796875
0 0.25 0.12734375 0.1421875 0.18046875
0 0.50859375 0.21328125 0.11328125 0.1109375
0 0.5109375 0.53671875 0.178125 0.1859375
0 0.30078125 0.621875 0.0578125 0.015625
0 0.85234375 0.60703125 0.1296875 0.0453125
0 0.70703125 0.28046875 0.2140625 0.2234375
0 0.95703125 0.1546875 0.0859375 0.134375
0 0.78828125 0.01484375 0.0546875 0.0296875
0 0.83671875 0.5234375 0.05078125 0.05546875
0 0.7109375 0.55234375 0.04296875 0.0484375
0 0.61640625 0.484375 0.0328125 0.053125
0 0.69765625 0.45625 0.0765625 0.08203125
0 0.95859375 0.57265625 0.0625 0.06015625
0 0.18671875 0.84609375 0.3734375 0.3078125
0 0.62734375 0.8328125 0.0546875 0.08125
0 0.6375 0.9453125 0.053125 0.06484375
0 0.709375 0.940625 0.09609375 0.1078125
0 0.74921875 0.8875 0.05546875 0.06484375
0 0.8 0.81484375 0.4 0.3703125
0 0.85234375 0.89140625 0.05546875 0.0578125
0 0.83828125 0.98359375 0.0671875 0.0328125