0 0.10546875 0.01484375 0.0703125 0.0296875
0 0.27109375 0.0765625 0.10546875 0.1078125
0 0.36953125 0.08828125 0.4203125 0.1765625
0 0.43671875 0.315625 0.09375 0.08203125
0 0.26640625 0.3609375 0.1078125 0.05625
0 0.05703125 0.24140625 0.06015625 0.0578125
0 0.084375 0.1453125 0.10546875 0.15390625
0 0.5640625 0.36953125 0.03125 0.0390625
0 0.66875 0.04765625 0.15625 0.0953125
0 0.60703125 0.16796875 0.0546875 0.0828125
0 0.71875 0.38125 0.053125 0.015625
0 0.76328125 0.3609375 0.053125 0.04296875
0 0.05546875 0.68671875 0.1109375 0.2984375
0 0.31015625 0.9421875 0.1609375 0.115625
0 0.2078125 0.98203125 0.165625 0.0359375
0 0.19375 0.42265625 0.115625 0.0671875
0 0.0421875 0.56875 0.0625 0.0578125
0 0.4734375 0.87734375 0.0625 0.084375
0 0.225 0.7453125 0.07421875 0.06484375
0 0.8578125 0.67734375 0.284375 0.5765625
0 0.79140625 0.8796875 0.0578125 0.07421875
0 0.75078125 0.8171875 0.05546875 0.08203125
0 0.615625 0.63359375 0.071875 0.1921875
0 0.60390625 0.846875 0.0484375 0.053125
0 0.90234375 0.72734375 0.0578125 0.06484375