0 0.040625 0.33203125 0.08125 0.2203125
0 0.103125 0.61640625 0.20625 0.0859375
0 0.33046875 0.46640625 0.146875 0.13203125
0 0.3546875 0.54375 0.0890625 0.09609375
0 0.30625 0.63515625 0.084375 0.0484375
0 0.19921875 0.03984375 0.0765625 0.07421875
0 0.1546875 0.171875 0.10546875 0.09609375
0 0.20546875 0.31171875 0.0984375 0.0984375
0 0.55859375 0.0109375 0.0859375 0.021875
0 0.53203125 0.05546875 0.1109375 0.1109375
0 0.6953125 0.1234375 0.1109375 0.10546875
0 0.44375 0.38828125 0.05 0.1203125
0 0.6140625 0.5375 0.1609375 0.1609375
0 0.55078125 0.625 0.0765625 0.06875
0 0.8296875 0.53359375 0.0984375 0.10078125
0 0.8609375 0.60546875 0.10546875 0.10078125
0 0.90546875 0.1765625 0.08671875 0.0796875
0 0.67265625 0.30078125 0.084375 0.08671875
0 0.11875 0.7421875 0.0796875 0.08203125
0 0.265625 0.94375 0.0890625 0.10078125
0 0.18515625 0.87265625 0.071875 0.06953125
0 0.06171875 0.97421875 0.0703125 0.0515625
0 0.4109375 0.71015625 0.015625 0.0578125
0 0.53359375 0.9203125 0.0765625 0.0890625
0 0.67109375 0.97265625 0.0953125 0.0546875