0 0.20390625 0.04765625 0.1515625 0.0953125
0 0.01640625 0.03984375 0.0328125 0.0796875
0 0.09375 0.23671875 0.10078125 0.134375
0 0.015625 0.3203125 0.03125 0.096875
0 0.71640625 0.184375 0.4890625 0.36875
0 0.91171875 0.109375 0.1109375 0.134375
0 0.9625 0.20703125 0.075 0.1515625
0 0.46015625 0.31640625 0.2984375 0.1046875
0 0.38203125 0.01953125 0.0765625 0.0390625
0 0.346875 0.16328125 0.134375 0.3265625
0 0.30390625 0.33203125 0.0484375 0.0734375
0 0.1 0.45078125 0.06953125 0.06015625
0 0.1609375 0.61640625 0.08671875 0.08203125
0 0.771875 0.46015625 0.228125 0.1828125
0 0.8953125 0.421875 0.1375 0.10625
0 0.94375 0.9390625 0.10546875 0.1078125
0 0.3109375 0.56640625 0.0625 0.1578125
0 0.53828125 0.6859375 0.084375 0.09375
0 0.615625 0.69453125 0.07421875 0.0890625
0 0.69921875 0.73984375 0.08203125 0.0890625
0 0.84140625 0.7203125 0.09140625 0.0984375