0 0.07890625 0.228125 0.1578125 0.24375
0 0.41328125 0.20546875 0.1609375 0.15859375
0 0.46796875 0.26640625 0.10546875 0.10546875
0 0.67890625 0.28359375 0.0421875 0.0921875
0 0.5734375 0.02890625 0.103125 0.0578125
0 0.13125 0.034375 0.11875 0.06875
0 0.2359375 0.11640625 0.11328125 0.11328125
0 0.846875 0.33359375 0.115625 0.0328125
0 0.93046875 0.0140625 0.0671875 0.028125
0 0.7515625 0.1203125 0.0765625 0.0796875
0 0.709375 0.20546875 0.01875 0.0765625
0 0.97578125 0.153125 0.0484375 0.05
0 0.93125 0.30625 0.0671875 0.0671875
0 0.7078125 0.0328125 0.015625 0.053125
0 0.41953125 0.4078125 0.3203125 0.115625
0 0.47421875 0.38125 0.1109375 0.0625
0 0.60234375 0.3828125 0.1828125 0.065625
0 0.66796875 0.4046875 0.0640625 0.109375
0 0.68984375 0.4984375 0.0203125 0.075
0 0.68515625 0.57734375 0.0296875 0.0578125
0 0.60390625 0.4921875 0.0796875 0.0796875
0 0.4765625 0.4609375 0.0796875 0.0796875
0 0.178125 0.37109375 0.065625 0.0421875
0 0.19453125 0.4171875 0.10078125 0.10078125
0 0.05234375 0.38203125 0.1046875 0.0640625
0 0.0828125 0.46171875 0.1078125 0.1078125
0 0.14375 0.46640625 0.09140625 0.0890625
0 0.05625 0.5671875 0.1125 0.11875
0 0.39140625 0.6046875 0.07421875 0.07421875
0 0.3671875 0.64453125 0.07421875 0.07421875
0 0.440625 0.63828125 0.05546875 0.05546875
0 0.31953125 0.64609375 0.06484375 0.06484375
0 0.20625 0.67109375 0.1203125 0.1203125
0 0.3796875 0.80703125 0.1296875 0.1296875
0 0.34609375 0.75546875 0.08671875 0.08671875
0 0.5859375 0.57578125 0.09375 0.09375
0 0.590625 0.79609375 0.1828125 0.1828125
0 0.590625 0.8546875 0.08671875 0.08671875
0 0.640625 0.85703125 0.0984375 0.0984375
0 0.68984375 0.80703125 0.0203125 0.0796875
0 0.52109375 0.8453125 0.0796875 0.0796875
0 0.39140625 0.90078125 0.08203125 0.08203125
0 0.40625 0.96171875 0.0765625 0.0765625
0 0.3046875 0.9734375 0.084375 0.053125
0 0.2640625 0.89375 0.08203125 0.08203125
0 0.20625 0.78515625 0.07421875 0.07421875
0 0.03984375 0.93515625 0.0796875 0.1078125
0 0.56796875 0.6671875 0.24296875 0.24296875
0 0.02265625 0.784375 0.0453125 0.090625
0 0.71015625 0.82578125 0.0203125 0.0734375
0 0.7359375 0.82890625 0.05078125 0.06484375
0 0.71484375 0.75234375 0.0296875 0.0765625
0 0.9140625 0.9875 0.121875 0.025
0 0.77265625 0.63515625 0.09375 0.09140625
0 0.82734375 0.4890625 0.05546875 0.05546875
0 0.9390625 0.49140625 0.0578125 0.0578125
0 0.86796875 0.80390625 0.06953125 0.06953125