0 0.01796875 0.24609375 0.0359375 0.0765625
0 0.021875 0.484375 0.04375 0.096875
0 0.11171875 0.54296875 0.0984375 0.084375
0 0.1125 0.47890625 0.05546875 0.06015625
0 0.43359375 0.18125 0.103125 0.103125
0 0.5171875 0.08671875 0.065625 0.0796875
0 0.41796875 0.01796875 0.0953125 0.0359375
0 0.4765625 0.434375 0.07421875 0.071875
0 0.33125 0.1953125 0.07421875 0.0765625
0 0.16796875 0.34921875 0.0625 0.0671875
0 0.5890625 0.08203125 0.0765625 0.09375
0 0.6140625 0.39296875 0.125 0.165625
0 0.97578125 0.14453125 0.0484375 0.1015625
0 0.88984375 0.2546875 0.053125 0.0578125
0 0.9125 0.31875 0.06484375 0.0796875
0 0.78125 0.0875 0.1203125 0.13203125
0 0.73984375 0.478125 0.2109375 0.221875
0 0.21328125 0.978125 0.0890625 0.04375
0 0.0390625 0.94921875 0.078125 0.0890625
0 0.078125 0.91015625 0.09375 0.10546875
0 0.1453125 0.7890625 0.10546875 0.103125
0 0.2125 0.87421875 0.06484375 0.06015625
0 0.13671875 0.66875 0.10078125 0.10546875
0 0.3328125 0.6265625 0.08125 0.075
0 0.45859375 0.61953125 0.05546875 0.0453125
0 0.3625 0.671875 0.05546875 0.05078125
0 0.3 0.73203125 0.05078125 0.0578125
0 0.228125 0.66484375 0.053125 0.0578125
0 0.3359375 0.85625 0.09375 0.0984375
0 0.4140625 0.81015625 0.04296875 0.05078125
0 0.5 0.7609375 0.1 0.209375
0 0.73984375 0.6453125 0.1609375 0.1125
0 0.66640625 0.728125 0.0578125 0.06484375
0 0.60625 0.74609375 0.0984375 0.084375
0 0.59921875 0.96484375 0.0984375 0.0703125
0 0.6828125 0.88515625 0.09140625 0.10546875
0 0.80703125 0.87578125 0.08203125 0.084375
0 0.97421875 0.903125 0.0515625 0.19375