0 0.24453125 0.3421875 0.103125 0.103125
0 0.15546875 0.2484375 0.07421875 0.0796875
0 0.0796875 0.2546875 0.0796875 0.084375
0 0.0609375 0.16640625 0.09375 0.12734375
0 0.175 0.09921875 0.1078125 0.103125
0 0.259375 0.1546875 0.09609375 0.08671875
0 0.346875 0.35625 0.07421875 0.0765625
0 0.81640625 0.2796875 0.14453125 0.14921875
0 0.69140625 0.1 0.4234375 0.2
0 0.62890625 0.38359375 0.10078125 0.125
0 0.6234375 0.4484375 0.121875 0.0625
0 0.55 0.46875 0.059375 0.021875
0 0.98125 0.29609375 0.0375 0.1078125
0 0.94140625 0.1671875 0.0578125 0.053125
0 0.89609375 0.42265625 0.06953125 0.0625
0 0.240625 0.6671875 0.12734375 0.13671875
0 0.1390625 0.5671875 0.06484375 0.0625
0 0.14140625 0.6671875 0.06484375 0.06953125
0 0.45078125 0.7734375 0.0578125 0.228125
0 0.8328125 0.646875 0.0984375 0.103125
0 0.78828125 0.509375 0.0671875 0.059375
0 0.765625 0.74140625 0.28359375 0.2546875
0 0.6078125 0.75390625 0.07421875 0.07421875
0 0.56640625 0.90625 0.0796875 0.08203125
0 0.5671875 0.95078125 0.06953125 0.06015625
0 0.93125 0.6609375 0.08671875 0.08671875
0 0.92890625 0.56953125 0.0796875 0.0765625
0 0.509375 0.65234375 0.059375 0.0703125
0 0.7296875 0.89921875 0.06015625 0.0578125
0 0.81484375 0.88828125 0.04296875 0.04296875