0 0.03046875 0.3171875 0.0609375 0.096875
0 0.12890625 0.26015625 0.0984375 0.084375
0 0.1296875 0.32421875 0.05546875 0.06015625
0 0.184375 0.45 0.0625 0.059375
0 0.571875 0.16875 0.040625 0.053125
0 0.9515625 0.01875 0.09375 0.0375
0 0.93359375 0.24453125 0.03359375 0.0453125
0 0.803125 0.3890625 0.040625 0.0671875
0 0.49609375 0.378125 0.0546875 0.0625
0 0.78125 0.0375 0.053125 0.040625
0 0.765625 0.24453125 0.0484375 0.103125
0 0.484375 0.05703125 0.01953125 0.0484375
0 0.3359375 0.69453125 0.165625 0.18515625
0 0.434375 0.61640625 0.06875 0.0984375
0 0.0671875 0.93671875 0.134375 0.1265625
0 0.075 0.81171875 0.0671875 0.06953125
0 0.1234375 0.7984375 0.0765625 0.0625
0 0.21328125 0.55 0.084375 0.0765625
0 0.8984375 0.57578125 0.071875 0.0796875
0 0.8515625 0.559375 0.05546875 0.0578125
0 0.775 0.55546875 0.0890625 0.09140625
0 0.959375 0.8734375 0.08125 0.0875
0 0.58828125 0.75390625 0.09375 0.0890625
0 0.68828125 0.615625 0.07421875 0.07421875
0 0.97265625 0.73515625 0.0546875 0.0609375