0 0.00859375 0.36640625 0.0171875 0.0765625
0 0.0125 0.128125 0.025 0.096875
0 0.09296875 0.07109375 0.0984375 0.084375
0 0.09375 0.13515625 0.05546875 0.06015625
0 0.41484375 0.4328125 0.103125 0.103125
0 0.57890625 0.4890625 0.0796875 0.021875
0 0.4578125 0.1796875 0.07421875 0.071875
0 0.3125 0.41875 0.07421875 0.0765625
0 0.14921875 0.26484375 0.0625 0.0671875
0 0.57734375 0.02421875 0.1046875 0.0484375
0 0.8265625 0.43203125 0.19375 0.1359375
0 0.98515625 0.39609375 0.0296875 0.0890625
0 0.71171875 0.2171875 0.09375 0.09140625
0 0.8578125 0.03203125 0.0625 0.0625
0 0.13359375 0.62578125 0.2671875 0.2515625
0 0.0828125 0.86484375 0.13671875 0.1296875
0 0.39921875 0.9796875 0.1078125 0.040625
0 0.5375 0.7234375 0.184375 0.190625
0 0.584375 0.6296875 0.090625 0.15625
0 0.43515625 0.55859375 0.1203125 0.1171875
0 0.36015625 0.63984375 0.1078125 0.1109375
0 0.9765625 0.984375 0.046875 0.03125