0 0.4296875 0.02109375 0.065625 0.0421875
0 0.49609375 0.10234375 0.0265625 0.1171875
0 0.36328125 0.41171875 0.0578125 0.0359375
0 0.40703125 0.3890625 0.0671875 0.0765625
0 0.465625 0.31875 0.0875 0.09375
0 0.3875 0.2546875 0.13203125 0.1296875
0 0.175 0.1078125 0.1078125 0.0984375
0 0.05546875 0.1828125 0.08203125 0.08203125
0 0.0265625 0.27421875 0.053125 0.1015625
0 0.2921875 0.1765625 0.06015625 0.06484375
0 0.3109375 0.12265625 0.06953125 0.071875
0 0.11484375 0.12734375 0.05546875 0.06015625
0 0.81015625 0.01484375 0.1046875 0.0296875
0 0.6828125 0.1484375 0.09140625 0.09375
0 0.7234375 0.2 0.05546875 0.06484375
0 0.7375 0.2609375 0.06015625 0.0625
0 0.89296875 0.15078125 0.0625 0.0671875
0 0.9125 0.07265625 0.071875 0.0625
0 0.9234375 0.34296875 0.153125 0.1734375
0 0.52890625 0.07734375 0.0390625 0.0609375
0 0.16796875 0.60859375 0.0765625 0.103125
0 0.0671875 0.596875 0.134375 0.196875
0 0.034375 0.7203125 0.03828125 0.04296875
0 0.04140625 0.83125 0.0578125 0.0578125
0 0.071875 0.9578125 0.071875 0.06953125
0 0.1796875 0.86015625 0.03828125 0.0453125
0 0.21484375 0.86015625 0.0484375 0.05546875
0 0.25078125 0.9234375 0.2046875 0.153125
0 0.15078125 0.975 0.0484375 0.05
0 0.3953125 0.5234375 0.0484375 0.05546875
0 0.34375 0.4421875 0.03125 0.025
0 0.29296875 0.5453125 0.07421875 0.084375
0 0.37109375 0.64765625 0.053125 0.05546875
0 0.4 0.6390625 0.05546875 0.0625
0 0.2734375 0.74921875 0.040625 0.0578125
0 0.20625 0.721875 0.0453125 0.04296875
0 0.48125 0.953125 0.05625 0.071875
0 0.44296875 0.96796875 0.04296875 0.0578125
0 0.38046875 0.971875 0.040625 0.0453125
0 0.8859375 0.66796875 0.15859375 0.1515625
0 0.77109375 0.89765625 0.2453125 0.2046875
0 0.97890625 0.54296875 0.0421875 0.1265625