0 0.0484375 0.015625 0.096875 0.03125
0 0.2828125 0.1359375 0.09375 0.09140625
0 0.2578125 0.19375 0.06015625 0.06015625
0 0.20234375 0.1984375 0.071875 0.0796875
0 0.11015625 0.2203125 0.10546875 0.0984375
0 0.14609375 0.27109375 0.1390625 0.0359375
0 0.3859375 0.078125 0.06953125 0.06953125
0 0.05078125 0.1421875 0.08203125 0.07421875
0 0.04375 0.09296875 0.05078125 0.05078125
0 0.87734375 0.05625 0.09140625 0.084375
0 0.57109375 0.10546875 0.0796875 0.0796875
0 0.23046875 0.5671875 0.1703125 0.19921875
0 0.03125 0.53515625 0.0625 0.0953125
0 0.0109375 0.6765625 0.021875 0.09375
0 0.40234375 0.38203125 0.0546875 0.1859375
0 0.3265625 0.85859375 0.06953125 0.08671875
0 0.28125 0.753125 0.10078125 0.1109375
0 0.2046875 0.3609375 0.175 0.14375
0 0.73046875 0.9546875 0.1953125 0.090625
0 0.4765625 0.74921875 0.09375 0.3359375
0 0.58515625 0.6265625 0.17578125 0.178125
0 0.51484375 0.44765625 0.1703125 0.2890625
0 0.4609375 0.33046875 0.0625 0.0828125
0 0.796875 0.37265625 0.11796875 0.125