0 0.38046875 0.64609375 0.0765625 0.0265625
0 0.3859375 0.60546875 0.0484375 0.0484375
0 0.4296875 0.5828125 0.040625 0.065625
0 0.42265625 0.446875 0.0546875 0.10625
0 0.2796875 0.25546875 0.09140625 0.0796875
0 0.146875 0.29765625 0.0671875 0.0671875
0 0.065625 0.3734375 0.0984375 0.0796875
0 0.36328125 0.078125 0.1734375 0.15625
0 0.1 0.65078125 0.05625 0.0171875
0 0.37734375 0.34921875 0.0484375 0.05546875
0 0.40859375 0.3015625 0.0578125 0.06015625
0 0.21640625 0.2578125 0.04296875 0.05078125
0 0.475 0.28359375 0.05 0.1921875
0 0.4828125 0.43671875 0.065625 0.1234375
0 0.465625 0.4703125 0.03125 0.128125
0 0.58359375 0.54921875 0.2671875 0.2203125
0 0.6046875 0.4203125 0.209375 0.24765625
0 0.58203125 0.225 0.21875 0.22578125
0 0.525 0.08359375 0.15 0.1671875
0 0.9125 0.034375 0.125 0.06875
0 0.878125 0.328125 0.24375 0.346875
0 0.346875 0.828125 0.0890625 0.10078125
0 0.26640625 0.75703125 0.071875 0.06953125
0 0.14375 0.8640625 0.06953125 0.0625
0 0.021875 0.8515625 0.04375 0.065625
0 0.090625 0.96328125 0.18125 0.0734375
0 0.95390625 0.6984375 0.0921875 0.078125
0 0.69765625 0.76015625 0.0796875 0.09140625
0 0.83046875 0.96328125 0.0921875 0.0734375
0 0.68359375 0.97890625 0.0671875 0.0421875
0 0.53046875 0.7421875 0.07421875 0.05546875
0 0.61484375 0.66953125 0.0796875 0.0203125