0 0.2203125 0.12421875 0.12734375 0.1078125
0 0.27109375 0.39140625 0.08671875 0.08671875
0 0.01171875 0.35546875 0.0234375 0.0734375
0 0.565625 0.0359375 0.128125 0.071875
0 0.728125 0.1328125 0.1609375 0.14921875
0 0.5890625 0.30234375 0.103125 0.10078125
0 0.890625 0.4390625 0.0765625 0.0765625
0 0.7828125 0.6140625 0.11875 0.05
0 0.40546875 0.50546875 0.1328125 0.1390625
0 0.29609375 0.71015625 0.0859375 0.1421875
0 0.325 0.90625 0.028125 0.09375
0 0.20703125 0.934375 0.0890625 0.09375
0 0.290625 0.85546875 0.096875 0.1140625
0 0.04609375 0.8328125 0.0921875 0.1125
0 0.86484375 0.64765625 0.0640625 0.0171875
0 0.625 0.90234375 0.09375 0.0984375
0 0.42890625 0.7375 0.09375 0.09609375
0 0.36484375 0.7453125 0.0515625 0.09375
0 0.4125 0.8546875 0.06015625 0.0671875
0 0.515625 0.87578125 0.07421875 0.103125
0 0.50078125 0.96796875 0.0921875 0.0640625