0 0.040625 0.14140625 0.08125 0.1546875
0 0.77734375 0.46171875 0.1359375 0.0546875
0 0.71875 0.33984375 0.01875 0.0890625
0 0.8203125 0.275 0.0796875 0.0671875
0 0.80625 0.1984375 0.05546875 0.05546875
0 0.8671875 0.15390625 0.06953125 0.0796875
0 0.97265625 0.06484375 0.0546875 0.0796875
0 0.41328125 0.96328125 0.1921875 0.0734375
0 0.246875 0.95546875 0.125 0.0890625
0 0.36484375 0.915625 0.07421875 0.0796875
0 0.6046875 0.9484375 0.15 0.103125
0 0.6671875 0.9296875 0.084375 0.140625
0 0.6921875 0.83828125 0.034375 0.0765625
0 0.5546875 0.875 0.165625 0.16328125
0 0.684375 0.6890625 0.05 0.134375
0 0.68828125 0.5296875 0.0421875 0.08125
0 0.42890625 0.5671875 0.0984375 0.10546875
0 0.203125 0.64296875 0.115625 0.11796875
0 0.04375 0.5671875 0.0875 0.15625
0 0.03671875 0.740625 0.0734375 0.0875
0 0.14375 0.58125 0.08671875 0.08671875
0 0.17421875 0.82578125 0.0890625 0.0890625
0 0.3578125 0.73203125 0.08203125 0.08203125
0 0.55 0.53359375 0.0796875 0.0890625
0 0.9296875 0.69609375 0.07421875 0.07421875