0 0.20078125 0.25546875 0.0765625 0.084375
0 0.46328125 0.2890625 0.084375 0.071875
0 0.75703125 0.37734375 0.1859375 0.0640625
0 0.715625 0.3921875 0.053125 0.034375
0 0.6734375 0.23671875 0.06953125 0.07421875
0 0.60859375 0.23203125 0.0578125 0.0578125
0 0.753125 0.115625 0.21171875 0.1921875
0 0.9109375 0.03125 0.128125 0.0625
0 0.98515625 0.1359375 0.0296875 0.09375
0 0.90390625 0.275 0.0796875 0.1109375
0 0.35859375 0.61796875 0.25234375 0.25703125
0 0.54296875 0.84765625 0.0734375 0.2109375
0 0.53984375 0.9640625 0.0796875 0.071875
0 0.459375 0.896875 0.071875 0.0625
0 0.4625 0.95546875 0.0671875 0.0625
0 0.084375 0.90625 0.0796875 0.06953125
0 0.0609375 0.45078125 0.05546875 0.05078125
0 0.01875 0.49921875 0.0359375 0.040625
0 0.81796875 0.6734375 0.28359375 0.27421875
0 0.7109375 0.52421875 0.15625 0.15859375
0 0.6625 0.45546875 0.08203125 0.08671875
0 0.653125 0.62734375 0.053125 0.0578125
0 0.96796875 0.67421875 0.0640625 0.1109375
0 0.775 0.94765625 0.128125 0.1046875
0 0.909375 0.49296875 0.1109375 0.10078125