0 0.12421875 0.02578125 0.1109375 0.0515625
0 0.37265625 0.33515625 0.1078125 0.1390625
0 0.6734375 0.2265625 0.103125 0.09140625
0 0.7234375 0.14765625 0.0765625 0.0890625
0 0.54609375 0.29140625 0.1078125 0.103125
0 0.8875 0.2421875 0.06484375 0.06953125
0 0.21171875 0.9453125 0.1109375 0.109375
0 0.28359375 0.50546875 0.0703125 0.1109375
0 0.09296875 0.725 0.1859375 0.55
0 0.14765625 0.5265625 0.2265625 0.153125
0 0.6546875 0.9421875 0.1375 0.115625
0 0.67109375 0.64140625 0.115625 0.103125
0 0.33203125 0.8125 0.0265625 0.10625
0 0.38125 0.753125 0.0671875 0.07421875
0 0.3453125 0.490625 0.053125 0.05625
0 0.39765625 0.5859375 0.0578125 0.0578125
0 0.50390625 0.65859375 0.0765625 0.0625
0 0.87421875 0.7390625 0.06953125 0.0578125
0 0.703125 0.84921875 0.07421875 0.0671875
0 0.49375 0.84609375 0.0671875 0.05546875