0 0.55390625 0.3390625 0.1515625 0.146875
0 0.48671875 0.0875 0.1109375 0.1109375
0 0.25078125 0.2390625 0.1109375 0.103125
0 0.8421875 0.30703125 0.09140625 0.08671875
0 0.67421875 0.3640625 0.0890625 0.121875
0 0.37109375 0.8421875 0.115625 0.11796875
0 0.209375 0.93828125 0.071875 0.0671875
0 0.1140625 0.6953125 0.0453125 0.0453125
0 0.275 0.52109375 0.0625 0.0421875
0 0.09609375 0.5984375 0.06953125 0.06953125
0 0.94921875 0.78203125 0.071875 0.0671875
0 0.9671875 0.85546875 0.065625 0.0796875
0 0.95859375 0.984375 0.0703125 0.03125
0 0.9109375 0.878125 0.0578125 0.0578125
0 0.9 0.9515625 0.0765625 0.0671875
0 0.73515625 0.92109375 0.06484375 0.05078125
0 0.675 0.98828125 0.0625 0.0234375
0 0.84140625 0.834375 0.0765625 0.0796875
0 0.7640625 0.721875 0.05546875 0.0578125
0 0.859375 0.6953125 0.06484375 0.071875