0 0.121875 0.14140625 0.24375 0.2828125
0 0.2046875 0.4015625 0.409375 0.35625
0 0.38515625 0.1453125 0.0484375 0.0625
0 0.3203125 0.128125 0.071875 0.071875
0 0.203125 0.1 0.0578125 0.06484375
0 0.1234375 0.12421875 0.0625 0.0765625
0 0.13046875 0.07421875 0.0578125 0.06015625
0 0.82109375 0.546875 0.0890625 0.065625
0 0.8734375 0.44296875 0.0890625 0.0765625
0 0.97265625 0.40625 0.0546875 0.059375
0 0.9078125 0.28671875 0.184375 0.1859375
0 0.69921875 0.5328125 0.103125 0.084375
0 0.58203125 0.4671875 0.1109375 0.09609375
0 0.428125 0.28671875 0.0375 0.0796875
0 0.49296875 0.18203125 0.10546875 0.103125
0 0.48203125 0.04609375 0.071875 0.06015625
0 0.47265625 0.0171875 0.0765625 0.021875
0 0.84375 0.03203125 0.146875 0.0640625
0 0.6890625 0.02890625 0.084375 0.0578125
0 0.7359375 0.05234375 0.071875 0.06953125
0 0.75703125 0.15703125 0.09140625 0.0890625
0 0.96953125 0.05546875 0.0609375 0.0765625
0 0.578125 0.34296875 0.21640625 0.178125
0 0.728125 0.3265625 0.0625 0.07421875
0 0.1578125 0.68203125 0.259375 0.2046875
0 0.0546875 0.940625 0.07421875 0.06484375
0 0.0515625 0.98359375 0.06875 0.0328125
0 0.51484375 0.77578125 0.13671875 0.13203125
0 0.6421875 0.5953125 0.103125 0.03125
0 0.753125 0.78984375 0.49375 0.4203125