0 0.175 0.34453125 0.35 0.4546875
0 0.12890625 0.08515625 0.2578125 0.1703125
0 0.0296875 0.4375 0.059375 0.08125
0 0.1 0.4515625 0.084375 0.08203125
0 0.0140625 0.29140625 0.028125 0.0609375
0 0.08125 0.26640625 0.06484375 0.071875
0 0.0734375 0.315625 0.06015625 0.0578125
0 0.39375 0.37265625 0.0875 0.1546875
0 0.45546875 0.2921875 0.12265625 0.11796875
0 0.54296875 0.3421875 0.14453125 0.15625
0 0.51640625 0.2609375 0.0796875 0.0765625
0 0.584375 0.14609375 0.11328125 0.10078125
0 0.5875 0.07109375 0.0890625 0.08671875
0 0.92421875 0.03828125 0.0953125 0.0765625
0 0.9171875 0.553125 0.103125 0.071875
0 0.96796875 0.51484375 0.0640625 0.1484375
0 0.940625 0.45703125 0.05546875 0.06015625
0 0.88828125 0.43203125 0.0625 0.06484375
0 0.78984375 0.45703125 0.0765625 0.07421875
0 0.90625 0.3984375 0.06484375 0.0671875
0 0.88359375 0.35625 0.08203125 0.0796875
0 0.04140625 0.7578125 0.0765625 0.0578125
0 0.31328125 0.6953125 0.0625 0.053125
0 0.11484375 0.80234375 0.084375 0.09609375
0 0.35625 0.63046875 0.0125 0.0640625
0 0.3734375 0.81875 0.046875 0.0625
0 0.36796875 0.884375 0.0359375 0.040625
0 0.7640625 0.75703125 0.0578125 0.03828125
0 0.66875 0.82890625 0.03359375 0.03359375
0 0.628125 0.865625 0.0453125 0.0625
0 0.76953125 0.83515625 0.040625 0.03828125
0 0.7203125 0.828125 0.03828125 0.040625
0 0.840625 0.88828125 0.1203125 0.09140625
0 0.9953125 0.76796875 0.009375 0.0546875
0 0.9046875 0.765625 0.0453125 0.03828125
0 0.45 0.94609375 0.05546875 0.040625