0 0.3890625 0.02265625 0.021875 0.0453125
0 0.23828125 0.0578125 0.1484375 0.115625
0 0.1015625 0.14921875 0.115625 0.134375
0 0.296875 0.31875 0.15390625 0.1109375
0 0.36328125 0.3921875 0.0734375 0.103125
0 0.3375 0.4546875 0.0671875 0.0671875
0 0.221875 0.44375 0.09609375 0.0625
0 0.29765625 0.5078125 0.053125 0.05546875
0 0.24140625 0.56875 0.09375 0.0984375
0 0.36015625 0.55234375 0.0796875 0.0578125
0 0.90703125 0.38203125 0.05078125 0.0671875
0 0.75625 0.39140625 0.071875 0.06015625
0 0.73359375 0.584375 0.103125 0.0671875
0 0.45703125 0.43359375 0.0578125 0.0484375
0 0.95078125 0.61484375 0.0265625 0.0078125
0 0.82734375 0.49140625 0.03828125 0.02890625
0 0.35078125 0.81953125 0.0984375 0.2671875
0 0.071875 0.6390625 0.071875 0.040625
0 0.34140625 0.63125 0.0734375 0.025
0 0.26875 0.753125 0.0890625 0.084375
0 0.234375 0.9484375 0.08671875 0.09609375
0 0.04453125 0.93984375 0.0890625 0.0828125
0 0.14140625 0.771875 0.0671875 0.0625
0 0.496875 0.77890625 0.10078125 0.084375
0 0.4984375 0.90859375 0.0671875 0.06953125
0 0.703125 0.65703125 0.075 0.0765625