0 0.425 0.05546875 0.128125 0.1109375
0 0.29375 0.06875 0.15625 0.1375
0 0.12578125 0.03984375 0.2171875 0.0796875
0 0.3859375 0.28671875 0.178125 0.16328125
0 0.41640625 0.36328125 0.1171875 0.0921875
0 0.36015625 0.39375 0.0859375 0.03125
0 0.26796875 0.3640625 0.1078125 0.090625
0 0.7390625 0.18125 0.5 0.3625
0 0.9015625 0.325 0.0765625 0.0625
0 0.4125 0.95859375 0.153125 0.0828125
0 0.434375 0.83359375 0.109375 0.1171875
0 0.44140625 0.73359375 0.0796875 0.0671875
0 0.2109375 0.83828125 0.0890625 0.0984375
0 0.1171875 0.74453125 0.0625 0.09140625
0 0.02890625 0.7515625 0.053125 0.0671875
0 0.31875 0.54609375 0.09375 0.08203125
0 0.39921875 0.6078125 0.084375 0.07421875
0 0.42890625 0.41953125 0.0734375 0.0203125
0 0.16171875 0.48359375 0.03828125 0.0453125
0 0.9375 0.91640625 0.125 0.1671875
0 0.8171875 0.6953125 0.228125 0.2046875
0 0.6421875 0.87109375 0.06484375 0.05546875
0 0.67890625 0.74453125 0.0453125 0.05546875
0 0.5125 0.70234375 0.046875 0.0703125
0 0.6109375 0.640625 0.1109375 0.08203125
0 0.5203125 0.53828125 0.0625 0.0796875
0 0.83515625 0.87734375 0.08671875 0.07421875
0 0.9 0.55859375 0.0625 0.06484375
0 0.81953125 0.52109375 0.06484375 0.053125
0 0.50625 0.4421875 0.034375 0.040625