0 0.1203125 0.03203125 0.18125 0.0640625
0 0.05390625 0.1140625 0.1078125 0.1625
0 0.2640625 0.2125 0.1734375 0.15390625
0 0.35234375 0.2546875 0.1140625 0.125
0 0.34453125 0.3265625 0.08203125 0.084375
0 0.2390625 0.3515625 0.10546875 0.0890625
0 0.328125 0.3875 0.06484375 0.0671875
0 0.29765625 0.4625 0.115625 0.12265625
0 0.38125 0.40859375 0.05625 0.0796875
0 0.971875 0.01171875 0.05625 0.0234375
0 0.98515625 0.12109375 0.0296875 0.0484375
0 0.8875 0.1109375 0.1828125 0.21171875
0 0.971875 0.45859375 0.04296875 0.0484375
0 0.8796875 0.52421875 0.0875 0.0515625
0 0.76328125 0.5328125 0.0796875 0.034375
0 0.64453125 0.53515625 0.0984375 0.0296875
0 0.56484375 0.53828125 0.0390625 0.0234375
0 0.44453125 0.24296875 0.0703125 0.0671875
0 0.45703125 0.1640625 0.0953125 0.09375
0 0.428125 0.0125 0.0375 0.025
0 0.55234375 0.02265625 0.0453125 0.0453125
0 0.67890625 0.0203125 0.0578125 0.040625
0 0.665625 0.06875 0.04296875 0.04296875
0 0.784375 0.06171875 0.0453125 0.03828125
0 0.75390625 0.14140625 0.053125 0.053125
0 0.66171875 0.1953125 0.0578125 0.0484375
0 0.79140625 0.26640625 0.053125 0.0578125
0 0.83125 0.25625 0.0484375 0.0453125
0 0.82734375 0.3109375 0.0671875 0.06484375
0 0.14609375 0.72734375 0.05546875 0.0625
0 0.121875 0.6359375 0.06953125 0.0625
0 0.009375 0.61015625 0.01875 0.0484375
0 0.01328125 0.77109375 0.0265625 0.0515625
0 0.01875 0.83359375 0.0375 0.0328125
0 0.0125 0.928125 0.025 0.040625
0 0.2640625 0.91328125 0.03828125 0.0453125
0 0.4890625 0.83984375 0.06484375 0.05546875
0 0.44921875 0.78828125 0.06015625 0.0578125
0 0.5015625 0.71953125 0.084375 0.08671875
0 0.54296875 0.5890625 0.06015625 0.0578125
0 0.6828125 0.5703125 0.05 0.040625
0 0.7328125 0.6125 0.05546875 0.06015625
0 0.86328125 0.69921875 0.146875 0.16328125
0 0.915625 0.8171875 0.0578125 0.0625
0 0.946875 0.77265625 0.03828125 0.040625
0 0.6296875 0.7484375 0.05078125 0.05078125
0 0.59375 0.815625 0.0484375 0.03359375
0 0.6671875 0.85234375 0.06484375 0.07421875
0 0.734375 0.8578125 0.06015625 0.0671875
0 0.77890625 0.91953125 0.071875 0.0625
0 0.415625 0.91171875 0.0125 0.0359375