0 0.0234375 0.11015625 0.046875 0.1890625
0 0.1140625 0.078125 0.15625 0.15625
0 0.2828125 0.14765625 0.21640625 0.19921875
0 0.028125 0.22734375 0.05625 0.0453125
0 0.50546875 0.165625 0.1328125 0.16875
0 0.659375 0.2390625 0.11875 0.021875
0 0.81171875 0.2171875 0.0515625 0.065625
0 0.66015625 0.13984375 0.0625 0.0671875
0 0.59140625 0.06171875 0.0578125 0.0671875
0 0.36171875 0.2640625 0.1546875 0.028125
0 0.03125 0.67890625 0.0625 0.1234375
0 0.06875 0.94140625 0.1375 0.1171875
0 0.15 0.28203125 0.134375 0.0640625
0 0.40625 0.60078125 0.065625 0.1140625
0 0.471875 0.60390625 0.065625 0.0671875
0 0.55390625 0.521875 0.084375 0.0890625
0 0.58046875 0.615625 0.0578125 0.06484375
0 0.47109375 0.821875 0.0640625 0.084375
0 0.46171875 0.91640625 0.0453125 0.0671875
0 0.91171875 0.79765625 0.09140625 0.0890625
0 0.8703125 0.50390625 0.103125 0.1078125
0 0.8625 0.36953125 0.0796875 0.09375
0 0.940625 0.4359375 0.06953125 0.0625
0 0.7703125 0.37578125 0.0765625 0.09375
0 0.63828125 0.28046875 0.0671875 0.0609375
0 0.8234375 0.896875 0.05078125 0.06015625