0 0.0484375 0.09140625 0.096875 0.1453125
0 0.1546875 0.19609375 0.1078125 0.134375
0 0.3015625 0.20234375 0.096875 0.1390625
0 0.1390625 0.01171875 0.071875 0.0234375
0 0.02265625 0.36484375 0.0453125 0.1109375
0 0.41875 0.0625 0.0453125 0.0453125
0 0.503125 0.0828125 0.06484375 0.06015625
0 0.36640625 0.3203125 0.0328125 0.05625
0 0.378125 0.359375 0.040625 0.04296875
0 0.440625 0.37421875 0.05078125 0.06484375
0 0.76875 0.11171875 0.053125 0.06953125
0 0.78671875 0.03203125 0.0796875 0.0640625
0 0.92890625 0.0390625 0.1046875 0.078125
0 0.9390625 0.24921875 0.071875 0.0671875
0 0.76015625 0.2078125 0.0796875 0.0765625
0 0.859375 0.15546875 0.0625 0.06484375
0 0.69375 0.3515625 0.06484375 0.06953125
0 0.321875 0.4640625 0.05625 0.028125
0 0.2984375 0.50703125 0.103125 0.1140625
0 0.2953125 0.84296875 0.09375 0.0796875
0 0.275 0.77578125 0.0484375 0.05078125
0 0.2375 0.9546875 0.09375 0.090625
0 0.196875 0.746875 0.06484375 0.08203125
0 0.1359375 0.46328125 0.05625 0.0265625
0 0.209375 0.46484375 0.0375 0.0296875
0 0.5890625 0.9734375 0.125 0.053125
0 0.396875 0.65078125 0.09375 0.1390625
0 0.6390625 0.5421875 0.184375 0.184375
0 0.60390625 0.4609375 0.0890625 0.021875
0 0.865625 0.596875 0.11796875 0.11796875
0 0.92109375 0.52578125 0.1203125 0.1203125
0 0.97734375 0.9296875 0.0453125 0.140625
0 0.8265625 0.97734375 0.096875 0.0453125
0 0.6234375 0.81171875 0.0984375 0.0984375