0 0.021875 0.034375 0.04375 0.06875
0 0.04140625 0.46640625 0.0828125 0.0265625
0 0.01796875 0.184375 0.0359375 0.096875
0 0.1015625 0.165625 0.0796875 0.0796875
0 0.140625 0.0328125 0.090625 0.065625
0 0.33203125 0.0125 0.0546875 0.025
0 0.578125 0.0875 0.271875 0.175
0 0.6515625 0.184375 0.08203125 0.08203125
0 0.68125 0.33125 0.12265625 0.12734375
0 0.7453125 0.30625 0.115625 0.11796875
0 0.82421875 0.29609375 0.10078125 0.10078125
0 0.8890625 0.178125 0.103125 0.10546875
0 0.85703125 0.0109375 0.0921875 0.021875
0 0.97890625 0.05234375 0.0421875 0.0890625
0 0.4875 0.3015625 0.25625 0.26875
0 0.5625 0.46484375 0.1375 0.0296875
0 0.6578125 0.4578125 0.1125 0.04375
0 0.3390625 0.87578125 0.040625 0.1265625
0 0.34140625 0.9734375 0.0359375 0.053125
0 0.26328125 0.978125 0.0671875 0.04375
0 0.20625 0.9859375 0.065625 0.028125
0 0.06171875 0.525 0.0984375 0.090625
0 0.275 0.696875 0.0625 0.07421875
0 0.478125 0.51796875 0.084375 0.0765625
0 0.5734375 0.5203125 0.0875 0.08125
0 0.3703125 0.63203125 0.021875 0.0359375
0 0.44921875 0.86484375 0.05546875 0.0625
0 0.46953125 0.77734375 0.06953125 0.09140625
0 0.5796875 0.815625 0.06953125 0.04296875
0 0.67109375 0.846875 0.053125 0.0625
0 0.7890625 0.81953125 0.06015625 0.071875
0 0.85546875 0.9453125 0.071875 0.084375
0 0.9625 0.9265625 0.040625 0.0578125
0 0.98125 0.96796875 0.0375 0.0640625
0 0.965625 0.73984375 0.06875 0.0796875
0 0.71484375 0.5890625 0.06015625 0.0625
0 0.65234375 0.51796875 0.0484375 0.053125
0 0.96328125 0.53125 0.05078125 0.0578125
0 0.77421875 0.4859375 0.0515625 0.0125