0 0.13671875 0.35625 0.15390625 0.15390625
0 0.16796875 0.18984375 0.1515625 0.1515625
0 0.2125 0.06484375 0.240625 0.1296875
0 0.41875 0.41171875 0.08125 0.0765625
0 0.58515625 0.2203125 0.1296875 0.13671875
0 0.74765625 0.3265625 0.115625 0.11796875
0 0.89140625 0.43828125 0.0984375 0.0234375
0 0.4890625 0.2546875 0.040625 0.090625
0 0.63828125 0.02734375 0.0703125 0.0546875
0 0.065625 0.775 0.084375 0.10546875
0 0.09140625 0.46015625 0.0984375 0.0203125
0 0.2140625 0.52265625 0.06953125 0.09375
0 0.62578125 0.6234375 0.2859375 0.27890625
0 0.5203125 0.74296875 0.103125 0.1265625
0 0.66015625 0.8609375 0.1078125 0.115625
0 0.5765625 0.84921875 0.103125 0.10078125
0 0.84921875 0.78046875 0.084375 0.071875
0 0.928125 0.7171875 0.071875 0.06953125
0 0.9484375 0.61875 0.10078125 0.09140625
0 0.9796875 0.5515625 0.040625 0.0625
0 0.94765625 0.51875 0.0796875 0.09609375
0 0.9734375 0.4765625 0.053125 0.053125