0 0.50078125 0.34296875 0.1171875 0.1734375
0 0.37265625 0.334375 0.10078125 0.0984375
0 0.34765625 0.49453125 0.1515625 0.1484375
0 0.18671875 0.5421875 0.0671875 0.053125
0 0.11484375 0.5578125 0.0671875 0.021875
0 0.6578125 0.17734375 0.196875 0.3265625
0 0.6890625 0.25 0.10078125 0.103125
0 0.58125 0.02421875 0.04375 0.0484375
0 0.68125 0.0375 0.1625 0.075
0 0.8609375 0.1890625 0.278125 0.378125
0 0.959375 0.43359375 0.08125 0.0890625
0 0.86328125 0.5328125 0.1953125 0.071875
0 0.60546875 0.42890625 0.0921875 0.1390625
0 0.02890625 0.8390625 0.0578125 0.25
0 0.52578125 0.6875 0.0671875 0.178125
0 0.41640625 0.73203125 0.08203125 0.0765625
0 0.3328125 0.7546875 0.1734375 0.196875
0 0.4921875 0.86171875 0.134375 0.1703125
0 0.24453125 0.90234375 0.4109375 0.1953125
0 0.034375 0.96796875 0.0625 0.0640625
0 0.5390625 0.95546875 0.040625 0.0890625
0 0.18359375 0.68984375 0.08203125 0.0796875
0 0.9109375 0.65859375 0.1515625 0.14921875
0 0.78203125 0.78046875 0.11796875 0.11796875
0 0.65625 0.80546875 0.12734375 0.12734375
0 0.6359375 0.71328125 0.06484375 0.06484375