0 0.50078125 0.4921875 0.0578125 0.034375
0 0.33828125 0.32890625 0.0578125 0.07421875
0 0.24921875 0.3546875 0.0484375 0.0765625
0 0.22734375 0.49140625 0.0578125 0.0359375
0 0.178125 0.4734375 0.053125 0.0578125
0 0.16953125 0.178125 0.05078125 0.06484375
0 0.10703125 0.2453125 0.05546875 0.0578125
0 0.0203125 0.2140625 0.040625 0.084375
0 0.06875 0.128125 0.0578125 0.0578125
0 0.84921875 0.0125 0.0765625 0.025
0 0.92421875 0.046875 0.0625 0.06015625
0 0.88828125 0.115625 0.053125 0.0578125
0 0.92578125 0.378125 0.0796875 0.06484375
0 0.91953125 0.25703125 0.0625 0.06015625
0 0.96640625 0.44609375 0.0671875 0.0734375
0 0.68125 0.053125 0.040625 0.03828125
0 0.36796875 0.903125 0.06953125 0.071875
0 0.81796875 0.74296875 0.06484375 0.071875
0 0.6234375 0.52890625 0.08125 0.0390625
0 0.81328125 0.978125 0.0859375 0.04375
0 0.646875 0.928125 0.0625 0.06484375
0 0.81875 0.60703125 0.13203125 0.165625