0 0.53359375 0.3078125 0.0703125 0.10625
0 0.490625 0.14609375 0.15625 0.2921875
0 0.4609375 0.07265625 0.08203125 0.08203125
0 0.278125 0.4203125 0.115625 0.096875
0 0.07421875 0.13671875 0.103125 0.10078125
0 0.1609375 0.18125 0.115625 0.1109375
0 0.30625 0.11484375 0.09609375 0.09609375
0 0.72734375 0.396875 0.1921875 0.14375
0 0.67890625 0.24296875 0.1828125 0.1828125
0 0.91328125 0.03203125 0.1390625 0.0640625
0 0.5296875 0.98046875 0.04375 0.0390625
0 0.36171875 0.84375 0.03125 0.0453125
0 0.43671875 0.80703125 0.11796875 0.1109375
0 0.2625 0.6796875 0.0625 0.05546875
0 0.04453125 0.575 0.08203125 0.07421875
0 0.46328125 0.56171875 0.17578125 0.1515625
0 0.775 0.95703125 0.10625 0.0859375
0 0.653125 0.7328125 0.16875 0.315625
0 0.809375 0.83203125 0.09609375 0.09609375
0 0.759375 0.784375 0.05078125 0.06015625