0 0.278125 0.59375 0.2125 0.15
0 0.29296875 0.47890625 0.1109375 0.1078125
0 0.13046875 0.36875 0.2609375 0.371875
0 0.13828125 0.2234375 0.08203125 0.08671875
0 0.05546875 0.65703125 0.0953125 0.0234375
0 0.11796875 0.625 0.0953125 0.0875
0 0.4296875 0.034375 0.1 0.06875
0 0.28203125 0.1078125 0.09375 0.103125
0 0.57265625 0.10078125 0.1859375 0.2015625
0 0.66875 0.603125 0.0625 0.08203125
0 0.7328125 0.5890625 0.08671875 0.10078125
0 0.84609375 0.359375 0.09375 0.09140625
0 0.9640625 0.5734375 0.071875 0.075
0 0.9921875 0.61796875 0.015625 0.0609375
0 0.209375 0.703125 0.103125 0.06875
0 0.3671875 0.83046875 0.09140625 0.09140625
0 0.14375 0.959375 0.0625 0.0625
0 0.03359375 0.9671875 0.06484375 0.06484375
0 0.6265625 0.77734375 0.06953125 0.071875
0 0.7640625 0.759375 0.12265625 0.165625