0 0.48671875 0.29453125 0.1453125 0.2890625
0 0.2890625 0.42265625 0.06484375 0.05078125
0 0.23125 0.44921875 0.06015625 0.06015625
0 0.04609375 0.15 0.0921875 0.134375
0 0.40078125 0.0296875 0.0796875 0.059375
0 0.47890625 0.065625 0.0765625 0.071875
0 0.33828125 0.21328125 0.0484375 0.06015625
0 0.1765625 0.2953125 0.2984375 0.27890625
0 0.74140625 0.32265625 0.0625 0.071875
0 0.7953125 0.26796875 0.0625 0.06953125
0 0.86015625 0.1828125 0.0578125 0.0671875
0 0.9640625 0.18046875 0.0359375 0.05546875
0 0.98125 0.28671875 0.0375 0.0515625
0 0.98125 0.13359375 0.0375 0.0796875
0 0.90390625 0.015625 0.0671875 0.03125
0 0.865625 0.50546875 0.065625 0.0671875
0 0.79921875 0.51875 0.0578125 0.040625
0 0.53515625 0.65703125 0.0484375 0.0921875
0 0.4765625 0.7421875 0.1109375 0.1078125
0 0.50078125 0.79296875 0.05078125 0.0484375
0 0.2125 0.94140625 0.084375 0.08671875
0 0.28046875 0.9359375 0.071875 0.0671875
0 0.1078125 0.78671875 0.115625 0.1296875
0 0.2703125 0.8421875 0.06953125 0.071875
0 0.74140625 0.62109375 0.115625 0.11796875
0 0.65546875 0.55546875 0.0828125 0.0328125
0 0.9859375 0.86640625 0.028125 0.0765625
0 0.91171875 0.8015625 0.05078125 0.06484375
0 0.728125 0.76875 0.0796875 0.0765625
0 0.6015625 0.75390625 0.084375 0.1734375
0 0.875 0.54921875 0.065625 0.0203125