0 0.0171875 0.24140625 0.034375 0.0984375
0 0.22578125 0.18125 0.071875 0.084375
0 0.0484375 0.0125 0.075 0.025
0 0.371875 0.0203125 0.134375 0.040625
0 0.27265625 0.2734375 0.08203125 0.06484375
0 0.546875 0.16015625 0.03828125 0.07421875
0 0.53125 0.2984375 0.03125 0.071875
0 0.4984375 0.16640625 0.01875 0.0546875
0 0.49296875 0.09140625 0.0078125 0.0546875
0 0.096875 0.61484375 0.19375 0.2921875
0 0.03515625 0.76171875 0.0703125 0.1015625
0 0.45625 0.825 0.065625 0.075
0 0.28828125 0.87265625 0.10546875 0.10078125
0 0.14921875 0.85234375 0.08671875 0.08671875
0 0.23359375 0.6890625 0.103125 0.09375
0 0.27421875 0.4734375 0.10078125 0.10546875
0 0.465625 0.48125 0.046875 0.090625
0 0.1640625 0.34921875 0.16875 0.0203125
0 0.06171875 0.34921875 0.0734375 0.0203125
0 0.38359375 0.6671875 0.0796875 0.06953125
0 0.5421875 0.5921875 0.10625 0.196875
0 0.71875 0.77578125 0.38671875 0.3484375
0 0.88125 0.55078125 0.10546875 0.103125
0 0.71640625 0.4546875 0.0765625 0.0765625
0 0.88203125 0.41015625 0.05546875 0.053125
0 0.9734375 0.62421875 0.053125 0.0984375
0 0.9703125 0.803125 0.05078125 0.05078125
0 0.884375 0.8515625 0.0453125 0.053125
0 0.91015625 0.94140625 0.07421875 0.0796875
0 0.49765625 0.70703125 0.0171875 0.0796875
0 0.725 0.95390625 0.0625 0.05546875