0 0.32578125 0.1578125 0.16796875 0.1703125
0 0.28046875 0.22890625 0.134375 0.13671875
0 0.05546875 0.3015625 0.1109375 0.05625
0 0.05859375 0.05546875 0.1140625 0.1109375
0 0.040625 0.02734375 0.08125 0.0546875
0 0.50234375 0.1640625 0.11328125 0.11328125
0 0.5234375 0.053125 0.06953125 0.07421875
0 0.47578125 0.28515625 0.1171875 0.0890625
0 0.5640625 0.2359375 0.03125 0.071875
0 0.87109375 0.07734375 0.1390625 0.146875
0 0.684375 0.18515625 0.1296875 0.13671875
0 0.8265625 0.3078125 0.071875 0.04375
0 0.88125 0.3015625 0.084375 0.05625
0 0.9703125 0.2296875 0.059375 0.15625
0 0.35703125 0.52890625 0.1421875 0.125
0 0.5 0.525 0.084375 0.0796875
0 0.453125 0.5828125 0.06015625 0.0625
0 0.56953125 0.83515625 0.0203125 0.0828125
0 0.4328125 0.6703125 0.05078125 0.05546875
0 0.40625 0.89375 0.0578125 0.0625
0 0.46328125 0.8890625 0.0578125 0.0671875
0 0.23984375 0.98125 0.0703125 0.0375
0 0.06171875 0.93984375 0.0671875 0.0796875
0 0.0984375 0.97734375 0.0625 0.0453125
0 0.009375 0.44609375 0.01875 0.0703125
0 0.02421875 0.58984375 0.0453125 0.0484375
0 0.21171875 0.4765625 0.05078125 0.0453125
0 0.56640625 0.4375 0.0265625 0.090625
0 0.7375 0.390625 0.10546875 0.0984375
0 0.77890625 0.63125 0.071875 0.0796875