0 0.02421875 0.25859375 0.0484375 0.1203125
0 0.0703125 0.23671875 0.07421875 0.09609375
0 0.27578125 0.2953125 0.0625 0.0796875
0 0.11875 0.478125 0.065625 0.0625
0 0.303125 0.4875 0.03125 0.04375
0 0.00859375 0.07109375 0.0171875 0.0765625
0 0.07109375 0.06015625 0.05546875 0.0484375
0 0.171875 0.1265625 0.0578125 0.05546875
0 0.29921875 0.20625 0.0390625 0.0625
0 0.52265625 0.015625 0.0546875 0.03125
0 0.571875 0.04921875 0.115625 0.0984375
0 0.73828125 0.02890625 0.1109375 0.0578125
0 0.571875 0.190625 0.05546875 0.0578125
0 0.6140625 0.228125 0.0796875 0.06953125
0 0.671875 0.28359375 0.071875 0.071875
0 0.9171875 0.0671875 0.0578125 0.06484375
0 0.86640625 0.01875 0.0671875 0.0375
0 0.328125 0.1390625 0.01875 0.053125
0 0.33359375 0.365625 0.0296875 0.071875
0 0.3796875 0.353125 0.053125 0.0578125
0 0.37421875 0.49453125 0.0890625 0.0296875
0 0.7421875 0.40703125 0.0578125 0.0625
0 0.96953125 0.40703125 0.05078125 0.0578125
0 0.90390625 0.1640625 0.053125 0.05078125
0 0.56171875 0.4953125 0.0640625 0.028125
0 0.52265625 0.13515625 0.0484375 0.0453125
0 0.790625 0.184375 0.03359375 0.03125
0 0.2828125 0.85234375 0.071875 0.0765625
0 0.06640625 0.81171875 0.1203125 0.11796875
0 0.165625 0.69609375 0.06015625 0.06484375
0 0.115625 0.60859375 0.06015625 0.06015625
0 0.05078125 0.625 0.09140625 0.0796875
0 0.5609375 0.7546875 0.484375 0.490625
0 0.68984375 0.85078125 0.09140625 0.09140625
0 0.67421875 0.9234375 0.09609375 0.09609375
0 0.80234375 0.984375 0.0796875 0.03125
0 0.91796875 0.96796875 0.0828125 0.0640625
0 0.50390625 0.8796875 0.08671875 0.08671875
0 0.4296875 0.56015625 0.1125 0.1015625
0 0.746875 0.5921875 0.1609375 0.1609375
0 0.8140625 0.534375 0.084375 0.05
0 0.9890625 0.7890625 0.021875 0.103125
0 0.5203125 0.52890625 0.084375 0.0390625