0 0.02734375 0.2625 0.0546875 0.2
0 0.29609375 0.16015625 0.084375 0.0984375
0 0.22421875 0.15546875 0.05546875 0.0796875
0 0.2984375 0.01953125 0.0625 0.0390625
0 0.5546875 0.221875 0.05 0.11875
0 0.3484375 0.41015625 0.071875 0.0171875
0 0.0875 0.2734375 0.05546875 0.0578125
0 0.73515625 0.07734375 0.15859375 0.13203125
0 0.734375 0.1796875 0.084375 0.07421875
0 0.84140625 0.028125 0.0671875 0.05625
0 0.6296875 0.37578125 0.1 0.0859375
0 0.70546875 0.3109375 0.09140625 0.08203125
0 0.934375 0.26953125 0.084375 0.08671875
0 0.97890625 0.16015625 0.0421875 0.1421875
0 0.93125 0.37265625 0.1375 0.0921875
0 0.10546875 0.459375 0.0984375 0.08125
0 0.53671875 0.465625 0.0578125 0.0484375
0 0.29765625 0.5796875 0.1109375 0.10546875
0 0.26171875 0.7734375 0.15625 0.196875
0 0.1 0.7078125 0.0984375 0.09140625
0 0.021875 0.709375 0.04375 0.065625
0 0.01171875 0.75859375 0.0234375 0.0515625
0 0.02265625 0.89140625 0.0453125 0.0703125
0 0.053125 0.96875 0.053125 0.0625
0 0.3765625 0.89140625 0.084375 0.0890625
0 0.1640625 0.9796875 0.071875 0.040625
0 0.65546875 0.74375 0.12265625 0.11796875
0 0.78203125 0.64609375 0.10078125 0.08203125
0 0.865625 0.6 0.0890625 0.0765625
0 0.915625 0.60546875 0.0578125 0.05078125