0 0.09140625 0.33828125 0.1828125 0.2203125
0 0.0625 0.16015625 0.05546875 0.06953125
0 0.021875 0.03046875 0.04375 0.0609375
0 0.06953125 0.01953125 0.0796875 0.0390625
0 0.2640625 0.028125 0.075 0.05625
0 0.4296875 0.225 0.08671875 0.1078125
0 0.35625 0.2203125 0.05546875 0.0890625
0 0.43203125 0.05546875 0.06484375 0.06953125
0 0.48203125 0.53359375 0.071875 0.0796875
0 0.27578125 0.60625 0.053125 0.05546875
0 0.17578125 0.54453125 0.0578125 0.0765625
0 0.03828125 0.57265625 0.0765625 0.0765625
0 0.21640625 0.35 0.05546875 0.06484375
0 0.62265625 0.07265625 0.1453125 0.1453125
0 0.66875 0.3328125 0.1703125 0.1828125
0 0.74375 0.56640625 0.3875 0.1453125
0 0.9109375 0.365625 0.1515625 0.2140625
0 0.51796875 0.96171875 0.0640625 0.0765625
0 0.4609375 0.8859375 0.0796875 0.08671875
0 0.5046875 0.8359375 0.084375 0.09140625
0 0.4296875 0.778125 0.07421875 0.08671875
0 0.33984375 0.81484375 0.08671875 0.08671875
0 0.2953125 0.70703125 0.0984375 0.115625
0 0.38828125 0.67890625 0.0796875 0.0796875
0 0.05390625 0.71953125 0.1078125 0.1609375
0 0.98828125 0.90703125 0.0234375 0.1390625
0 0.71796875 0.9640625 0.0734375 0.071875