0 0.14765625 0.2234375 0.2046875 0.209375
0 0.121875 0.39140625 0.0578125 0.06484375
0 0.05859375 0.50078125 0.0859375 0.0359375
0 0.33515625 0.503125 0.0796875 0.03125
0 0.4109375 0.334375 0.015625 0.084375
0 0.24140625 0.03359375 0.0609375 0.0671875
0 0.09296875 0.01953125 0.0890625 0.0390625
0 0.2859375 0.2125 0.0578125 0.06015625
0 0.6015625 0.01953125 0.053125 0.0390625
0 0.6171875 0.13359375 0.0796875 0.06484375
0 0.5953125 0.1984375 0.0578125 0.06015625
0 0.5 0.3546875 0.08671875 0.08671875
0 0.7609375 0.38359375 0.0578125 0.06953125
0 0.8515625 0.35390625 0.06015625 0.0765625
0 0.928125 0.43046875 0.0671875 0.0796875
0 0.85859375 0.46796875 0.0765625 0.06953125
0 0.9515625 0.00859375 0.040625 0.0171875
0 0.95625 0.03046875 0.040625 0.05078125
0 0.9234375 0.0578125 0.05546875 0.05546875
0 0.40625 0.9734375 0.025 0.053125
0 0.36875 0.94375 0.03359375 0.05078125
0 0.384375 0.8203125 0.0578125 0.05546875
0 0.334375 0.69296875 0.0765625 0.10078125
0 0.17265625 0.9296875 0.053125 0.071875
0 0.08359375 0.82421875 0.0578125 0.0765625
0 0.309375 0.56875 0.05546875 0.06015625
0 0.85390625 0.55546875 0.0890625 0.0734375
0 0.803125 0.5796875 0.0484375 0.053125
0 0.47265625 0.54296875 0.1078125 0.0484375
0 0.4765625 0.79765625 0.115625 0.1921875
0 0.58828125 0.9078125 0.12734375 0.11328125
0 0.61328125 0.9703125 0.1109375 0.059375
0 0.6890625 0.778125 0.08203125 0.09375
0 0.7265625 0.821875 0.06484375 0.06484375
0 0.95078125 0.6296875 0.0984375 0.221875
0 0.98203125 0.790625 0.0359375 0.103125
0 0.93515625 0.784375 0.06953125 0.07421875
0 0.9265625 0.94921875 0.09140625 0.06953125
0 0.7828125 0.96328125 0.053125 0.0578125
0 0.58046875 0.6390625 0.0796875 0.1109375
0 0.6953125 0.56953125 0.05546875 0.0578125