0 0.20234375 0.23046875 0.18046875 0.19921875
0 0.4015625 0.2828125 0.1109375 0.103125
0 0.55546875 0.19140625 0.1078125 0.1046875
0 0.396875 0.02578125 0.0625 0.0515625
0 0.09765625 0.20703125 0.1953125 0.2859375
0 0.934375 0.10546875 0.084375 0.09140625
0 0.24140625 0.4578125 0.0984375 0.078125
0 0.5703125 0.45 0.078125 0.0625
0 0.6671875 0.76015625 0.115625 0.1203125
0 0.65078125 0.95 0.0828125 0.1
0 0.690625 0.96953125 0.13125 0.0609375
0 0.865625 0.553125 0.09375 0.09375
0 0.88984375 0.4578125 0.0796875 0.078125
0 0.73828125 0.834375 0.10078125 0.10078125
0 0.8453125 0.8859375 0.08203125 0.08203125