0 0.40859375 0.24375 0.071875 0.06484375
0 0.44609375 0.09765625 0.08671875 0.08203125
0 0.57734375 0.209375 0.0484375 0.053125
0 0.6203125 0.209375 0.0578125 0.0625
0 0.6140625 0.1140625 0.15 0.21875
0 0.54375 0.0734375 0.0578125 0.0625
0 0.24296875 0.0296875 0.1734375 0.059375
0 0.04296875 0.15859375 0.0859375 0.1921875
0 0.81875 0.03203125 0.103125 0.0640625
0 0.71796875 0.0421875 0.0578125 0.0625
0 0.828125 0.12265625 0.08203125 0.08671875
0 0.90859375 0.07421875 0.115625 0.11328125
0 0.7421875 0.20234375 0.10625 0.2546875
0 0.4296875 0.85078125 0.3125 0.2984375
0 0.4578125 0.54453125 0.12265625 0.13671875
0 0.2546875 0.53125 0.1078125 0.11796875
0 0.0421875 0.56953125 0.084375 0.0953125
0 0.1484375 0.95078125 0.0984375 0.0984375
0 0.57265625 0.72734375 0.12265625 0.125
0 0.53515625 0.6578125 0.0890625 0.09140625
0 0.5390625 0.35703125 0.05546875 0.01953125
0 0.58125 0.8625 0.215625 0.275
0 0.96171875 0.45234375 0.0765625 0.1140625
0 0.9140625 0.42421875 0.10546875 0.115625
0 0.97265625 0.7515625 0.0546875 0.084375
0 0.93671875 0.90625 0.1078125 0.11328125
0 0.7578125 0.88359375 0.09140625 0.09140625
0 0.79140625 0.97265625 0.0671875 0.0546875