0 0.2953125 0.41015625 0.0984375 0.11796875
0 0.36015625 0.36953125 0.1171875 0.2359375
0 0.29375 0.18984375 0.071875 0.071875
0 0.18203125 0.02734375 0.1078125 0.0546875
0 0.1125 0.07734375 0.09375 0.0890625
0 0.0515625 0.19296875 0.103125 0.2828125
0 0.0546875 0.37734375 0.0578125 0.0625
0 0.0828125 0.278125 0.03828125 0.0484375
0 0.1578125 0.375 0.09140625 0.0984375
0 0.1046875 0.4796875 0.0625 0.040625
0 0.07421875 0.4765625 0.0671875 0.046875
0 0.46953125 0.1453125 0.1015625 0.146875
0 0.49453125 0.35859375 0.1515625 0.1421875
0 0.72109375 0.44296875 0.1515625 0.1140625
0 0.4328125 0.05078125 0.028125 0.0921875
0 0.32890625 0.959375 0.1421875 0.08125
0 0.1859375 0.97265625 0.084375 0.0546875
0 0.2328125 0.928125 0.06015625 0.0625
0 0.05078125 0.8859375 0.0796875 0.08203125
0 0.021875 0.74453125 0.04375 0.0796875
0 0.06171875 0.6015625 0.0890625 0.09609375
0 0.090625 0.675 0.06953125 0.08203125
0 0.253125 0.840625 0.05078125 0.05546875
0 0.2796875 0.6171875 0.0578125 0.0625
0 0.22265625 0.621875 0.0578125 0.0671875
0 0.6796875 0.75 0.521875 0.5