0 0.1671875 0.1265625 0.13671875 0.14453125
0 0.10859375 0.22109375 0.2171875 0.3046875
0 0.27578125 0.3546875 0.09375 0.09609375
0 0.4484375 0.46953125 0.08125 0.0765625
0 0.46953125 0.390625 0.0390625 0.115625
0 0.45 0.22109375 0.078125 0.3296875
0 0.41953125 0.0578125 0.0796875 0.08203125
0 0.43984375 0.17265625 0.05546875 0.06015625
0 0.3171875 0.1046875 0.12265625 0.125
0 0.12109375 0.01640625 0.0703125 0.0328125
0 0.5796875 0.09296875 0.18125 0.1859375
0 0.70703125 0.1578125 0.10546875 0.10546875
0 0.94140625 0.0421875 0.1171875 0.084375
0 0.88125 0.45859375 0.07421875 0.07421875
0 0.15078125 0.62734375 0.2078125 0.2359375
0 0.2125 0.721875 0.0578125 0.06015625
0 0.04921875 0.89921875 0.0578125 0.07421875
0 0.47734375 0.821875 0.0234375 0.0625
0 0.36015625 0.784375 0.06484375 0.071875
0 0.628125 0.7609375 0.27421875 0.29296875
0 0.590625 0.9078125 0.10078125 0.10078125
0 0.8578125 0.98359375 0.10625 0.0328125
0 0.71875 0.9765625 0.0875 0.046875
0 0.80390625 0.834375 0.103125 0.09375
0 0.84453125 0.61875 0.10078125 0.10546875
0 0.515625 0.5265625 0.053125 0.034375
0 0.95390625 0.8125 0.0796875 0.06953125