0 0.4171875 0.32265625 0.065625 0.1203125
0 0.321875 0.21953125 0.25625 0.4390625
0 0.29765625 0.18046875 0.10546875 0.1078125
0 0.2546875 0.02109375 0.059375 0.0421875
0 0.13359375 0.1859375 0.2671875 0.371875
0 0.88125 0.22265625 0.115625 0.115625
0 0.971875 0.03359375 0.05625 0.0671875
0 0.55234375 0.2046875 0.12265625 0.1203125
0 0.6765625 0.4203125 0.075 0.0375
0 0.4625 0.3703125 0.025 0.065625
0 0.71328125 0.05625 0.0625 0.0625
0 0.5703125 0.07890625 0.071875 0.06953125
0 0.49609375 0.05703125 0.09140625 0.08671875
0 0.47890625 0.16171875 0.0578125 0.0796875
0 0.93203125 0.31875 0.0671875 0.0671875
0 0.078125 0.534375 0.15625 0.190625
0 0.23125 0.4703125 0.0875 0.0625
0 0.18203125 0.78359375 0.2015625 0.21640625
0 0.18671875 0.98671875 0.1203125 0.0265625
0 0.02734375 0.98125 0.0453125 0.0375
0 0.046875 0.9375 0.040625 0.040625
0 0.11796875 0.9265625 0.053125 0.05546875
0 0.08203125 0.990625 0.0328125 0.01875
0 0.484375 0.69765625 0.06875 0.0640625
0 0.6609375 0.8328125 0.06484375 0.0578125
0 0.5625 0.68671875 0.05078125 0.0578125
0 0.7875 0.5875 0.06015625 0.0578125
0 0.94609375 0.5484375 0.103125 0.1078125
0 0.8375 0.83203125 0.10546875 0.1203125
0 0.85390625 0.953125 0.1296875 0.09375
0 0.9890625 0.8859375 0.021875 0.0625
0 0.55625 0.93515625 0.08203125 0.0796875
0 0.9484375 0.47265625 0.103125 0.0671875