0 0.45625 0.44765625 0.071875 0.0421875
0 0.471875 0.4078125 0.05078125 0.03828125
0 0.3703125 0.38984375 0.053125 0.05546875
0 0.30703125 0.15859375 0.3390625 0.3171875
0 0.046875 0.0578125 0.09375 0.1
0 0.1171875 0.00859375 0.04375 0.0171875
0 0.56796875 0.4078125 0.0578125 0.07421875
0 0.928125 0.20703125 0.14375 0.1984375
0 0.1203125 0.98203125 0.103125 0.0359375
0 0.06640625 0.96484375 0.06015625 0.0671875
0 0.084375 0.8171875 0.09375 0.0796875
0 0.059375 0.7375 0.0671875 0.07421875
0 0.253125 0.51171875 0.06484375 0.084375
0 0.35625 0.54765625 0.06953125 0.09375
0 0.44453125 0.4859375 0.0765625 0.034375
0 0.53125 0.98125 0.040625 0.0375
0 0.47265625 0.978125 0.0484375 0.04375
0 0.47734375 0.94296875 0.0484375 0.06015625
0 0.440625 0.9078125 0.0625 0.0671875
0 0.71796875 0.7328125 0.08671875 0.10078125
0 0.8125 0.746875 0.08671875 0.103125
0 0.65859375 0.5140625 0.1171875 0.090625
0 0.68984375 0.5734375 0.0890625 0.08203125
0 0.74765625 0.52421875 0.08203125 0.0890625
0 0.759375 0.60625 0.0625 0.06484375
0 0.63125 0.584375 0.0625 0.06484375
0 0.86796875 0.48515625 0.0703125 0.0328125
0 0.92421875 0.490625 0.0484375 0.04375
0 0.63046875 0.8609375 0.0609375 0.103125
0 0.684375 0.89140625 0.05546875 0.06484375
0 0.7546875 0.91171875 0.0578125 0.0578125
0 0.809375 0.93203125 0.0578125 0.06015625
0 0.86796875 0.88984375 0.0796875 0.0890625
0 0.92578125 0.76875 0.146875 0.12734375