0 0.14453125 0.6 0.1265625 0.0375
0 0.42578125 0.559375 0.084375 0.09609375
0 0.44609375 0.49140625 0.0578125 0.05078125
0 0.3328125 0.46328125 0.0625 0.0671875
0 0.27421875 0.18984375 0.3984375 0.3796875
0 0.02109375 0.0546875 0.0421875 0.109375
0 0.553125 0.49609375 0.06953125 0.09140625
0 0.69140625 0.2828125 0.1390625 0.1390625
0 0.7984375 0.3109375 0.1078125 0.1203125
0 0.78671875 0.51328125 0.2234375 0.2109375
0 0.62578125 0.5984375 0.0734375 0.040625
0 0.6890625 0.03125 0.084375 0.0625
0 0.703125 0.128125 0.09140625 0.10078125
0 0.7984375 0.178125 0.08671875 0.08203125
0 0.934375 0.49140625 0.13125 0.2078125
0 0.61796875 0.09609375 0.0578125 0.0796875
0 0.82421875 0.0765625 0.1078125 0.10078125
0 0.76484375 0.0390625 0.0765625 0.078125
0 0.921875 0.2890625 0.0671875 0.0671875
0 0.8953125 0.3203125 0.0453125 0.0484375
0 0.8640625 0.18671875 0.0625 0.06484375
0 0.06328125 0.94375 0.0984375 0.1125
0 0.18671875 0.934375 0.2328125 0.13125
0 0.3265625 0.97109375 0.10625 0.0578125
0 0.2890625 0.909375 0.06953125 0.08671875
0 0.21875 0.86953125 0.0484375 0.05078125
0 0.2359375 0.76015625 0.06953125 0.0671875
0 0.23359375 0.6453125 0.0859375 0.053125
0 0.10859375 0.7 0.0484375 0.053125
0 0.075 0.69296875 0.0578125 0.0625
0 0.08828125 0.66875 0.1765625 0.1
0 0.53984375 0.76171875 0.0984375 0.1921875
0 0.00859375 0.78671875 0.0171875 0.0671875
0 0.05078125 0.82890625 0.05546875 0.053125
0 0.41484375 0.9203125 0.06015625 0.0671875
0 0.45078125 0.92734375 0.06484375 0.071875
0 0.96875 0.940625 0.0625 0.090625
0 0.70078125 0.684375 0.1984375 0.13125
0 0.8296875 0.828125 0.12265625 0.125
0 0.8984375 0.7515625 0.13203125 0.09609375
0 0.89765625 0.63203125 0.0671875 0.0265625