0 0.18046875 0.453125 0.2390625 0.3125
0 0.01875 0.2671875 0.0375 0.090625
0 0.11875 0.07265625 0.15625 0.1453125
0 0.11640625 0.00859375 0.0609375 0.0171875
0 0.271875 0.01015625 0.05625 0.0203125
0 0.95234375 0.03984375 0.04296875 0.05078125
0 0.871875 0.09765625 0.03828125 0.05546875
0 0.5828125 0.00625 0.05 0.0125
0 0.62578125 0.01328125 0.0328125 0.0265625
0 0.63671875 0.0484375 0.071875 0.0671875
0 0.71953125 0.04453125 0.03359375 0.03828125
0 0.66796875 0.10234375 0.04296875 0.0453125
0 0.56796875 0.15390625 0.0578125 0.05546875
0 0.88984375 0.2359375 0.0453125 0.06484375
0 0.92109375 0.35546875 0.0359375 0.0484375
0 0.8640625 0.42421875 0.06484375 0.0625
0 0.9875 0.48203125 0.025 0.0578125
0 0.915625 0.546875 0.06015625 0.06484375
0 0.86875 0.4890625 0.05078125 0.040625
0 0.465625 0.36171875 0.0578125 0.03828125
0 0.5609375 0.43359375 0.03359375 0.03359375
0 0.6015625 0.4703125 0.0453125 0.0625
0 0.46015625 0.43984375 0.040625 0.03828125
0 0.509375 0.4328125 0.03828125 0.040625
0 0.3890625 0.49296875 0.1203125 0.09140625
0 0.325 0.3703125 0.0453125 0.03828125
0 0.3203125 0.08671875 0.03359375 0.03359375
0 0.42109375 0.1203125 0.03359375 0.03828125
0 0.7796875 0.55078125 0.05546875 0.040625
0 0.08046875 0.796875 0.1609375 0.18125
0 0.13828125 0.6421875 0.1109375 0.065625
0 0.26328125 0.76875 0.0734375 0.1
0 0.034375 0.97578125 0.06875 0.0484375
0 0.31328125 0.71328125 0.0265625 0.1078125
0 0.67734375 0.72421875 0.084375 0.08671875
0 0.7609375 0.8140625 0.09140625 0.09375
0 0.41796875 0.94375 0.1140625 0.1125
0 0.91796875 0.96796875 0.1640625 0.0640625
0 0.89609375 0.834375 0.0578125 0.0671875
0 0.8296875 0.75546875 0.0453125 0.0484375