0 0.17578125 0.059375 0.0765625 0.084375
0 0.06796875 0.05 0.0578125 0.07421875
0 0.27265625 0.01640625 0.0515625 0.0328125
0 0.46015625 0.2796875 0.1203125 0.146875
0 0.63046875 0.35546875 0.1390625 0.1078125
0 0.74453125 0.3984375 0.0671875 0.021875
0 0.76953125 0.3671875 0.06484375 0.0578125
0 0.9078125 0.25234375 0.06484375 0.0671875
0 0.7421875 0.2546875 0.06484375 0.0625
0 0.8734375 0.20078125 0.0578125 0.0578125
0 0.92265625 0.1484375 0.0578125 0.0578125
0 0.8359375 0.1125 0.0578125 0.0578125
0 0.91875 0.0765625 0.0796875 0.0765625
0 0.80703125 0.01875 0.0796875 0.0375
0 0.06015625 0.57890625 0.0796875 0.0796875
0 0.18515625 0.55625 0.0765625 0.071875
0 0.22890625 0.628125 0.1203125 0.11796875
0 0.32109375 0.7265625 0.0765625 0.06484375
0 0.35703125 0.659375 0.0859375 0.134375
0 0.02109375 0.73359375 0.0421875 0.0859375
0 0.01015625 0.7984375 0.0203125 0.053125
0 0.00625 0.96015625 0.0125 0.0703125
0 0.3875 0.79921875 0.025 0.0640625
0 0.5203125 0.47265625 0.134375 0.1265625
0 0.4421875 0.60703125 0.06953125 0.08671875
0 0.4984375 0.6421875 0.053125 0.053125
0 0.66328125 0.734375 0.053125 0.053125
0 0.51640625 0.89921875 0.084375 0.09375
0 0.50234375 0.97890625 0.0515625 0.0421875
0 0.4265625 0.88671875 0.053125 0.2265625
0 0.9640625 0.665625 0.071875 0.09375