0 0.4171875 0.5515625 0.05078125 0.03828125
0 0.315625 0.53359375 0.053125 0.05546875
0 0.25234375 0.29921875 0.3390625 0.32421875
0 0.471875 0.1109375 0.0578125 0.08203125
0 0.53203125 0.08046875 0.0453125 0.0578125
0 0.615625 0.134375 0.046875 0.090625
0 0.01953125 0.2015625 0.0390625 0.1
0 0.06328125 0.140625 0.04296875 0.04296875
0 0.6109375 0.53984375 0.05625 0.0796875
0 0.51328125 0.546875 0.0578125 0.065625
0 0.89609375 0.375 0.06953125 0.0671875
0 0.7828125 0.55703125 0.084375 0.0453125
0 0.759375 0.0203125 0.05625 0.040625
0 0.34765625 0.93671875 0.084375 0.07421875
0 0.52265625 0.934375 0.07421875 0.071875
0 0.55859375 0.91875 0.0671875 0.06953125
0 0.484375 0.7640625 0.0765625 0.084375
0 0.0203125 0.6828125 0.040625 0.10625
0 0.33515625 0.628125 0.05078125 0.0625
0 0.2609375 0.82265625 0.084375 0.08671875
0 0.32421875 0.7984375 0.0765625 0.0625
0 0.59609375 0.8375 0.06953125 0.0671875
0 0.58046875 0.609375 0.1171875 0.059375
0 0.6328125 0.6609375 0.0125 0.053125
0 0.6171875 0.7515625 0.04375 0.178125
0 0.86171875 0.67890625 0.08203125 0.08203125
0 0.93046875 0.7875 0.05546875 0.06484375
0 0.97578125 0.971875 0.0484375 0.05625
0 0.8015625 0.8359375 0.325 0.328125
0 0.90390625 0.8609375 0.05546875 0.0625