0 0.48125 0.26640625 0.1375 0.2453125
0 0.3625 0.11875 0.0578125 0.08203125
0 0.30234375 0.08828125 0.0453125 0.0578125
0 0.2109375 0.14296875 0.0625 0.09140625
0 0.128125 0.1078125 0.12734375 0.134375
0 0.04765625 0.01953125 0.0765625 0.0390625
0 0.78203125 0.33828125 0.1703125 0.1015625
0 0.76640625 0.20703125 0.1515625 0.1609375
0 0.603125 0.06640625 0.0796875 0.0765625
0 0.45703125 0.80625 0.1859375 0.35
0 0.4640625 0.5140625 0.08203125 0.08671875
0 0.0109375 0.47734375 0.021875 0.0859375
0 0.17265625 0.61484375 0.053125 0.05078125
0 0.56328125 0.92109375 0.0265625 0.0984375
0 0.61015625 0.6375 0.0625 0.08203125
0 0.65859375 0.69140625 0.06484375 0.07421875
0 0.96875 0.90546875 0.0625 0.0734375
0 0.734375 0.97265625 0.08125 0.0546875
0 0.86171875 0.653125 0.06484375 0.07421875
0 0.88359375 0.56875 0.0625 0.06953125