0 0.06953125 0.62578125 0.0546875 0.0265625
0 0.18203125 0.6125 0.0578125 0.053125
0 0.2515625 0.37890625 0.375 0.32421875
0 0.01953125 0.190625 0.0390625 0.084375
0 0.1234375 0.03828125 0.1625 0.0765625
0 0.4984375 0.28125 0.021875 0.1
0 0.46171875 0.2203125 0.0484375 0.04296875
0 0.52421875 0.10703125 0.0296875 0.0796875
0 0.98671875 0.24296875 0.0265625 0.0828125
0 0.96640625 0.42578125 0.0671875 0.0734375
0 0.63515625 0.61015625 0.0640625 0.0578125
0 0.65625 0.4265625 0.08671875 0.08671875
0 0.4671875 0.8 0.084375 0.321875
0 0.27265625 0.6484375 0.0765625 0.01875
0 0.2015625 0.78515625 0.125 0.12265625
0 0.38203125 0.93515625 0.05078125 0.07421875
0 0.4296875 0.9078125 0.040625 0.06953125
0 0.10703125 0.86796875 0.05546875 0.053125
0 0.29765625 0.95546875 0.053125 0.05546875
0 0.61796875 0.9171875 0.2171875 0.165625
0 0.5796875 0.74140625 0.0671875 0.06953125
0 0.63984375 0.74375 0.10546875 0.10546875
0 0.56015625 0.65390625 0.1015625 0.0296875
0 0.66484375 0.6578125 0.1109375 0.0375
0 0.6796875 0.68359375 0.096875 0.0890625
0 0.865625 0.90546875 0.0765625 0.0765625
0 0.9015625 0.87265625 0.0765625 0.0796875
0 0.90859375 0.9484375 0.0578125 0.0578125
0 0.8953125 0.821875 0.0671875 0.06484375
0 0.9015625 0.70078125 0.125 0.1234375
0 0.98359375 0.82421875 0.0328125 0.0921875
0 0.990625 0.675 0.01875 0.071875