0 0.1703125 0.6984375 0.05078125 0.03828125
0 0.06875 0.68046875 0.053125 0.05546875
0 0.0875 0.4453125 0.175 0.325
0 0.225 0.2578125 0.0578125 0.08203125
0 0.28515625 0.22734375 0.0453125 0.0578125
0 0.3765625 0.28203125 0.0625 0.09140625
0 0.4171875 0.246875 0.04375 0.134375
0 0.40859375 0.03359375 0.0609375 0.0609375
0 0.12109375 0.08203125 0.146875 0.1296875
0 0.12265625 0.01640625 0.0578125 0.0328125
0 0.37421875 0.6828125 0.0765625 0.071875
0 0.26640625 0.68984375 0.0578125 0.0578125
0 0.9265625 0.66328125 0.0671875 0.0671875
0 0.971875 0.27421875 0.05546875 0.05546875
0 0.80703125 0.1625 0.05078125 0.0484375
0 0.76875 0.13671875 0.0484375 0.0453125
0 0.83359375 0.0671875 0.103125 0.103125
0 0.76796875 0.0078125 0.0890625 0.015625
0 0.59375 0.1828125 0.06015625 0.0578125
0 0.65234375 0.14765625 0.04296875 0.0453125
0 0.61015625 0.3109375 0.06015625 0.0625
0 0.734375 0.3609375 0.053125 0.05546875
0 0.74453125 0.4203125 0.06015625 0.0578125
0 0.7125 0.61796875 0.06484375 0.05546875
0 0.75234375 0.66953125 0.06015625 0.0578125
0 0.7 0.70625 0.084375 0.025
0 0.57109375 0.70078125 0.0515625 0.0359375
0 0.6078125 0.6421875 0.0484375 0.03359375
0 0.534375 0.60546875 0.06484375 0.07421875
0 0.46796875 0.59921875 0.0578125 0.0671875
0 0.4484375 0.5375 0.01875 0.0625
0 0.4515625 0.29453125 0.025 0.0578125
0 0.478125 0.290625 0.04296875 0.0359375
0 0.8 0.5453125 0.040625 0.0359375
0 0.871875 0.62109375 0.0671875 0.05078125
0 0.86015625 0.58515625 0.0484375 0.03828125
0 0.61171875 0.0671875 0.05546875 0.0578125
0 0.53828125 0.02890625 0.04296875 0.0484375
0 0.1546875 0.75 0.084375 0.0625
0 0.28828125 0.77734375 0.08203125 0.08671875
0 0.81796875 0.81640625 0.06015625 0.07421875
0 0.46640625 0.91640625 0.0546875 0.1328125
0 0.57890625 0.9546875 0.071875 0.06953125
0 0.9109375 0.95234375 0.13125 0.0953125