0 0.4796875 0.12890625 0.140625 0.2578125
0 0.359375 0.284375 0.0578125 0.08203125
0 0.29921875 0.31484375 0.0453125 0.0578125
0 0.2078125 0.26015625 0.0625 0.09140625
0 0.125 0.2953125 0.12734375 0.134375
0 0.04453125 0.40625 0.0765625 0.0875
0 0.4625 0.42265625 0.146875 0.0546875
0 0.578125 0.34296875 0.05625 0.0859375
0 0.6453125 0.353125 0.0671875 0.0765625
0 0.71171875 0.33671875 0.0671875 0.08671875
0 0.7234375 0.20546875 0.13671875 0.15625
0 0.57421875 0.14375 0.0484375 0.103125
0 0.98203125 0.0921875 0.0359375 0.0875
0 0.90390625 0.18671875 0.06953125 0.0796875
0 0.87578125 0.4203125 0.1140625 0.059375
0 0.35625 0.73046875 0.115625 0.11796875
0 0.27109375 0.5921875 0.24296875 0.2359375
0 0.353125 0.540625 0.0796875 0.0796875
0 0.24140625 0.49296875 0.2140625 0.0859375
0 0.14765625 0.54296875 0.1203125 0.125
0 0.05625 0.53984375 0.07421875 0.0765625
0 0.153125 0.834375 0.0765625 0.0765625
0 0.5296875 0.95234375 0.040625 0.0859375
0 0.51015625 0.86953125 0.0796875 0.1046875
0 0.52421875 0.53671875 0.0515625 0.1734375
0 0.98203125 0.58984375 0.0359375 0.0765625
0 0.978125 0.828125 0.04375 0.096875
0 0.88984375 0.88671875 0.0984375 0.084375
0 0.8890625 0.82265625 0.05546875 0.06015625
0 0.584375 0.525 0.06875 0.103125
0 0.6703125 0.5390625 0.07421875 0.0765625
0 0.83359375 0.69296875 0.0625 0.0671875