0 0.26484375 0.209375 0.5296875 0.41875
0 0.696875 0.04765625 0.103125 0.0953125
0 0.640625 0.08125 0.10078125 0.1078125
0 0.7390625 0.134375 0.084375 0.084375
0 0.86640625 0.15703125 0.09140625 0.0890625
0 0.96484375 0.33984375 0.0703125 0.1421875
0 0.57890625 0.16484375 0.0984375 0.1234375
0 0.68125 0.1421875 0.303125 0.284375
0 0.725 0.3671875 0.06953125 0.06484375
0 0.7234375 0.27578125 0.13671875 0.16328125
0 0.40390625 0.6 0.06953125 0.07421875
0 0.3546875 0.45703125 0.0796875 0.06484375
0 0.31796875 0.578125 0.053125 0.06015625
0 0.40234375 0.7421875 0.071875 0.06953125
0 0.48671875 0.7234375 0.0625 0.0625
0 0.20625 0.78515625 0.0796875 0.07421875
0 0.046875 0.559375 0.071875 0.06015625
0 0.01171875 0.665625 0.0234375 0.084375
0 0.009375 0.83515625 0.01875 0.0515625
0 0.02890625 0.7578125 0.04296875 0.05078125
0 0.0125 0.9140625 0.025 0.090625
0 0.06015625 0.9703125 0.0484375 0.059375
0 0.45078125 0.871875 0.07421875 0.06484375
0 0.1703125 0.6421875 0.06953125 0.0625
0 0.503125 0.440625 0.053125 0.04375
0 0.26328125 0.49296875 0.0578125 0.05078125
0 0.26875 0.54140625 0.05546875 0.0453125
0 0.95859375 0.89296875 0.0828125 0.2140625
0 0.5609375 0.70625 0.0625 0.146875
0 0.86796875 0.6984375 0.14453125 0.14453125
0 0.7484375 0.46171875 0.146875 0.0859375
0 0.85703125 0.4890625 0.08671875 0.0890625
0 0.92265625 0.42578125 0.0921875 0.0140625
0 0.646875 0.7703125 0.1390625 0.1390625
0 0.5953125 0.9828125 0.096875 0.034375
0 0.640625 0.88671875 0.103125 0.10546875
0 0.5921875 0.4578125 0.084375 0.078125
0 0.62890625 0.428125 0.0890625 0.01875
0 0.9765625 0.77109375 0.046875 0.0984375
0 0.97578125 0.6828125 0.0484375 0.06875
0 0.85234375 0.60703125 0.071875 0.071875
0 0.6671875 0.5140625 0.0765625 0.0796875