0 0.23984375 0.36953125 0.4796875 0.7390625
0 0.94921875 0.44609375 0.06484375 0.08203125
0 0.84609375 0.55078125 0.06484375 0.06953125
0 0.63046875 0.7046875 0.06015625 0.0671875
0 0.5578125 0.47265625 0.15625 0.1796875
0 0.52265625 0.37265625 0.0625 0.06015625
0 0.58828125 0.1109375 0.09140625 0.0796875
0 0.73671875 0.03359375 0.0671875 0.06484375
0 0.98125 0.06171875 0.0375 0.1234375
0 0.94453125 0.178125 0.0984375 0.08671875
0 0.9765625 0.64765625 0.046875 0.0578125
0 0.5078125 0.68828125 0.05625 0.0640625
0 0.94921875 0.94140625 0.1015625 0.1171875
0 0.96875 0.80234375 0.0625 0.1265625
0 0.8703125 0.7671875 0.134375 0.05625
0 0.68984375 0.93203125 0.09375 0.09375
0 0.77109375 0.809375 0.0984375 0.10546875
0 0.56484375 0.9109375 0.15625 0.16796875