0 0.16953125 0.334375 0.3390625 0.66875
0 0.82578125 0.140625 0.2953125 0.28125
0 0.48203125 0.19921875 0.10546875 0.12734375
0 0.45078125 0.37734375 0.084375 0.0796875
0 0.95078125 0.55546875 0.0671875 0.0796875
0 0.73046875 0.37265625 0.06953125 0.0578125
0 0.63203125 0.35703125 0.071875 0.05078125
0 0.90859375 0.32421875 0.0796875 0.07421875
0 0.39765625 0.1875 0.0671875 0.071875
0 0.3546875 0.44375 0.03125 0.040625
0 0.38671875 0.49296875 0.053125 0.05546875
0 0.40625 0.6390625 0.053125 0.059375
0 0.021875 0.85546875 0.04375 0.2515625
0 0.23046875 0.95234375 0.0671875 0.0796875
0 0.9421875 0.97265625 0.075 0.0546875
0 0.85234375 0.88828125 0.2765625 0.2234375
0 0.42421875 0.6984375 0.0890625 0.059375
0 0.4375 0.7515625 0.0671875 0.0671875
0 0.54453125 0.759375 0.06484375 0.06484375
0 0.63515625 0.8484375 0.0765625 0.0765625
0 0.66015625 0.7984375 0.0625 0.0625
0 0.74296875 0.8828125 0.06015625 0.06015625
0 0.77421875 0.80625 0.07421875 0.07421875
0 0.74140625 0.70390625 0.0734375 0.0703125
0 0.8859375 0.7375 0.0765625 0.0765625
0 0.909375 0.7703125 0.06484375 0.06484375
0 0.94296875 0.72890625 0.09375 0.09375
0 0.47265625 0.95234375 0.09140625 0.09140625