0 0.015625 0.16640625 0.03125 0.1515625
0 0.05390625 0.1171875 0.0890625 0.08671875
0 0.04296875 0.01796875 0.0859375 0.0359375
0 0.24296875 0.25078125 0.0328125 0.0984375
0 0.0984375 0.375 0.196875 0.15
0 0.15546875 0.03359375 0.0953125 0.0671875
0 0.1875 0.06171875 0.11328125 0.1109375
0 0.1421875 0.13515625 0.125 0.125
0 0.465625 0.3703125 0.19375 0.159375
0 0.8078125 0.13515625 0.11796875 0.115625
0 0.6359375 0.15078125 0.05078125 0.0625
0 0.26328125 0.2546875 0.0078125 0.040625
0 0.64296875 0.0078125 0.0765625 0.015625
0 0.7359375 0.0171875 0.075 0.034375
0 0.35390625 0.01171875 0.0703125 0.0234375
0 0.21171875 0.478125 0.0953125 0.05625
0 0.21640625 0.684375 0.0859375 0.084375
0 0.15625 0.77890625 0.07421875 0.0671875
0 0.04609375 0.89921875 0.06015625 0.0625
0 0.0203125 0.5421875 0.040625 0.071875
0 0.7984375 0.97578125 0.13125 0.0484375
0 0.6421875 0.96328125 0.084375 0.0671875
0 0.66875 0.91171875 0.0890625 0.071875
0 0.371875 0.90078125 0.11328125 0.12734375
0 0.53125 0.80234375 0.084375 0.09609375
0 0.54921875 0.89765625 0.053125 0.06484375
0 0.26953125 0.84453125 0.0203125 0.1296875
0 0.2671875 0.68046875 0.015625 0.0828125
0 0.2765625 0.51484375 0.034375 0.1078125
0 0.39453125 0.478125 0.1171875 0.05625
0 0.528125 0.53359375 0.09375 0.0984375
0 0.91640625 0.684375 0.071875 0.0671875