0 0.175 0.23125 0.1296875 0.14453125
0 0.296875 0.196875 0.071875 0.08671875
0 0.35625 0.0859375 0.0796875 0.09609375
0 0.38203125 0.40703125 0.0734375 0.0453125
0 0.11875 0.4046875 0.06875 0.05
0 0.025 0.14296875 0.05 0.0765625
0 0.0640625 0.11484375 0.0671875 0.071875
0 0.23125 0.33125 0.1109375 0.1078125
0 0.9296875 0.04609375 0.0765625 0.071875
0 0.98203125 0.09765625 0.0359375 0.1046875
0 0.9671875 0.15703125 0.06015625 0.0578125
0 0.64296875 0.0765625 0.1515625 0.14921875
0 0.534375 0.26171875 0.23125 0.2609375
0 0.4390625 0.134375 0.040625 0.13125
0 0.60703125 0.396875 0.1203125 0.065625
0 0.9421875 0.38515625 0.115625 0.0890625
0 0.32734375 0.96015625 0.1734375 0.0796875
0 0.2625 0.82890625 0.10546875 0.103125
0 0.33125 0.7765625 0.06953125 0.0796875
0 0.39609375 0.76796875 0.0453125 0.1234375
0 0.0171875 0.6203125 0.034375 0.103125
0 0.23359375 0.47734375 0.1078125 0.0953125
0 0.11484375 0.459375 0.0578125 0.059375
0 0.121875 0.80703125 0.09609375 0.103125
0 0.059375 0.90546875 0.06953125 0.0796875
0 0.34921875 0.58203125 0.05546875 0.0671875
0 0.35390625 0.5109375 0.0625 0.06484375
0 0.05 0.5546875 0.05078125 0.053125
0 0.25390625 0.58671875 0.05078125 0.0625
0 0.7640625 0.97890625 0.059375 0.0421875
0 0.4421875 0.571875 0.046875 0.08125
0 0.6546875 0.4625 0.128125 0.065625
0 0.803125 0.778125 0.06484375 0.05078125
0 0.9921875 0.8140625 0.015625 0.053125
0 0.934375 0.63515625 0.053125 0.053125
0 0.96328125 0.5421875 0.0625 0.0578125
0 0.496875 0.5734375 0.0625 0.084375
0 0.4453125 0.9921875 0.053125 0.015625
0 0.73828125 0.58671875 0.04296875 0.053125