0 0.3046875 0.165625 0.209375 0.26875
0 0.2671875 0.11171875 0.1296875 0.13203125
0 0.19453125 0.034375 0.0796875 0.06875
0 0.07734375 0.24375 0.1546875 0.1125
0 0.24140625 0.2765625 0.1109375 0.046875
0 0.32421875 0.17421875 0.0671875 0.0578125
0 0.35546875 0.05234375 0.09140625 0.09375
0 0.38984375 0.06484375 0.0390625 0.0890625
0 0.10859375 0.03515625 0.1109375 0.0703125
0 0.61640625 0.11015625 0.2078125 0.2203125
0 0.55625 0.196875 0.0578125 0.06015625
0 0.83046875 0.20546875 0.0578125 0.0484375
0 0.8796875 0.2296875 0.053125 0.0578125
0 0.425 0.259375 0.03125 0.071875
0 0.7875 0.01953125 0.040625 0.0390625
0 0.8984375 0.10859375 0.203125 0.2171875
0 0.36796875 0.46953125 0.0828125 0.2234375
0 0.0546875 0.4765625 0.109375 0.353125
0 0.2484375 0.34296875 0.103125 0.0859375
0 0.1203125 0.35390625 0.10625 0.1078125
0 0.68359375 0.58984375 0.5484375 0.5796875
0 0.7890625 0.38046875 0.25 0.1609375
0 0.91640625 0.4234375 0.146875 0.14921875
0 0.59453125 0.90703125 0.134375 0.1390625
0 0.7125 0.87890625 0.19453125 0.2015625
0 0.6515625 0.98203125 0.09375 0.0359375