0 0.3125 0.184375 0.6125 0.36875
0 0.0921875 0.33359375 0.14375 0.0703125
0 0.05625 0.04921875 0.1125 0.0984375
0 0.05 0.14375 0.1 0.121875
0 0.55390625 0.24609375 0.06015625 0.071875
0 0.1515625 0.29296875 0.07421875 0.06484375
0 0.6046875 0.24453125 0.028125 0.0984375
0 0.68671875 0.01796875 0.0578125 0.0359375
0 0.734375 0.01328125 0.03125 0.0265625
0 0.6390625 0.03046875 0.040625 0.0390625
0 0.81171875 0.13984375 0.0890625 0.0984375
0 0.68046875 0.09140625 0.0484375 0.05546875
0 0.9765625 0.23125 0.046875 0.10625
0 0.9234375 0.09609375 0.0484375 0.053125
0 0.6625 0.28515625 0.0875 0.1171875
0 0.7828125 0.21796875 0.103125 0.05546875
0 0.7828125 0.296875 0.09609375 0.06484375
0 0.83046875 0.26953125 0.0453125 0.0359375
0 0.41953125 0.971875 0.1390625 0.05625
0 0.0125 0.815625 0.025 0.071875
0 0.2015625 0.85625 0.06484375 0.06484375
0 0.2078125 0.90703125 0.071875 0.0578125
0 0.28828125 0.94765625 0.0578125 0.040625
0 0.01328125 0.4421875 0.0265625 0.065625
0 0.3328125 0.64375 0.571875 0.55
0 0.94609375 0.8453125 0.06015625 0.07421875
0 0.96875 0.92578125 0.0484375 0.03359375
0 0.9359375 0.65625 0.0578125 0.05078125