0 0.30234375 0.434375 0.1296875 0.090625
0 0.425 0.428125 0.071875 0.08671875
0 0.46640625 0.31640625 0.0453125 0.0953125
0 0.21796875 0.15390625 0.4359375 0.3078125
0 0.04609375 0.34140625 0.0921875 0.1078125
0 0.0125 0.43828125 0.025 0.0578125
0 0.40390625 0.165625 0.040625 0.05546875
0 0.07578125 0.2671875 0.0578125 0.04296875
0 0.14140625 0.375 0.07421875 0.0765625
0 0.1921875 0.34609375 0.0671875 0.071875
0 0.46328125 0.15078125 0.0515625 0.0703125
0 0.4765625 0.01484375 0.025 0.0296875
0 0.96015625 0.24921875 0.0796875 0.0703125
0 0.83046875 0.4453125 0.0890625 0.06875
0 0.2640625 0.82109375 0.16796875 0.16796875
0 0.39375 0.83203125 0.1078125 0.103125
0 0.46875 0.79765625 0.040625 0.1609375
0 0.21015625 0.51796875 0.1765625 0.0765625
0 0.4734375 0.61875 0.03125 0.1
0 0.47890625 0.6703125 0.0203125 0.103125
0 0.734375 0.52421875 0.09375 0.0890625
0 0.73125 0.81875 0.1078125 0.1078125
0 0.65546875 0.853125 0.10546875 0.10546875
0 0.584375 0.9015625 0.1203125 0.1203125
0 0.52734375 0.95234375 0.0765625 0.0953125
0 0.67109375 0.96171875 0.1109375 0.0765625
0 0.84453125 0.9515625 0.0984375 0.096875
0 0.96640625 0.92265625 0.0671875 0.1421875
0 0.94609375 0.76171875 0.09609375 0.0984375