0 0.58828125 0.18203125 0.0421875 0.1453125
0 0.45 0.49296875 0.31875 0.3140625
0 0.3703125 0.303125 0.103125 0.1078125
0 0.3234375 0.20625 0.06484375 0.0578125
0 0.428125 0.11171875 0.07421875 0.09375
0 0.57578125 0.01640625 0.0671875 0.0328125
0 0.0578125 0.04375 0.115625 0.0875
0 0.07265625 0.17890625 0.0578125 0.0765625
0 0.121875 0.41953125 0.1421875 0.178125
0 0.1015625 0.6390625 0.053125 0.021875
0 0.28125 0.5765625 0.08671875 0.0984375
0 0.28984375 0.4828125 0.0890625 0.08671875
0 0.40546875 0.378125 0.0578125 0.04296875
0 0.47109375 0.2703125 0.07421875 0.0765625
0 0.521875 0.29921875 0.0671875 0.071875
0 0.3015625 0.07109375 0.06484375 0.0671875
0 0.284375 0.0171875 0.071875 0.034375
0 0.2515625 0.08515625 0.08203125 0.07421875
0 0.24453125 0.16796875 0.0890625 0.084375
0 0.94453125 0.34375 0.1109375 0.13125
0 0.928125 0.3671875 0.05546875 0.0578125
0 0.9359375 0.128125 0.12265625 0.125
0 0.9734375 0.025 0.053125 0.05
0 0.63828125 0.13359375 0.0578125 0.0859375
0 0.67109375 0.17109375 0.07421875 0.07421875
0 0.7 0.1921875 0.06484375 0.06484375
0 0.80703125 0.196875 0.0984375 0.0984375
0 0.76171875 0.22578125 0.09375 0.09375
0 0.83828125 0.246875 0.07421875 0.07421875
0 0.8453125 0.51640625 0.10546875 0.103125
0 0.7046875 0.4546875 0.084375 0.09140625
0 0.7875 0.6109375 0.103125 0.078125
0 0.08828125 0.82734375 0.10078125 0.10078125
0 0.05234375 0.7578125 0.0796875 0.0765625
0 0.034375 0.87421875 0.06875 0.0796875
0 0.4140625 0.7359375 0.115625 0.115625
0 0.3578125 0.83125 0.1078125 0.1078125
0 0.384375 0.89375 0.06015625 0.0625
0 0.30078125 0.96015625 0.1015625 0.0796875
0 0.3875 0.9765625 0.09375 0.046875
0 0.54765625 0.85390625 0.09609375 0.10078125
0 0.5625 0.76015625 0.09375 0.1078125
0 0.5609375 0.678125 0.096875 0.05625
0 0.58203125 0.98515625 0.0546875 0.0296875
0 0.7625 0.80390625 0.08203125 0.0796875
0 0.975 0.95390625 0.05 0.0890625
0 0.92578125 0.8953125 0.1484375 0.184375
0 0.92734375 0.79765625 0.1453125 0.1421875
0 0.8796875 0.7171875 0.07421875 0.07421875
0 0.89609375 0.68828125 0.06953125 0.071875
0 0.64921875 0.76328125 0.0796875 0.0890625
0 0.67890625 0.715625 0.071875 0.0671875