0 0.56796875 0.059375 0.0578125 0.08203125
0 0.971875 0.02265625 0.05625 0.0453125
0 0.93828125 0.1640625 0.053125 0.053125
0 0.7265625 0.040625 0.0578125 0.05078125
0 0.590625 0.96640625 0.05625 0.0671875
0 0.2703125 0.88515625 0.09375 0.0796875
0 0.55703125 0.85859375 0.1234375 0.1203125
0 0.50859375 0.7203125 0.08671875 0.09609375
0 0.584375 0.73046875 0.06875 0.1234375
0 0.60078125 0.63671875 0.0359375 0.0921875
0 0.48671875 0.39453125 0.1390625 0.134375
0 0.384375 0.4796875 0.06484375 0.071875
0 0.25625 0.359375 0.146875 0.18125
0 0.18671875 0.5203125 0.09375 0.0890625
0 0.11875 0.53046875 0.0984375 0.0890625
0 0.11875 0.44609375 0.071875 0.08671875
0 0.2453125 0.746875 0.12265625 0.1390625
0 0.05390625 0.9609375 0.06484375 0.071875
0 0.0109375 0.828125 0.021875 0.053125
0 0.65703125 0.328125 0.0765625 0.06015625
0 0.95234375 0.85703125 0.0796875 0.0796875
0 0.69296875 0.89375 0.06484375 0.06953125
0 0.84453125 0.28359375 0.1078125 0.0296875