0 0.04453125 0.07890625 0.084375 0.0984375
0 0.8125 0.475 0.071875 0.06875
0 0.990625 0.29453125 0.01875 0.0953125
0 0.48046875 0.2109375 0.0609375 0.09375
0 0.5015625 0.32265625 0.103125 0.0890625
0 0.659375 0.3875 0.08203125 0.09375
0 0.41015625 0.8546875 0.0796875 0.259375
0 0.21875 0.8890625 0.10078125 0.0984375
0 0.01640625 0.73203125 0.0328125 0.0578125
0 0.7390625 0.93359375 0.21875 0.1328125
0 0.765625 0.765625 0.18984375 0.18984375
0 0.8859375 0.7 0.134375 0.134375
0 0.70546875 0.5265625 0.0828125 0.034375
0 0.890625 0.5453125 0.103125 0.071875
0 0.54140625 0.7203125 0.1828125 0.421875