0 0.09453125 0.28828125 0.1890625 0.2328125
0 0.11171875 0.45234375 0.2234375 0.1140625
0 0.2046875 0.05703125 0.084375 0.06953125
0 0.23828125 0.09609375 0.0234375 0.0578125
0 0.58515625 0.03828125 0.1515625 0.0765625
0 0.46640625 0.20390625 0.11328125 0.11328125
0 0.49765625 0.31953125 0.1828125 0.1828125
0 0.68984375 0.4 0.18515625 0.18515625
0 0.78828125 0.4671875 0.0796875 0.0796875
0 0.76484375 0.49453125 0.0765625 0.0296875
0 0.28984375 0.35 0.0796875 0.134375
0 0.07890625 0.97578125 0.0984375 0.0484375
0 0.13515625 0.9734375 0.0453125 0.053125
0 0.1265625 0.75703125 0.08203125 0.0796875
0 0.2390625 0.865625 0.021875 0.08125
0 0.05 0.86328125 0.0453125 0.05546875
0 0.92109375 0.6328125 0.1578125 0.196875
0 0.53515625 0.61484375 0.1734375 0.17578125
0 0.35859375 0.603125 0.2171875 0.1875
0 0.3671875 0.89296875 0.11796875 0.125