0 0.22734375 0.225 0.4453125 0.45
0 0.0578125 0.41015625 0.08125 0.0796875
0 0.55 0.3734375 0.13203125 0.125
0 0.58671875 0.275 0.12734375 0.134375
0 0.81875 0.30078125 0.0765625 0.0765625
0 0.82578125 0.3671875 0.0671875 0.06484375
0 0.7109375 0.32734375 0.07421875 0.09140625
0 0.85390625 0.0765625 0.071875 0.07421875
0 0.3125 0.4765625 0.05625 0.053125
0 0.165625 0.5890625 0.05078125 0.071875
0 0.4078125 0.46953125 0.084375 0.0390625
0 0.7796875 0.80625 0.0625 0.0796875
0 0.721875 0.7796875 0.07421875 0.0984375
0 0.6328125 0.74765625 0.04296875 0.03828125
0 0.603125 0.7109375 0.06015625 0.053125
0 0.9515625 0.565625 0.096875 0.196875
0 0.60703125 0.46328125 0.0484375 0.0265625
0 0.628125 0.54453125 0.040625 0.0453125
0 0.62421875 0.5078125 0.04296875 0.040625
0 0.82890625 0.75078125 0.0484375 0.05078125