0 0.20859375 0.315625 0.4171875 0.553125
0 0.5640625 0.33671875 0.03125 0.1140625
0 0.9140625 0.471875 0.10078125 0.10546875
0 0.94296875 0.41171875 0.0796875 0.084375
0 0.7234375 0.25546875 0.10078125 0.09609375
0 0.975 0.60546875 0.05 0.0546875
0 0.93125 0.58359375 0.05078125 0.053125
0 0.67265625 0.18125 0.08203125 0.0796875
0 0.42265625 0.7765625 0.06484375 0.084375
0 0.48203125 0.8546875 0.06015625 0.0671875
0 0.54921875 0.890625 0.0484375 0.06484375
0 0.0296875 0.70546875 0.053125 0.0671875
0 0.0828125 0.6765625 0.040625 0.034375
0 0.3015625 0.7375 0.040625 0.0484375
0 0.91875 0.696875 0.134375 0.075
0 0.734375 0.709375 0.1625 0.1