0 0.3984375 0.41640625 0.4625 0.3265625
0 0.32578125 0.1125 0.09140625 0.0890625
0 0.02421875 0.5015625 0.0484375 0.115625
0 0.43046875 0.01953125 0.1640625 0.0390625
0 0.04765625 0.02734375 0.0671875 0.0546875
0 0.02265625 0.05859375 0.0453125 0.0671875
0 0.58671875 0.11015625 0.06015625 0.0484375
0 0.4359375 0.10703125 0.06484375 0.06953125
0 0.9859375 0.04296875 0.028125 0.0859375
0 0.77421875 0.0140625 0.0578125 0.028125
0 0.9171875 0.09453125 0.103125 0.10546875
0 0.79921875 0.24375 0.11796875 0.11796875
0 0.9859375 0.478125 0.028125 0.059375
0 0.875 0.4234375 0.0578125 0.06015625
0 0.784375 0.47890625 0.0671875 0.06953125
0 0.65234375 0.4625 0.0453125 0.06875
0 0.64609375 0.3546875 0.0328125 0.053125
0 0.640625 0.18046875 0.021875 0.0609375
0 0.92265625 0.18125 0.03359375 0.03828125
0 0.90859375 0.22578125 0.040625 0.040625
0 0.8890625 0.27265625 0.0578125 0.053125
0 0.40859375 0.61875 0.0859375 0.078125
0 0.39921875 0.7 0.08203125 0.0625
0 0.2515625 0.85078125 0.05546875 0.0671875
0 0.9203125 0.8015625 0.159375 0.228125
0 0.7578125 0.99296875 0.05 0.0140625