0 0.08125 0.04140625 0.1625 0.0828125
0 0.19140625 0.18828125 0.1875 0.1921875
0 0.28828125 0.5390625 0.0828125 0.159375
0 0.02109375 0.225 0.0421875 0.190625
0 0.0640625 0.28125 0.128125 0.13125
0 0.14921875 0.30625 0.115625 0.115625
0 0.059375 0.35703125 0.11875 0.1390625
0 0.16015625 0.38046875 0.15625 0.15625
0 0.03828125 0.52265625 0.0765625 0.1390625
0 0.3125 0.328125 0.034375 0.1125
0 0.3015625 0.16171875 0.05625 0.1078125
0 0.41953125 0.33125 0.1796875 0.18125
0 0.42265625 0.1265625 0.103125 0.115625
0 0.47265625 0.0796875 0.0765625 0.0765625
0 0.61484375 0.08203125 0.1828125 0.1640625
0 0.7984375 0.115625 0.0671875 0.071875
0 0.88359375 0.053125 0.07421875 0.06953125
0 0.86875 0.01015625 0.05625 0.0203125
0 0.71953125 0.44375 0.0984375 0.09609375
0 0.9859375 0.159375 0.028125 0.05625
0 0.98203125 0.2234375 0.0359375 0.040625
0 0.83984375 0.35859375 0.3203125 0.2984375
0 0.63046875 0.35625 0.0765625 0.084375
0 0.65703125 0.6078125 0.0453125 0.021875
0 0.16484375 0.80078125 0.3296875 0.3640625
0 0.78046875 0.65234375 0.0796875 0.0671875
0 0.8359375 0.65546875 0.090625 0.0734375
0 0.98671875 0.775 0.0265625 0.09375
0 0.82109375 0.871875 0.084375 0.09375
0 0.8453125 0.80859375 0.06953125 0.06953125
0 0.82890625 0.98359375 0.0859375 0.0328125
0 0.38984375 0.76484375 0.06953125 0.06484375