0 0.08046875 0.14765625 0.06484375 0.06953125
0 0.23515625 0.19921875 0.0578125 0.05078125
0 0.0859375 0.3234375 0.04296875 0.0453125
0 0.06328125 0.4265625 0.0578125 0.04296875
0 0.03828125 0.50546875 0.0765625 0.0796875
0 0.15 0.39921875 0.040625 0.0578125
0 0.38671875 0.521875 0.08671875 0.084375
0 0.41640625 0.3125 0.053125 0.0578125
0 0.2375 0.36796875 0.071875 0.06484375
0 0.98671875 0.034375 0.0265625 0.06875
0 0.86796875 0.62109375 0.1671875 0.0765625
0 0.81171875 0.37578125 0.1828125 0.19921875
0 0.73359375 0.1 0.4234375 0.2
0 0.484375 0.0140625 0.065625 0.028125
0 0.4640625 0.0390625 0.028125 0.078125
0 0.5515625 0.33984375 0.16328125 0.2328125
0 0.04921875 0.8609375 0.09609375 0.09609375
0 0.18046875 0.703125 0.0578125 0.053125
0 0.5453125 0.68515625 0.128125 0.0515625
0 0.54609375 0.821875 0.06015625 0.06953125
0 0.49921875 0.8671875 0.08671875 0.084375
0 0.4625 0.93359375 0.025 0.0859375
0 0.96875 0.80703125 0.0625 0.1296875
0 0.83203125 0.759375 0.05546875 0.0625
0 0.75859375 0.99140625 0.0578125 0.0171875
0 0.6 0.75390625 0.053125 0.05546875