0 0.55546875 0.053125 0.0484375 0.0625
0 0.16875 0.021875 0.0625 0.04375
0 0.015625 0.15078125 0.03125 0.0515625
0 0.00703125 0.26484375 0.0140625 0.0484375
0 0.07734375 0.2359375 0.0453125 0.06484375
0 0.3328125 0.36796875 0.09375 0.09375
0 0.36484375 0.140625 0.05546875 0.06484375
0 0.421875 0.49375 0.0625 0.03125
0 0.17109375 0.20078125 0.0765625 0.071875
0 0.65234375 0.2703125 0.1453125 0.14375
0 0.71171875 0.34453125 0.14453125 0.1515625
0 0.596875 0.065625 0.034375 0.084375
0 0.8953125 0.25703125 0.08671875 0.08671875
0 0.88203125 0.1984375 0.07421875 0.07421875
0 0.7984375 0.265625 0.0890625 0.0984375
0 0.9734375 0.4390625 0.053125 0.084375
0 0.596875 0.17578125 0.034375 0.0859375
0 0.50078125 0.53515625 0.1078125 0.0515625
0 0.38046875 0.525 0.1078125 0.03125
0 0.21640625 0.565625 0.06484375 0.071875
0 0.0578125 0.52890625 0.09375 0.0390625
0 0.03125 0.5859375 0.03359375 0.0359375
0 0.47109375 0.65703125 0.040625 0.06015625
0 0.39375 0.8203125 0.10078125 0.0671875
0 0.4859375 0.98203125 0.09375 0.0359375
0 0.2375 0.9625 0.103125 0.075
0 0.03359375 0.97109375 0.0453125 0.0578125
0 0.25 0.8578125 0.05546875 0.05546875
0 0.67578125 0.77734375 0.1203125 0.12265625
0 0.76953125 0.71640625 0.0671875 0.06953125
0 0.74453125 0.64375 0.103125 0.11328125
0 0.6578125 0.53671875 0.084375 0.0546875
0 0.60390625 0.5546875 0.0484375 0.0625