0 0.03125 0.03984375 0.0625 0.0796875
0 0.359375 0.1015625 0.0984375 0.09609375
0 0.521875 0.2890625 0.05546875 0.05546875
0 0.42421875 0.23984375 0.06484375 0.06015625
0 0.9796875 0.33125 0.040625 0.08125
0 0.95078125 0.26953125 0.084375 0.0890625
0 0.56484375 0.796875 0.0296875 0.125
0 0.5375 0.6671875 0.084375 0.09375
0 0.2578125 0.8359375 0.06484375 0.06484375
0 0.190625 0.8609375 0.07421875 0.0671875
0 0.17734375 0.93671875 0.06484375 0.0625
0 0.41640625 0.82734375 0.05546875 0.0578125
0 0.3765625 0.6640625 0.08203125 0.0890625
0 0.15625 0.9921875 0.059375 0.015625
0 0.78515625 0.87265625 0.09140625 0.09140625
0 0.70390625 0.8171875 0.146875 0.15390625
0 0.803125 0.44453125 0.06015625 0.084375
0 0.8265625 0.5484375 0.09140625 0.09140625
0 0.965625 0.54765625 0.06875 0.1265625
0 0.9109375 0.40546875 0.075 0.0515625