0 0.30625 0.38046875 0.09375 0.0578125
0 0.35703125 0.04375 0.0234375 0.053125
0 0.6359375 0.26875 0.1421875 0.1203125
0 0.76484375 0.38671875 0.1078125 0.0453125
0 0.99453125 0.30859375 0.0109375 0.0453125
0 0.7609375 0.1421875 0.04296875 0.0359375
0 0.44140625 0.2 0.04296875 0.04296875
0 0.2828125 0.6109375 0.1703125 0.165625
0 0.19296875 0.4171875 0.0921875 0.015625
0 0.2875 0.746875 0.0796875 0.0796875
0 0.21796875 0.89375 0.1828125 0.1921875
0 0.67734375 0.93203125 0.10546875 0.1109375
0 0.66171875 0.83984375 0.10078125 0.1109375
0 0.54609375 0.8765625 0.0984375 0.103125
0 0.8859375 0.66796875 0.13671875 0.1421875
0 0.646875 0.5921875 0.12734375 0.13671875
0 0.58203125 0.7109375 0.146875 0.1515625
0 0.85625 0.459375 0.07421875 0.084375
0 0.38125 0.56796875 0.025 0.1078125