0 0.1296875 0.5828125 0.084375 0.0578125
0 0.0046875 0.64140625 0.009375 0.0578125
0 0.50859375 0.61640625 0.0578125 0.05078125
0 0.35703125 0.29375 0.08671875 0.084375
0 0.32734375 0.503125 0.053125 0.0578125
0 0.16953125 0.1328125 0.05078125 0.0484375
0 0.01640625 0.15859375 0.0328125 0.0578125
0 0.159375 0.01171875 0.1 0.0234375
0 0.27421875 0.16796875 0.0578125 0.053125
0 0.50625 0.44765625 0.071875 0.06484375
0 0.984375 0.51484375 0.03125 0.0453125
0 0.93359375 0.30625 0.08203125 0.07421875
0 0.596875 0.01640625 0.05625 0.0328125
0 0.59140625 0.28046875 0.0453125 0.0671875
0 0.61171875 0.60625 0.0859375 0.10625
0 0.8578125 0.64296875 0.05546875 0.0578125
0 0.7390625 0.134375 0.0453125 0.04296875
0 0.68046875 0.18046875 0.05078125 0.0484375
0 0.284375 0.84453125 0.56875 0.3109375
0 0.61953125 0.8375 0.06015625 0.071875