0 0.621875 0.278125 0.084375 0.0578125
0 0.08828125 0.19296875 0.06484375 0.06953125
0 0.24296875 0.24453125 0.0578125 0.05078125
0 0.09375 0.36875 0.04296875 0.0453125
0 0.07109375 0.471875 0.0578125 0.04296875
0 0.1578125 0.44453125 0.040625 0.0578125
0 0.42421875 0.3578125 0.053125 0.0578125
0 0.2453125 0.41328125 0.071875 0.06484375
0 0.86953125 0.0546875 0.1734375 0.109375
0 0.72109375 0.35 0.0984375 0.0984375
0 0.54765625 0.871875 0.084375 0.071875
0 0.6359375 0.840625 0.05546875 0.0578125
0 0.45625 0.859375 0.0578125 0.06484375
0 0.1921875 0.75234375 0.071875 0.06484375
0 0.03359375 0.70703125 0.0671875 0.1203125
0 0.1328125 0.97578125 0.125 0.0484375
0 0.03046875 0.5953125 0.0609375 0.134375
0 0.753125 0.5828125 0.10546875 0.1109375
0 0.753125 0.7015625 0.06015625 0.06953125
0 0.684375 0.77734375 0.03125 0.0453125
0 0.834375 0.88046875 0.33125 0.2390625
0 0.95625 0.55078125 0.05 0.0640625