0 0.36328125 0.4125 0.1390625 0.134375
0 0.4828125 0.44921875 0.084375 0.0609375
0 0.509375 0.1 0.06484375 0.0578125
0 0.45390625 0.01484375 0.0828125 0.0296875
0 0.303125 0.1484375 0.09375 0.09375
0 0.3359375 0.2421875 0.06484375 0.0578125
0 0.240625 0.26796875 0.053125 0.06484375
0 0.15546875 0.15859375 0.0625 0.0625
0 0.075 0.22890625 0.08671875 0.1109375
0 0.0171875 0.07734375 0.034375 0.0640625
0 0.7828125 0.09375 0.1296875 0.14921875
0 0.971875 0.29296875 0.05625 0.0578125
0 0.94140625 0.4453125 0.0765625 0.06875
0 0.796875 0.45625 0.0625 0.046875
0 0.5796875 0.1734375 0.040625 0.09375
0 0.62734375 0.01875 0.0796875 0.0375
0 0.47109375 0.8828125 0.1765625 0.234375
0 0.51328125 0.64609375 0.0921875 0.0890625
0 0.45625 0.7140625 0.0578125 0.0625
0 0.2765625 0.703125 0.0890625 0.07421875
0 0.2171875 0.70546875 0.05078125 0.06484375
0 0.2546875 0.62890625 0.0625 0.0765625
0 0.30390625 0.98359375 0.0765625 0.0328125
0 0.12734375 0.9734375 0.0515625 0.053125
0 0.04921875 0.90703125 0.0984375 0.1109375
0 0.1796875 0.51796875 0.09375 0.0765625
0 0.37421875 0.5328125 0.1140625 0.10625
0 0.08515625 0.68046875 0.06953125 0.06953125
0 0.659375 0.97734375 0.125 0.0453125
0 0.69765625 0.88046875 0.1390625 0.1421875
0 0.73828125 0.778125 0.0984375 0.0984375
0 0.94453125 0.73203125 0.1109375 0.1640625
0 0.909375 0.846875 0.125 0.12734375
0 0.965625 0.83515625 0.06875 0.1203125
0 0.96875 0.51171875 0.0625 0.0640625