0 0.5578125 0.325 0.103125 0.128125
0 0.10625 0.3984375 0.06875 0.021875
0 0.24765625 0.2078125 0.0796875 0.084375
0 0.32421875 0.178125 0.0796875 0.0625
0 0.98125 0.2453125 0.0375 0.11875
0 0.9703125 0.36640625 0.059375 0.0859375
0 0.71015625 0.30390625 0.18046875 0.209375
0 0.81328125 0.321875 0.06953125 0.07421875
0 0.8875 0.22578125 0.15390625 0.165625
0 0.8109375 0.14453125 0.06953125 0.09140625
0 0.7890625 0.0578125 0.06484375 0.0671875
0 0.97109375 0.05 0.0578125 0.071875
0 0.63828125 0.10703125 0.0578125 0.0921875
0 0.6203125 0.24921875 0.021875 0.0640625
0 0.25 0.4953125 0.25 0.171875
0 0.45625 0.49296875 0.0984375 0.103125
0 0.06953125 0.5859375 0.1390625 0.146875
0 0.06953125 0.7359375 0.1390625 0.16875
0 0.2265625 0.8859375 0.09140625 0.0796875
0 0.3625 0.83515625 0.0796875 0.06015625
0 0.3515625 0.76953125 0.05546875 0.05078125
0 0.41328125 0.734375 0.06953125 0.06953125
0 0.5359375 0.6625 0.084375 0.071875
0 0.56484375 0.93359375 0.07421875 0.071875