0 0.04296875 0.1859375 0.0859375 0.128125
0 0.09921875 0.446875 0.0859375 0.084375
0 0.06171875 0.35859375 0.06015625 0.05546875
0 0.15390625 0.325 0.0484375 0.06015625
0 0.246875 0.428125 0.0578125 0.0578125
0 0.3234375 0.35234375 0.0796875 0.103125
0 0.403125 0.478125 0.059375 0.021875
0 0.48671875 0.28984375 0.06953125 0.08203125
0 0.34609375 0.06875 0.0796875 0.084375
0 0.26953125 0.0390625 0.0796875 0.0625
0 0.59921875 0.46796875 0.0609375 0.0421875
0 0.7265625 0.46015625 0.115625 0.0578125
0 0.6546875 0.37109375 0.09609375 0.09375
0 0.88125 0.415625 0.0796875 0.08203125
0 0.81875 0.3734375 0.06484375 0.0625
0 0.80234375 0.3390625 0.0484375 0.05078125
0 0.96796875 0.4171875 0.0640625 0.075
0 0.7375 0.26796875 0.134375 0.13203125
0 0.5828125 0.1765625 0.028125 0.0625
0 0.8546875 0.23515625 0.06484375 0.06484375
0 0.82734375 0.17890625 0.0625 0.0625
0 0.97265625 0.178125 0.0546875 0.071875
0 0.8515625 0.0140625 0.053125 0.028125
0 0.3 0.846875 0.1875 0.18515625
0 0.19296875 0.75078125 0.115625 0.115625
0 0.190625 0.825 0.08671875 0.08671875
0 0.04140625 0.7375 0.0828125 0.115625
0 0.15 0.9046875 0.07421875 0.07421875
0 0.44453125 0.903125 0.0671875 0.0671875
0 0.17265625 0.61796875 0.134375 0.13203125
0 0.134375 0.51796875 0.071875 0.0578125
0 0.28828125 0.5203125 0.1734375 0.0625
0 0.9828125 0.5921875 0.034375 0.121875
0 0.7671875 0.9765625 0.090625 0.046875
0 0.76953125 0.9234375 0.0578125 0.06015625
0 0.825 0.89453125 0.0671875 0.0796875
0 0.90859375 0.82890625 0.10078125 0.09609375
0 0.82734375 0.7359375 0.13203125 0.13203125
0 0.6203125 0.5328125 0.103125 0.0875
0 0.73671875 0.62890625 0.0578125 0.0671875
0 0.7671875 0.56875 0.0671875 0.07421875
0 0.98203125 0.8859375 0.0359375 0.071875