0 0.4296875 0.28203125 0.053125 0.06484375
0 0.32734375 0.171875 0.06484375 0.0625
0 0.24375 0.25078125 0.0890625 0.11328125
0 0.153125 0.09453125 0.0671875 0.06484375
0 0.06171875 0.31953125 0.0765625 0.0890625
0 0.21640625 0.5296875 0.0890625 0.040625
0 0.53671875 0.08046875 0.1078125 0.0890625
0 0.5625 0.18515625 0.09609375 0.0890625
0 0.7875 0.2625 0.3609375 0.34140625
0 0.896875 0.36953125 0.10078125 0.084375
0 0.82265625 0.49453125 0.06484375 0.0625
0 0.1890625 0.775 0.24765625 0.27421875
0 0.22734375 0.9 0.0765625 0.08671875
0 0.0296875 0.81171875 0.059375 0.1734375
0 0.24609375 0.56875 0.1765625 0.0375
0 0.26875 0.59609375 0.06953125 0.0765625
0 0.3921875 0.665625 0.134375 0.1296875
0 0.39609375 0.91015625 0.1265625 0.1796875
0 0.03125 0.96796875 0.0625 0.0640625
0 0.92421875 0.58359375 0.1515625 0.0671875
0 0.81015625 0.59921875 0.07421875 0.0796875
0 0.5625 0.85859375 0.178125 0.1828125
0 0.6765625 0.6984375 0.1078125 0.1109375
0 0.73828125 0.76640625 0.11796875 0.084375
0 0.8890625 0.81796875 0.05078125 0.0625
0 0.73828125 0.89375 0.06015625 0.06484375
0 0.66953125 0.96796875 0.0578125 0.0640625