0 0.08984375 0.61640625 0.1390625 0.13671875
0 0.01953125 0.17578125 0.0390625 0.1109375
0 0.04765625 0.17890625 0.0484375 0.05078125
0 0.15 0.35 0.09375 0.09375
0 0.1171875 0.44375 0.06484375 0.0578125
0 0.2125 0.46953125 0.053125 0.06484375
0 0.29765625 0.36015625 0.0625 0.0625
0 0.378125 0.43046875 0.08671875 0.1109375
0 0.45 0.2796875 0.06484375 0.06484375
0 0.54375 0.48203125 0.071875 0.0859375
0 0.42109375 0.7125 0.08671875 0.0890625
0 0.34609375 0.73671875 0.0828125 0.0453125
0 0.121875 0.1078125 0.13203125 0.1203125
0 0.3890625 0.0703125 0.2125 0.140625
0 0.81484375 0.15703125 0.071875 0.07421875
0 0.87890625 0.13125 0.06484375 0.0578125
0 0.73046875 0.03671875 0.06953125 0.071875
0 0.79453125 0.3421875 0.09609375 0.11796875
0 0.77734375 0.60625 0.0890625 0.0890625
0 0.9125 0.21796875 0.06015625 0.06484375
0 0.21328125 0.9125 0.2453125 0.175
0 0.10859375 0.84453125 0.09375 0.13203125
0 0.4078125 0.7875 0.071875 0.05625
0 0.484375 0.84296875 0.0625 0.06953125
0 0.509375 0.94765625 0.08671875 0.09140625
0 0.56875 0.8765625 0.021875 0.071875
0 0.0375 0.98828125 0.06875 0.0234375
0 0.778125 0.80234375 0.06484375 0.0671875
0 0.81171875 0.87578125 0.1109375 0.1078125
0 0.76171875 0.93125 0.1546875 0.1375
0 0.659375 0.8359375 0.06953125 0.06953125
0 0.6171875 0.8890625 0.0625 0.0625
0 0.60625 0.7921875 0.053125 0.065625