0 0.4484375 0.2015625 0.0625 0.128125
0 0.44296875 0.03046875 0.06015625 0.05546875
0 0.35078125 0.0640625 0.0484375 0.06015625
0 0.18046875 0.04375 0.0796875 0.0875
0 0.02578125 0.0984375 0.0515625 0.08125
0 0.15859375 0.3203125 0.0796875 0.084375
0 0.23515625 0.35 0.0796875 0.0625
0 0.73984375 0.2546875 0.5203125 0.509375
0 0.40234375 0.93203125 0.1546875 0.1359375
0 0.015625 0.97578125 0.03125 0.0484375
0 0.21640625 0.7453125 0.06953125 0.0890625
0 0.6078125 0.60859375 0.228125 0.1984375
0 0.74609375 0.55703125 0.0453125 0.05546875
0 0.9203125 0.5984375 0.06484375 0.06953125
0 0.8140625 0.6609375 0.1109375 0.08203125
0 0.91796875 0.76328125 0.0890625 0.0796875
0 0.525 0.74296875 0.0625 0.06484375
0 0.60546875 0.78046875 0.06484375 0.053125
0 0.66171875 0.98828125 0.0578125 0.0234375
0 0.92265625 0.85859375 0.04296875 0.040625