0 0.265625 0.159375 0.2015625 0.19921875
0 0.17578125 0.053125 0.1171875 0.10625
0 0.0703125 0.0453125 0.0484375 0.0625
0 0.16796875 0.44765625 0.13671875 0.13671875
0 0.190625 0.3390625 0.09140625 0.0890625
0 0.29765625 0.3703125 0.08203125 0.08671875
0 0.31484375 0.503125 0.0921875 0.053125
0 0.43359375 0.48046875 0.1390625 0.0984375
0 0.625 0.51171875 0.115625 0.0359375
0 0.6375 0.26484375 0.12734375 0.1296875
0 0.5859375 0.18828125 0.11328125 0.1078125
0 0.88359375 0.071875 0.0796875 0.11328125
0 0.76875 0.21875 0.06015625 0.08671875
0 0.7375 0.12734375 0.015625 0.0578125
0 0.9671875 0.50546875 0.065625 0.0484375
0 0.84140625 0.4859375 0.0703125 0.0875
0 0.45234375 0.584375 0.1921875 0.109375
0 0.29296875 0.8140625 0.5671875 0.371875
0 0.08203125 0.934375 0.1640625 0.13125
0 0.66328125 0.56484375 0.1328125 0.0703125
0 0.31171875 0.575 0.1046875 0.090625
0 0.60703125 0.91015625 0.1296875 0.1296875
0 0.55390625 0.959375 0.1859375 0.08125
0 0.6859375 0.96796875 0.0875 0.0640625
0 0.07734375 0.60703125 0.125 0.125
0 0.75390625 0.95390625 0.0484375 0.0765625
0 0.75078125 0.6234375 0.0421875 0.075
0 0.8046875 0.815625 0.0625 0.06484375