0 0.20390625 0.45 0.2203125 0.159375
0 0.38359375 0.03984375 0.1515625 0.0796875
0 0.10234375 0.32109375 0.1390625 0.134375
0 0.86640625 0.19140625 0.10078125 0.0984375
0 0.7734375 0.19140625 0.09140625 0.09609375
0 0.6078125 0.26875 0.1296875 0.125
0 0.6453125 0.3921875 0.1109375 0.1109375
0 0.58046875 0.38828125 0.2421875 0.2828125
0 0.48671875 0.27734375 0.0546875 0.0765625
0 0.5625 0.1109375 0.07421875 0.0765625
0 0.5109375 0.02109375 0.103125 0.0421875
0 0.7796875 0.45703125 0.0796875 0.08203125
0 0.7078125 0.44296875 0.06484375 0.0671875
0 0.75078125 0.2875 0.07421875 0.07421875
0 0.8984375 0.49140625 0.203125 0.0765625
0 0.978125 0.23046875 0.04375 0.0859375
0 0.83046875 0.02265625 0.0671875 0.0453125
0 0.05546875 0.6 0.1109375 0.140625
0 0.16015625 0.55703125 0.0671875 0.0546875
0 0.184375 0.6109375 0.06484375 0.06015625
0 0.321875 0.746875 0.06484375 0.071875
0 0.15 0.73359375 0.06484375 0.06484375
0 0.2828125 0.8015625 0.0578125 0.0625
0 0.33125 0.8625 0.0578125 0.0625
0 0.23984375 0.89609375 0.0578125 0.0625
0 0.325 0.940625 0.0765625 0.08203125
0 0.20390625 0.9859375 0.07421875 0.0171875
0 0.5625 0.7109375 0.196875 0.25703125
0 0.95703125 0.76015625 0.0859375 0.2015625
0 0.94921875 0.91875 0.0796875 0.0796875
0 0.5578125 0.91171875 0.07421875 0.0625