0 0.25625 0.0390625 0.165625 0.078125
0 0.090625 0.709375 0.115625 0.059375
0 0.1765625 0.56796875 0.071875 0.0625
0 0.48203125 0.40390625 0.1296875 0.125
0 0.1921875 0.15234375 0.10546875 0.1078125
0 0.88203125 0.2078125 0.19453125 0.21875
0 0.97578125 0.078125 0.0484375 0.15625
0 0.6328125 0.10234375 0.0796875 0.0796875
0 0.90234375 0.49375 0.08203125 0.07421875
0 0.946875 0.61796875 0.0984375 0.103125
0 0.8046875 0.00546875 0.084375 0.0109375
0 0.7171875 0.015625 0.084375 0.03125
0 0.46796875 0.77265625 0.1640625 0.0671875
0 0.23984375 0.86484375 0.4015625 0.2515625
0 0.484375 0.94765625 0.13125 0.1046875
0 0.01484375 0.76484375 0.0296875 0.0515625
0 0.06796875 0.83125 0.0484375 0.053125
0 0.0296875 0.90546875 0.059375 0.0828125
0 0.0265625 0.97734375 0.053125 0.0453125
0 0.48828125 0.8125 0.084375 0.08203125
0 0.18671875 0.96640625 0.0625 0.0578125
0 0.796875 0.94140625 0.08203125 0.08671875
0 0.715625 0.9125 0.259375 0.175
0 0.9390625 0.89140625 0.08671875 0.084375
0 0.92109375 0.778125 0.0890625 0.078125