0 0.04296875 0.02109375 0.0859375 0.0421875
0 0.3828125 0.284375 0.0375 0.05
0 0.58046875 0.19453125 0.0484375 0.06015625
0 0.55859375 0.24375 0.053125 0.06953125
0 0.490625 0.06953125 0.0453125 0.05546875
0 0.80078125 0.1546875 0.3984375 0.309375
0 0.09921875 0.9734375 0.1234375 0.053125
0 0.05703125 0.90390625 0.1140625 0.1484375
0 0.1265625 0.84296875 0.1703125 0.16796875
0 0.209375 0.821875 0.10078125 0.12734375
0 0.31953125 0.93046875 0.0796875 0.1390625
0 0.3234375 0.78515625 0.071875 0.0921875
0 0.2390625 0.71484375 0.0625 0.06484375
0 0.17890625 0.690625 0.084375 0.09140625
0 0.0375 0.79765625 0.075 0.0859375
0 0.0515625 0.4203125 0.103125 0.115625
0 0.1421875 0.38671875 0.10546875 0.1203125
0 0.05859375 0.6859375 0.1171875 0.196875
0 0.05546875 0.58125 0.103125 0.0984375
0 0.12109375 0.6171875 0.0984375 0.103125
0 0.11640625 0.5359375 0.07421875 0.0765625
0 0.015625 0.58046875 0.03125 0.0765625
0 0.2515625 0.64765625 0.0796875 0.07421875
0 0.30078125 0.61875 0.05546875 0.05546875
0 0.246875 0.36484375 0.16875 0.1109375
0 0.6828125 0.45 0.1875 0.196875
0 0.47109375 0.3828125 0.115625 0.115625
0 0.47109375 0.73671875 0.10546875 0.1109375
0 0.61171875 0.90390625 0.115625 0.115625
0 0.96875 0.49921875 0.0625 0.1453125
0 0.71171875 0.92421875 0.09609375 0.103125
0 0.37578125 0.83515625 0.0328125 0.1015625
0 0.40234375 0.55234375 0.0859375 0.0921875