0 0.07890625 0.14453125 0.0578125 0.06953125
0 0.01484375 0.09375 0.0296875 0.084375
0 0.13046875 0.03515625 0.0984375 0.0703125
0 0.78515625 0.25859375 0.0671875 0.0578125
0 0.81875 0.34765625 0.06484375 0.0671875
0 0.68203125 0.428125 0.03359375 0.03359375
0 0.9140625 0.4484375 0.06015625 0.053125
0 0.975 0.3765625 0.05 0.053125
0 0.22421875 0.97109375 0.0765625 0.0578125
0 0.0765625 0.5078125 0.09375 0.0375
0 0.1359375 0.546875 0.084375 0.084375
0 0.309375 0.821875 0.06953125 0.06953125
0 0.32890625 0.8984375 0.0421875 0.0625
0 0.79296875 0.628125 0.16796875 0.16328125
0 0.93984375 0.765625 0.103125 0.11328125
0 0.7796875 0.7609375 0.0625 0.06953125
0 0.63125 0.5328125 0.1 0.0875
0 0.5578125 0.57734375 0.134375 0.11796875
0 0.4359375 0.5578125 0.1390625 0.12734375
0 0.3765625 0.6484375 0.053125 0.059375
0 0.55546875 0.7 0.1515625 0.13203125
0 0.93046875 0.953125 0.08203125 0.071875
0 0.6828125 0.94765625 0.06953125 0.06953125
0 0.9328125 0.60234375 0.06953125 0.071875
0 0.98125 0.67734375 0.0375 0.0640625