0 0.8703125 0.09609375 0.0671875 0.0578125
0 0.88828125 0.15390625 0.05546875 0.053125
0 0.90078125 0.1859375 0.05078125 0.04296875
0 0.97578125 0.25 0.0484375 0.075
0 0.9328125 0.25 0.06484375 0.06953125
0 0.97734375 0.31015625 0.0453125 0.0546875
0 0.75390625 0.3921875 0.0484375 0.053125
0 0.61484375 0.3546875 0.0625 0.0671875
0 0.525 0.31953125 0.03125 0.0578125
0 0.6046875 0.0890625 0.0625 0.0578125
0 0.04453125 0.9578125 0.0890625 0.084375
0 0.04609375 0.7546875 0.08671875 0.09140625
0 0.434375 0.95 0.115625 0.1
0 0.49921875 0.73828125 0.0203125 0.1078125
0 0.47421875 0.70234375 0.0703125 0.0765625
0 0.4265625 0.559375 0.1421875 0.1109375
0 0.35625 0.54921875 0.0796875 0.08671875
0 0.275 0.646875 0.1078125 0.1109375
0 0.225 0.73125 0.0578125 0.06484375
0 0.16875 0.91875 0.09140625 0.09609375
0 0.1375 0.86640625 0.0796875 0.07421875
0 0.0796875 0.56484375 0.12734375 0.12734375
0 0.00625 0.590625 0.0125 0.053125
0 0.875 0.95 0.103125 0.1
0 0.75078125 0.85 0.09609375 0.0984375
0 0.78125 0.74296875 0.115625 0.13203125
0 0.8421875 0.6546875 0.0796875 0.084375
0 0.9859375 0.70703125 0.028125 0.1234375
0 0.978125 0.6171875 0.04375 0.071875
0 0.7890625 0.521875 0.19453125 0.18515625
0 0.80859375 0.43125 0.0578125 0.025
0 0.565625 0.9125 0.1125 0.175
0 0.7078125 0.9796875 0.096875 0.040625