0 0.24609375 0.040625 0.0984375 0.08125
0 0.5484375 0.39765625 0.115625 0.1046875
0 0.47578125 0.2859375 0.0515625 0.15625
0 0.66875 0.30859375 0.09609375 0.0796875
0 0.74765625 0.2625 0.084375 0.07421875
0 0.79453125 0.26796875 0.053125 0.05078125
0 0.38828125 0.53046875 0.07421875 0.10078125
0 0.44140625 0.74921875 0.0171875 0.0578125
0 0.1171875 0.7484375 0.0484375 0.04296875
0 0.1734375 0.846875 0.06953125 0.071875
0 0.6078125 0.57421875 0.13671875 0.13671875
0 0.784375 0.528125 0.165625 0.15625
0 0.8265625 0.7140625 0.1078125 0.1078125
0 0.8640625 0.93984375 0.146875 0.1203125