0 0.25390625 0.534375 0.0984375 0.03125
0 0.8484375 0.3484375 0.0484375 0.040625
0 0.68359375 0.2453125 0.040625 0.05546875
0 0.815625 0.13125 0.04296875 0.0453125
0 0.84375 0.053125 0.04296875 0.0265625
0 0.728125 0.040625 0.0453125 0.04296875
0 0.44296875 0.6078125 0.0796875 0.08671875
0 0.13828125 0.86953125 0.2765625 0.2609375
0 0.63046875 0.9640625 0.0578125 0.071875
0 0.415625 0.94453125 0.096875 0.1109375
0 0.45234375 0.83515625 0.040625 0.0625
0 0.434375 0.7546875 0.05546875 0.05546875
0 0.353125 0.59140625 0.240625 0.0828125
0 0.19765625 0.56953125 0.0609375 0.0390625
0 0.6375 0.73203125 0.04375 0.0765625
0 0.534375 0.57734375 0.071875 0.0546875
0 0.55546875 0.659375 0.06484375 0.0625
0 0.121875 0.68359375 0.0625 0.0578125
0 0.84765625 0.96640625 0.053125 0.0625
0 0.7203125 0.96640625 0.040625 0.05078125
0 0.69609375 0.9421875 0.0453125 0.05078125
0 0.67421875 0.91796875 0.0296875 0.0453125
0 0.9234375 0.896875 0.04296875 0.0578125
0 0.67421875 0.66171875 0.0296875 0.0578125
0 0.81796875 0.7015625 0.103125 0.1078125
0 0.8265625 0.80390625 0.11328125 0.12265625
0 0.96953125 0.8265625 0.0609375 0.0625