0 0.665625 0.29765625 0.053125 0.06015625
0 0.60078125 0.30390625 0.0421875 0.0953125
0 0.91640625 0.315625 0.05546875 0.0578125
0 0.86875 0.2796875 0.05078125 0.0453125
0 0.87578125 0.134375 0.0890625 0.0890625
0 0.99296875 0.0359375 0.0140625 0.053125
0 0.9 0.44296875 0.03359375 0.0484375
0 0.9515625 0.5375 0.0375 0.04375
0 0.94765625 0.20859375 0.040625 0.03828125
0 0.7171875 0.46796875 0.0890625 0.1203125
0 0.03046875 0.69140625 0.0609375 0.0765625
0 0.04765625 0.83359375 0.0953125 0.1328125
0 0.0625 0.9578125 0.0765625 0.07421875
0 0.43125 0.9484375 0.103125 0.10078125
0 0.38828125 0.90078125 0.0671875 0.0671875
0 0.33515625 0.9140625 0.08203125 0.084375
0 0.240625 0.921875 0.11328125 0.1109375
0 0.24296875 0.8140625 0.1515625 0.1515625
0 0.26328125 0.5875 0.1203125 0.05625
0 0.50546875 0.571875 0.1265625 0.025
0 0.54375 0.96640625 0.071875 0.0671875
0 0.24296875 0.69140625 0.06953125 0.071875
0 0.1890625 0.67109375 0.08203125 0.08203125
0 0.20859375 0.98515625 0.0890625 0.0296875
0 0.9765625 0.8734375 0.046875 0.10625
0 0.928125 0.74921875 0.09140625 0.09375
0 0.97734375 0.71484375 0.0453125 0.0828125
0 0.7421875 0.6078125 0.175 0.096875
0 0.81875 0.584375 0.071875 0.05
0 0.74140625 0.8015625 0.09375 0.10078125
0 0.7859375 0.884375 0.07421875 0.0765625
0 0.7125 0.9609375 0.0625 0.06484375
0 0.73671875 0.9296875 0.06015625 0.06015625