0 0.284375 0.14296875 0.0625 0.0578125
0 0.30546875 0.3859375 0.0265625 0.04375
0 0.1484375 0.3859375 0.06953125 0.0625
0 0.16015625 0.3125 0.15859375 0.125
0 0.1328125 0.21640625 0.1203125 0.0984375
0 0.01171875 0.16640625 0.0234375 0.0921875
0 0.140625 0.1203125 0.05546875 0.05546875
0 0.1125 0.103125 0.05078125 0.05546875
0 0.30390625 0.02734375 0.0296875 0.0453125
0 0.09140625 0.02734375 0.053125 0.053125
0 0.61796875 0.52890625 0.0890625 0.0203125
0 0.696875 0.28125 0.0453125 0.05546875
0 0.67734375 0.359375 0.0578125 0.05546875
0 0.56796875 0.38125 0.0453125 0.040625
0 0.49375 0.3234375 0.053125 0.0484375
0 0.5703125 0.24296875 0.05546875 0.04296875
0 0.58515625 0.18984375 0.04296875 0.02890625
0 0.58046875 0.10859375 0.03125 0.03359375
0 0.55625 0.08671875 0.04296875 0.0265625
0 0.3375 0.515625 0.0375 0.046875
0 0.79375 0.121875 0.03359375 0.03828125
0 0.159375 0.89375 0.31875 0.2125
0 0.20390625 0.60078125 0.11328125 0.1109375
0 0.28515625 0.59140625 0.0671875 0.1046875
0 0.52421875 0.56015625 0.1328125 0.0421875
0 0.4109375 0.5671875 0.165625 0.05625
0 0.39296875 0.62265625 0.1484375 0.1671875
0 0.44765625 0.92109375 0.1796875 0.1578125
0 0.78359375 0.746875 0.1875 0.1875
0 0.7953125 0.653125 0.09609375 0.0984375
0 0.65390625 0.5796875 0.1078125 0.08125
0 0.9109375 0.671875 0.1078125 0.1078125
0 0.98203125 0.57734375 0.0359375 0.0765625
0 0.95625 0.91328125 0.0875 0.1734375
0 0.88359375 0.98203125 0.1265625 0.0359375
0 0.7484375 0.9578125 0.134375 0.084375
0 0.42890625 0.98203125 0.1921875 0.0359375
0 0.534375 0.88125 0.11328125 0.115625
0 0.4734375 0.725 0.15859375 0.1609375