0 0.4234375 0.2875 0.071875 0.075
0 0.3046875 0.015625 0.09375 0.03125
0 0.309375 0.0796875 0.209375 0.159375
0 0.26015625 0.1796875 0.15859375 0.13203125
0 0.065625 0.21015625 0.12734375 0.1203125
0 0.25546875 0.290625 0.07421875 0.071875
0 0.21953125 0.30625 0.0671875 0.06953125
0 0.028125 0.37109375 0.05625 0.0171875
0 0.18125 0.36640625 0.06875 0.0265625
0 0.87578125 0.26875 0.103125 0.103125
0 0.98203125 0.37421875 0.0359375 0.0109375
0 0.7296875 0.18984375 0.540625 0.3796875
0 0.58828125 0.2578125 0.09375 0.09140625
0 0.359375 0.68359375 0.0984375 0.11328125
0 0.296875 0.66171875 0.0765625 0.0890625
0 0.23828125 0.5859375 0.1078125 0.0984375
0 0.41328125 0.42109375 0.0921875 0.0828125
0 0.32734375 0.4125 0.0609375 0.065625
0 0.446875 0.65546875 0.025 0.1046875
0 0.23828125 0.8890625 0.3109375 0.221875
0 0.703125 0.896875 0.0765625 0.09140625
0 0.60234375 0.9140625 0.0765625 0.09609375
0 0.521875 0.9734375 0.096875 0.053125
0 0.5203125 0.91640625 0.071875 0.0765625
0 0.47421875 0.790625 0.0296875 0.08125
0 0.51171875 0.79375 0.05546875 0.08203125
0 0.62578125 0.728125 0.10078125 0.09609375
0 0.7125 0.69765625 0.134375 0.1203125
0 0.61796875 0.57265625 0.13671875 0.17578125
0 0.584375 0.4484375 0.090625 0.1375
0 0.49296875 0.428125 0.0671875 0.096875
0 0.7734375 0.43515625 0.09375 0.1109375
0 0.815625 0.64375 0.1109375 0.10546875
0 0.878125 0.82890625 0.0765625 0.08203125
0 0.84453125 0.7640625 0.0671875 0.06953125
0 0.96796875 0.525 0.0640625 0.071875
0 0.9015625 0.44375 0.06484375 0.0796875