0 0.4890625 0.41953125 0.0625 0.0578125
0 0.3640625 0.578125 0.159375 0.103125
0 0.3375 0.49296875 0.1203125 0.0984375
0 0.18125 0.44375 0.09375 0.09140625
0 0.3453125 0.396875 0.05546875 0.05546875
0 0.3171875 0.3796875 0.05078125 0.05546875
0 0.39609375 0.2546875 0.0578125 0.06484375
0 0.51953125 0.06484375 0.0390625 0.0796875
0 0.52734375 0.15546875 0.0234375 0.0515625
0 0.51640625 0.30390625 0.0453125 0.0453125
0 0.0046875 0.5703125 0.009375 0.040625
0 0.025 0.42265625 0.05 0.0578125
0 0.16640625 0.28125 0.053125 0.0484375
0 0.29609375 0.30390625 0.053125 0.053125
0 0.3375 0.0875 0.0890625 0.08671875
0 0.2734375 0.146875 0.02890625 0.040625
0 0.2375 0.22109375 0.125 0.13671875
0 0.17265625 0.17578125 0.08203125 0.103125
0 0.91640625 0.04921875 0.1046875 0.0984375
0 0.68984375 0.17734375 0.13203125 0.1703125
0 0.67421875 0.525 0.1109375 0.1109375
0 0.95546875 0.4046875 0.06484375 0.0796875
0 0.9390625 0.58359375 0.05546875 0.0625
0 0.83671875 0.50703125 0.07421875 0.0671875
0 0.64296875 0.3015625 0.071875 0.071875
0 0.84609375 0.3046875 0.06484375 0.06015625
0 0.05 0.69609375 0.1 0.1328125
0 0.0921875 0.99375 0.084375 0.0125
0 0.05 0.86328125 0.06484375 0.0671875
0 0.40078125 0.68125 0.071875 0.07421875
0 0.978125 0.89609375 0.04375 0.1015625
0 0.959375 0.690625 0.08125 0.121875
0 0.81328125 0.79453125 0.084375 0.0765625
0 0.5546875 0.9640625 0.03125 0.071875
0 0.615625 0.875 0.07421875 0.0671875
0 0.6046875 0.73125 0.0484375 0.0578125