0 0.27265625 0.03203125 0.0796875 0.0640625
0 0.053125 0.29140625 0.10625 0.2765625
0 0.24609375 0.365625 0.09609375 0.12265625
0 0.28203125 0.24921875 0.040625 0.0625
0 0.2640625 0.16875 0.05546875 0.05546875
0 0.1828125 0.0234375 0.240625 0.046875
0 0.3640625 0.009375 0.071875 0.01875
0 0.38515625 0.0734375 0.06484375 0.0625
0 0.58359375 0.4171875 0.1421875 0.025
0 0.4046875 0.59296875 0.05 0.1046875
0 0.20703125 0.44296875 0.0609375 0.0265625
0 0.8265625 0.4421875 0.0625 0.025
0 0.8484375 0.459375 0.0625 0.059375
0 0.9859375 0.940625 0.028125 0.090625
0 0.7953125 0.98828125 0.084375 0.0234375
0 0.946875 0.9015625 0.06953125 0.0765625
0 0.7625 0.7234375 0.08203125 0.08203125
0 0.621875 0.6265625 0.1421875 0.14921875
0 0.62265625 0.9375 0.1484375 0.125
0 0.45390625 0.9515625 0.0484375 0.0875
0 0.65078125 0.51953125 0.15625 0.16328125
0 0.5140625 0.45859375 0.09375 0.0578125