0 0.03671875 0.43828125 0.0734375 0.0859375
0 0.3390625 0.15390625 0.28125 0.3078125
0 0.06015625 0.0953125 0.09609375 0.12265625
0 0.02421875 0.21171875 0.040625 0.0625
0 0.0421875 0.2921875 0.05546875 0.05546875
0 0.121875 0.47578125 0.240625 0.1265625
0 0.278125 0.4875 0.06015625 0.06015625
0 0.3546875 0.36328125 0.0625 0.0578125
0 0.69765625 0.43203125 0.1734375 0.178125
0 0.940625 0.24140625 0.11875 0.1609375
0 0.95859375 0.06484375 0.0828125 0.1296875
0 0.78984375 0.12578125 0.15625 0.1609375
0 0.76015625 0.01796875 0.1046875 0.0359375
0 0.5203125 0.27734375 0.08125 0.1171875
0 0.60234375 0.1125 0.06484375 0.0671875
0 0.5828125 0.47734375 0.159375 0.1234375
0 0.75390625 0.34453125 0.06015625 0.0578125
0 0.8984375 0.36015625 0.0765625 0.0765625
0 0.92734375 0.0859375 0.11796875 0.115625
0 0.2015625 0.54453125 0.05625 0.0109375
0 0.36171875 0.55625 0.0484375 0.034375
0 0.421875 0.54375 0.040625 0.009375
0 0.4515625 0.71640625 0.05625 0.1171875
0 0.44765625 0.61015625 0.05078125 0.05546875
0 0.365625 0.67890625 0.06484375 0.06484375
0 0.2625 0.746875 0.05546875 0.053125
0 0.34609375 0.93359375 0.0796875 0.084375
0 0.37890625 0.96328125 0.0625 0.06015625
0 0.44140625 0.9671875 0.0671875 0.065625
0 0.04609375 0.7171875 0.05546875 0.0625
0 0.10625 0.753125 0.05078125 0.0484375
0 0.22109375 0.97578125 0.0671875 0.0484375
0 0.12109375 0.5828125 0.1140625 0.0875
0 0.1796875 0.603125 0.0453125 0.053125
0 0.0578125 0.853125 0.053125 0.06015625
0 0.55625 0.83984375 0.08671875 0.06953125
0 0.50625 0.971875 0.053125 0.05625
0 0.59921875 0.99375 0.0421875 0.0125
0 0.63359375 0.70078125 0.053125 0.06015625
0 0.72109375 0.6625 0.103125 0.0796875
0 0.7296875 0.58046875 0.146875 0.0828125
0 0.55546875 0.5765625 0.0578125 0.0625
0 0.97734375 0.60390625 0.0453125 0.0578125