0 0.49921875 0.3828125 0.0390625 0.103125
0 0.50546875 0.2859375 0.0265625 0.075
0 0.246875 0.03828125 0.10625 0.0765625
0 0.08359375 0.0390625 0.0984375 0.078125
0 0.05 0.1296875 0.1 0.134375
0 0.0359375 0.23984375 0.071875 0.0890625
0 0.21640625 0.31875 0.125 0.125
0 0.18984375 0.45 0.09609375 0.10546875
0 0.1296875 0.365625 0.0796875 0.07421875
0 0.28125 0.4671875 0.09375 0.103125
0 0.76953125 0.0125 0.0515625 0.025
0 0.89375 0.22890625 0.08671875 0.0796875
0 0.81796875 0.2421875 0.05078125 0.05546875
0 0.79296875 0.38359375 0.0359375 0.05078125
0 0.6859375 0.26640625 0.05078125 0.04296875
0 0.66875 0.36484375 0.04296875 0.0484375
0 0.721875 0.39140625 0.0578125 0.06484375
0 0.7796875 0.47734375 0.0765625 0.08671875
0 0.85859375 0.44375 0.0453125 0.05546875
0 0.98515625 0.40859375 0.0296875 0.0609375
0 0.91640625 0.41015625 0.0484375 0.0625
0 0.91640625 0.5015625 0.03828125 0.03359375
0 0.66328125 0.4984375 0.0796875 0.0625
0 0.62265625 0.00703125 0.0640625 0.0140625
0 0.5265625 0.19296875 0.015625 0.0546875
0 0.6125 0.053125 0.0484375 0.0453125
0 0.8578125 0.00859375 0.040625 0.0171875
0 0.86015625 0.0421875 0.053125 0.040625
0 0.7359375 0.09921875 0.040625 0.0453125
0 0.7359375 0.16171875 0.0359375 0.0359375
0 0.66640625 0.1515625 0.0890625 0.08671875
0 0.91875 0.06640625 0.0484375 0.053125
0 0.0734375 0.984375 0.096875 0.03125
0 0.16796875 0.9890625 0.0984375 0.021875
0 0.09296875 0.665625 0.0625 0.06953125
0 0.1015625 0.75546875 0.08203125 0.10078125
0 0.2171875 0.7328125 0.07421875 0.053125
0 0.31171875 0.71484375 0.06015625 0.06953125
0 0.4234375 0.759375 0.06953125 0.0796875
0 0.49140625 0.64375 0.0546875 0.09375
0 0.496875 0.56953125 0.04375 0.0796875
0 0.3171875 0.9703125 0.06875 0.059375
0 0.63828125 0.56875 0.1140625 0.078125
0 0.6890625 0.76015625 0.11796875 0.115625
0 0.76953125 0.67421875 0.0765625 0.0765625
0 0.7 0.884375 0.09140625 0.10078125
0 0.76875 0.91796875 0.053125 0.05546875
0 0.55546875 0.79453125 0.0734375 0.0953125
0 0.79453125 0.55546875 0.0984375 0.0515625