0 0.45625 0.38671875 0.0765625 0.0796875
0 0.42109375 0.29765625 0.053125 0.0578125
0 0.49375 0.08515625 0.03125 0.0765625
0 0.075 0.15390625 0.08203125 0.0796875
0 0.14609375 0.43515625 0.09375 0.0984375
0 0.165625 0.53671875 0.06875 0.0265625
0 0.08203125 0.509375 0.0625 0.05546875
0 0.25546875 0.52890625 0.0671875 0.0421875
0 0.1515625 0.04765625 0.0453125 0.05546875
0 0.88828125 0.28671875 0.1609375 0.14921875
0 0.85859375 0.23515625 0.0578125 0.06484375
0 0.91953125 0.46484375 0.1515625 0.1390625
0 0.8125 0.52109375 0.146875 0.0578125
0 0.71875 0.42109375 0.178125 0.17578125
0 0.54609375 0.53203125 0.0734375 0.0359375
0 0.5625 0.18828125 0.10546875 0.10078125
0 0.60703125 0.25625 0.08671875 0.0765625
0 0.96796875 0.03984375 0.0640625 0.0796875
0 0.978125 0.20390625 0.04375 0.1828125
0 0.253125 0.68125 0.284375 0.2625
0 0.1953125 0.77265625 0.0890625 0.10078125
0 0.4296875 0.728125 0.159375 0.209375
0 0.4796875 0.790625 0.059375 0.103125
0 0.08671875 0.56640625 0.1515625 0.0328125
0 0.0546875 0.809375 0.109375 0.38125
0 0.46875 0.95546875 0.08125 0.0890625
0 0.38125 0.90703125 0.125 0.13671875
0 0.6734375 0.7703125 0.328125 0.428125
0 0.8984375 0.5796875 0.071875 0.059375