0 0.103125 0.0140625 0.1125 0.028125
0 0.19375 0.02890625 0.1625 0.0578125
0 0.26015625 0.12421875 0.0796875 0.08203125
0 0.8734375 0.403125 0.1 0.053125
0 0.81875 0.33515625 0.0796875 0.08671875
0 0.86171875 0.23359375 0.103125 0.11328125
0 0.7578125 0.2 0.06484375 0.0625
0 0.8703125 0.11953125 0.08203125 0.08671875
0 0.94609375 0.1671875 0.1078125 0.1125
0 0.66796875 0.08359375 0.3390625 0.1671875
0 0.44765625 0.22578125 0.1765625 0.2984375
0 0.47890625 0.0328125 0.0671875 0.065625
0 0.97421875 0.3828125 0.0515625 0.071875
0 0.98828125 0.27890625 0.0234375 0.0734375
0 0.3390625 0.978125 0.040625 0.04375
0 0.05078125 0.7796875 0.1015625 0.146875
0 0.084375 0.6828125 0.125 0.1078125
0 0.08671875 0.5171875 0.1734375 0.175
0 0.3 0.59375 0.08671875 0.09140625
0 0.25234375 0.51171875 0.103125 0.1109375
0 0.35 0.51796875 0.01875 0.0734375
0 0.328125 0.4796875 0.0625 0.0625
0 0.26171875 0.796875 0.0890625 0.1203125
0 0.2140625 0.7421875 0.09140625 0.1109375
0 0.15546875 0.97890625 0.0671875 0.0421875
0 0.953125 0.875 0.09375 0.08125
0 0.7359375 0.67734375 0.528125 0.4953125
0 0.47109375 0.45234375 0.1046875 0.0453125