0 0.05078125 0.02109375 0.1015625 0.0421875
0 0.49609375 0.0359375 0.1140625 0.071875
0 0.55 0.14921875 0.0375 0.1078125
0 0.51328125 0.24453125 0.1109375 0.1390625
0 0.44140625 0.3125 0.09140625 0.09375
0 0.27421875 0.20625 0.134375 0.134375
0 0.18203125 0.303125 0.10546875 0.1109375
0 0.2828125 0.30390625 0.084375 0.08203125
0 0.1171875 0.2375 0.10546875 0.1078125
0 0.08046875 0.921875 0.03828125 0.0453125
0 0.04375 0.90234375 0.0578125 0.05546875
0 0.084375 0.76328125 0.0890625 0.0984375
0 0.04609375 0.50859375 0.0921875 0.1578125
0 0.05390625 0.61875 0.084375 0.0796875
0 0.29921875 0.5359375 0.0578125 0.06484375
0 0.24296875 0.77265625 0.06953125 0.08203125
0 0.309375 0.8125 0.0671875 0.06953125
0 0.2453125 0.93515625 0.0671875 0.06484375
0 0.359375 0.9734375 0.071875 0.053125
0 0.553125 0.9609375 0.03125 0.075
0 0.53125 0.74375 0.06484375 0.06953125
0 0.5453125 0.68046875 0.046875 0.0953125
0 0.52890625 0.4265625 0.0796875 0.09375
0 0.42890625 0.4546875 0.08203125 0.07421875
0 0.3921875 0.40859375 0.05078125 0.053125
0 0.340625 0.38671875 0.05625 0.0140625
0 0.65390625 0.6359375 0.146875 0.1609375
0 0.890625 0.9796875 0.178125 0.040625