0 0.0984375 0.04609375 0.084375 0.0921875
0 0.0703125 0.140625 0.06015625 0.06953125
0 0.1625 0.25 0.15859375 0.1421875
0 0.1765625 0.359375 0.04296875 0.05078125
0 0.91953125 0.30390625 0.1609375 0.1921875
0 0.94296875 0.3796875 0.1109375 0.040625
0 0.83828125 0.38359375 0.0796875 0.0328125
0 0.96953125 0.121875 0.0609375 0.065625
0 0.9140625 0.13125 0.10078125 0.10078125
0 0.9671875 0.025 0.065625 0.05
0 0.88359375 0.034375 0.1078125 0.06875
0 0.871875 0.07578125 0.09140625 0.0890625
0 0.78125 0.0171875 0.115625 0.034375
0 0.7046875 0.30546875 0.07421875 0.07421875
0 0.66875 0.278125 0.07421875 0.07421875
0 0.66484375 0.3515625 0.05546875 0.05546875
0 0.671875 0.2296875 0.06484375 0.06484375
0 0.66171875 0.1140625 0.1203125 0.1203125
0 0.50625 0.26953125 0.1296875 0.1296875
0 0.56015625 0.24296875 0.08671875 0.08671875
0 0.45078125 0.3828125 0.0796875 0.034375
0 0.41171875 0.271875 0.08203125 0.08203125
0 0.34921875 0.27890625 0.0765625 0.0765625
0 0.3375 0.175 0.075 0.084375
0 0.4328125 0.1453125 0.08203125 0.08203125
0 0.546875 0.1015625 0.07421875 0.07421875
0 0.121875 0.52734375 0.084375 0.084375
0 0.23984375 0.771875 0.1203125 0.45625
0 0.93671875 0.49765625 0.1265625 0.1421875
0 0.9078125 0.62578125 0.184375 0.1734375
0 0.39375 0.4578125 0.0890625 0.084375
0 0.80234375 0.7984375 0.0625 0.0625
0 0.50078125 0.928125 0.0625 0.06484375
0 0.59453125 0.9734375 0.0796875 0.053125
0 0.85390625 0.853125 0.071875 0.07421875
0 0.64140625 0.8234375 0.05546875 0.053125