0 0.03671875 0.425 0.0734375 0.128125
0 0.078125 0.39453125 0.05546875 0.0765625
0 0.05390625 0.13359375 0.0984375 0.09609375
0 0.21875 0.05625 0.0890625 0.0984375
0 0.21640625 0.25390625 0.0890625 0.10078125
0 0.25 0.396875 0.0796875 0.0765625
0 0.5546875 0.4671875 0.071875 0.04375
0 0.6703125 0.25703125 0.09609375 0.115625
0 0.78984375 0.20234375 0.08671875 0.071875
0 0.8359375 0.10078125 0.14921875 0.13203125
0 0.61484375 0.01953125 0.0796875 0.0390625
0 0.11484375 0.8421875 0.1875 0.18984375
0 0.0484375 0.56796875 0.096875 0.0953125
0 0.25546875 0.98359375 0.0734375 0.0328125
0 0.3234375 0.56875 0.053125 0.103125
0 0.196875 0.51328125 0.059375 0.0484375
0 0.5421875 0.9328125 0.1078125 0.125
0 0.809375 0.7234375 0.09140625 0.115625
0 0.809375 0.621875 0.09140625 0.0796875
0 0.8828125 0.58671875 0.0671875 0.0765625
0 0.3734375 0.7671875 0.046875 0.065625
0 0.44140625 0.51640625 0.0671875 0.0546875