0 0.2890625 0.19140625 0.159375 0.2296875
0 0.1828125 0.165625 0.0765625 0.08203125
0 0.09140625 0.6984375 0.0984375 0.040625
0 0.22109375 0.67890625 0.06484375 0.053125
0 0.0140625 0.4359375 0.028125 0.06875
0 0.07734375 0.5796875 0.1546875 0.1875
0 0.17421875 0.6421875 0.040625 0.0359375
0 0.171875 0.609375 0.0359375 0.0359375
0 0.24765625 0.421875 0.05546875 0.05078125
0 0.28984375 0.415625 0.03359375 0.0359375
0 0.0734375 0.31171875 0.04296875 0.0359375
0 0.82265625 0.18671875 0.16796875 0.1296875
0 0.73125 0.02421875 0.09375 0.0484375
0 0.56796875 0.0328125 0.1390625 0.065625
0 0.73828125 0.57265625 0.0671875 0.07421875
0 0.89375 0.47265625 0.08203125 0.084375
0 0.646875 0.365625 0.053125 0.071875
0 0.27265625 0.73046875 0.0765625 0.0234375
0 0.34453125 0.85390625 0.0484375 0.0859375
0 0.4859375 0.9703125 0.165625 0.059375
0 0.68046875 0.98046875 0.0640625 0.0390625
0 0.83671875 0.94453125 0.0484375 0.06953125
0 0.659375 0.7359375 0.121875 0.034375
0 0.5109375 0.82109375 0.1703125 0.1828125