0 0.17265625 0.34296875 0.25 0.26171875
0 0.0671875 0.50703125 0.134375 0.1046875
0 0.32734375 0.37265625 0.08203125 0.09375
0 0.25625 0.08203125 0.0578125 0.0578125
0 0.21171875 0.0890625 0.0359375 0.04296875
0 0.43515625 0.20703125 0.0296875 0.0421875
0 0.96171875 0.33359375 0.0765625 0.0796875
0 0.7171875 0.4609375 0.146875 0.1296875
0 0.54140625 0.521875 0.1453125 0.075
0 0.85625 0.5125 0.103125 0.09375
0 0.771875 0.53984375 0.103125 0.0390625
0 0.528125 0.24921875 0.084375 0.08203125
0 0.07421875 0.73828125 0.1484375 0.3578125
0 0.08515625 0.62890625 0.1109375 0.1109375
0 0.12734375 0.58125 0.1390625 0.04375
0 0.0578125 0.96875 0.10625 0.0625
0 0.15390625 0.9640625 0.0953125 0.071875
0 0.28828125 0.6140625 0.115625 0.1078125
0 0.46328125 0.61015625 0.0265625 0.0796875
0 0.55234375 0.59140625 0.0703125 0.0640625
0 0.5921875 0.66171875 0.1078125 0.12265625
0 0.67578125 0.7625 0.06953125 0.06484375
0 0.72734375 0.69375 0.11328125 0.1390625
0 0.8625 0.5953125 0.0671875 0.0625
0 0.91015625 0.63984375 0.053125 0.053125
0 0.7578125 0.83671875 0.06484375 0.06484375