0 0.41015625 0.1546875 0.3265625 0.309375
0 0.24140625 0.15390625 0.1078125 0.11796875
0 0.01796875 0.11640625 0.0359375 0.1390625
0 0.10859375 0.478125 0.0984375 0.021875
0 0.38828125 0.43203125 0.07421875 0.071875
0 0.4328125 0.4125 0.0484375 0.053125
0 0.02421875 0.35390625 0.0484375 0.0578125
0 0.16015625 0.35234375 0.06015625 0.05546875
0 0.78515625 0.0140625 0.1109375 0.028125
0 0.63828125 0.00859375 0.0796875 0.0171875
0 0.70390625 0.053125 0.1265625 0.10625
0 0.6578125 0.20234375 0.103125 0.1203125
0 0.75859375 0.27421875 0.1421875 0.14453125
0 0.6109375 0.36640625 0.053125 0.06484375
0 0.5921875 0.25390625 0.025 0.0546875
0 0.9421875 0.05078125 0.0625 0.06015625
0 0.96015625 0.1453125 0.0671875 0.071875
0 0.95703125 0.3453125 0.0859375 0.096875
0 0.89765625 0.35078125 0.0671875 0.07421875
0 0.93125 0.240625 0.08203125 0.0765625
0 0.88671875 0.465625 0.0828125 0.046875
0 0.0421875 0.67734375 0.084375 0.1234375
0 0.06875 0.534375 0.10625 0.090625
0 0.41640625 0.55 0.0796875 0.0578125
0 0.409375 0.675 0.103125 0.115625
0 0.66953125 0.53203125 0.1796875 0.0859375
0 0.89765625 0.58203125 0.06484375 0.06484375
0 0.74765625 0.8109375 0.053125 0.0578125
0 0.8203125 0.7921875 0.03828125 0.03359375
0 0.8046875 0.878125 0.03125 0.0484375
0 0.70078125 0.9203125 0.0484375 0.0359375
0 0.59375 0.86953125 0.028125 0.0421875
0 0.6921875 0.9828125 0.059375 0.034375
0 0.89921875 0.9921875 0.0453125 0.015625
0 0.98125 0.92890625 0.0375 0.0359375
0 0.9953125 0.89140625 0.009375 0.0359375