0 0.190625 0.4328125 0.09375 0.084375
0 0.05859375 0.53203125 0.1171875 0.0953125
0 0.3765625 0.20078125 0.11796875 0.11796875
0 0.16875 0.209375 0.09375 0.09375
0 0.18984375 0.0984375 0.2953125 0.196875
0 0.3203125 0.015625 0.071875 0.03125
0 0.13984375 0.3625 0.05078125 0.053125
0 0.0453125 0.290625 0.05546875 0.053125
0 0.35625 0.27265625 0.0578125 0.05546875
0 0.36953125 0.30859375 0.0671875 0.06953125
0 0.58125 0.22890625 0.08203125 0.0578125
0 0.5 0.32734375 0.0765625 0.10546875
0 0.90625 0.29765625 0.0484375 0.0671875
0 0.62265625 0.53828125 0.0484375 0.0484375
0 0.33515625 0.7671875 0.2296875 0.28125
0 0.2734375 0.78046875 0.0890625 0.103125
0 0.340625 0.64453125 0.06953125 0.0625
0 0.23359375 0.63125 0.08203125 0.0671875
0 0.171875 0.6765625 0.17578125 0.1421875
0 0.0421875 0.69140625 0.084375 0.0984375
0 0.059375 0.82109375 0.08203125 0.0578125
0 0.2 0.86875 0.06953125 0.0671875
0 0.03125 0.90546875 0.0625 0.0796875
0 0.04140625 0.9453125 0.0828125 0.109375
0 0.725 0.78984375 0.55 0.4203125
0 0.55078125 0.6109375 0.0671875 0.0625
0 0.5015625 0.66328125 0.06484375 0.09609375
0 0.64296875 0.778125 0.06484375 0.0765625
0 0.9515625 0.621875 0.090625 0.084375