0 0.17890625 0.1046875 0.3265625 0.209375
0 0.34765625 0.05625 0.1078125 0.1125
0 0.20078125 0.33203125 0.07421875 0.071875
0 0.15625 0.3125 0.0484375 0.053125
0 0.40859375 0.2515625 0.0203125 0.05625
0 0.54609375 0.35625 0.1203125 0.13203125
0 0.8328125 0.28671875 0.321875 0.2859375
0 0.61171875 0.234375 0.103125 0.10078125
0 0.6765625 0.23359375 0.05546875 0.06015625
0 0.45546875 0.07890625 0.0734375 0.0828125
0 0.334375 0.49140625 0.16875 0.1234375
0 0.3671875 0.9671875 0.103125 0.065625
0 0.54375 0.90546875 0.08203125 0.09140625
0 0.80546875 0.7296875 0.071875 0.06953125
0 0.675 0.68671875 0.04296875 0.04296875
0 0.53671875 0.82109375 0.05546875 0.03125
0 0.428125 0.675 0.01875 0.075
0 0.465625 0.7453125 0.0484375 0.0453125
0 0.66640625 0.6203125 0.03359375 0.02890625