0 0.64375 0.3734375 0.190625 0.2125
0 0.24140625 0.04609375 0.1328125 0.0921875
0 0.08359375 0.340625 0.1203125 0.125
0 0.378125 0.02578125 0.084375 0.0515625
0 0.2953125 0.346875 0.09609375 0.0984375
0 0.2625 0.19140625 0.30546875 0.2859375
0 0.1265625 0.12578125 0.07421875 0.071875
0 0.35625 0.0703125 0.05546875 0.053125
0 0.36953125 0.1015625 0.05078125 0.053125
0 0.528125 0.24609375 0.071875 0.071875
0 0.56796875 0.23359375 0.0484375 0.05078125
0 0.425 0.43125 0.0578125 0.05546875
0 0.11015625 0.41640625 0.0578125 0.06015625
0 0.0984375 0.4484375 0.071875 0.0625
0 0.78203125 0.315625 0.0859375 0.1625
0 0.87265625 0.0953125 0.0453125 0.06015625
0 0.953125 0.2640625 0.0625 0.05546875
0 0.64453125 0.534375 0.08203125 0.08203125
0 0.1625 0.9015625 0.09609375 0.103125
0 0.09453125 0.99140625 0.0734375 0.0171875
0 0.096875 0.6171875 0.1875 0.18984375
0 0.03984375 0.546875 0.0796875 0.090625
0 0.025 0.72890625 0.05 0.0796875
0 0.234375 0.84765625 0.0984375 0.09609375
0 0.2734375 0.80078125 0.0890625 0.0984375
0 0.38359375 0.80234375 0.0890625 0.09375
0 0.43984375 0.9390625 0.1171875 0.121875
0 0.690625 0.784375 0.096875 0.115625
0 0.51796875 0.86484375 0.2953125 0.2703125
0 0.828125 0.4890625 0.065625 0.01875
0 0.80859375 0.628125 0.040625 0.0453125
0 0.87578125 0.65078125 0.04296875 0.05078125