0 0.91484375 0.23359375 0.1703125 0.3109375
0 0.84921875 0.32890625 0.2234375 0.1203125
0 0.66953125 0.26796875 0.2609375 0.2421875
0 0.89296875 0.05859375 0.1953125 0.1171875
0 0.9515625 0.06796875 0.0890625 0.09140625
0 0.34375 0.44609375 0.1625 0.1140625
0 0.4203125 0.54296875 0.1921875 0.19453125
0 0.5171875 0.55 0.04375 0.125
0 0.034375 0.50859375 0.06875 0.1078125
0 0.1296875 0.64375 0.0984375 0.0984375
0 0.28828125 0.61328125 0.1421875 0.1421875
0 0.46484375 0.64140625 0.08671875 0.08671875
0 0.48671875 0.74921875 0.1046875 0.1109375
0 0.390625 0.7421875 0.0625 0.06015625
0 0.25546875 0.8609375 0.09609375 0.09609375
0 0.171875 0.92265625 0.165625 0.1546875
0 0.0171875 0.86796875 0.034375 0.0921875
0 0.06171875 0.978125 0.1109375 0.04375
0 0.23046875 0.45234375 0.09609375 0.0984375
0 0.94296875 0.40703125 0.0546875 0.0359375
0 0.76015625 0.43515625 0.06953125 0.084375
0 0.6328125 0.47890625 0.0671875 0.0578125
0 0.83125 0.57578125 0.05078125 0.0578125
0 0.7578125 0.5703125 0.0484375 0.0359375
0 0.72421875 0.5859375 0.02890625 0.0359375
0 0.90078125 0.625 0.040625 0.0578125
0 0.98984375 0.55625 0.0203125 0.034375
0 0.95859375 0.68046875 0.04296875 0.0453125
0 0.8671875 0.7890625 0.03828125 0.0484375
0 0.6328125 0.5984375 0.103125 0.0765625
0 0.7015625 0.6875 0.04296875 0.040625
0 0.64609375 0.71171875 0.040625 0.040625
0 0.7609375 0.7984375 0.03359375 0.0578125
0 0.83203125 0.8015625 0.0265625 0.0265625
0 0.80078125 0.79921875 0.03125 0.021875
0 0.79140625 0.82578125 0.02890625 0.0265625
0 0.98671875 0.89609375 0.0265625 0.0640625
0 0.996875 0.971875 0.00625 0.025
0 0.9890625 0.9921875 0.021875 0.015625
0 0.79765625 0.88125 0.03125 0.02890625
0 0.76484375 0.9078125 0.03359375 0.03359375
0 0.7140625 0.92421875 0.0265625 0.03359375
0 0.5578125 0.8484375 0.0375 0.03125