0 0.04296875 0.421875 0.0859375 0.09375
0 0.01953125 0.1453125 0.0390625 0.0625
0 0.9296875 0.16875 0.115625 0.11328125
0 0.9609375 0.3671875 0.078125 0.125
0 0.703125 0.42734375 0.09609375 0.0984375
0 0.32734375 0.97421875 0.1828125 0.0515625
0 0.41484375 0.99140625 0.0890625 0.0171875
0 0.4328125 0.92890625 0.0796875 0.0671875
0 0.32109375 0.81875 0.14921875 0.14453125
0 0.20078125 0.8015625 0.08671875 0.10078125
0 0.1828125 0.93125 0.2125 0.1375
0 0.0328125 0.84921875 0.065625 0.0921875
0 0.040625 0.9328125 0.053125 0.0578125
0 0.02109375 0.7578125 0.0421875 0.103125
0 0.4953125 0.67421875 0.046875 0.1109375
0 0.4578125 0.671875 0.0625 0.05546875
0 0.43046875 0.62265625 0.05546875 0.0625
0 0.3453125 0.56015625 0.0671875 0.07421875
0 0.2515625 0.528125 0.071875 0.07421875
0 0.6046875 0.95859375 0.071875 0.0765625
0 0.70390625 0.64921875 0.0765625 0.0796875
0 0.8578125 0.98125 0.06875 0.0375
0 0.95078125 0.77265625 0.0984375 0.0828125
0 0.85390625 0.5296875 0.1109375 0.1
0 0.73125 0.5765625 0.0765625 0.0671875
0 0.73984375 0.5046875 0.0671875 0.05
0 0.5703125 0.57421875 0.103125 0.1046875
0 0.7375 0.75546875 0.06953125 0.0765625
0 0.9578125 0.5 0.06875 0.040625
0 0.56015625 0.86953125 0.0828125 0.2609375