0 0.7234375 0.01875 0.09375 0.0375
0 0.578125 0.1203125 0.05625 0.165625
0 0.62578125 0.37109375 0.084375 0.0578125
0 0.70390625 0.4828125 0.125 0.13203125
0 0.7890625 0.403125 0.040625 0.0671875
0 0.89375 0.51796875 0.0890625 0.12734375
0 0.940625 0.3515625 0.0765625 0.071875
0 0.8984375 0.27734375 0.06953125 0.0453125
0 0.559375 0.584375 0.01875 0.08125
0 0.19453125 0.85703125 0.3890625 0.2859375
0 0.2625 0.7734375 0.084375 0.084375
0 0.671875 0.975 0.09375 0.05
0 0.69453125 0.93984375 0.07421875 0.07421875
0 0.71015625 0.721875 0.1421875 0.084375
0 0.7828125 0.76171875 0.10546875 0.115625
0 0.8140625 0.890625 0.146875 0.15859375
0 0.89921875 0.97265625 0.0796875 0.0546875
0 0.96015625 0.96953125 0.0796875 0.0609375
0 0.98515625 0.96328125 0.0296875 0.0734375
0 0.965625 0.78515625 0.06875 0.0734375
0 0.8859375 0.74140625 0.165625 0.1234375