0 0.98203125 0.334375 0.0359375 0.053125
0 0.8109375 0.02578125 0.06875 0.0515625
0 0.84921875 0.0875 0.0625 0.040625
0 0.6296875 0.1609375 0.0484375 0.0578125
0 0.36484375 0.89453125 0.2984375 0.2109375
0 0.11171875 0.95703125 0.1296875 0.0859375
0 0.15859375 0.90625 0.11796875 0.11796875
0 0.1203125 0.8296875 0.115625 0.115625
0 0.05078125 0.84375 0.0890625 0.08671875
0 0.03515625 0.96953125 0.0703125 0.0609375
0 0.02578125 0.64375 0.0515625 0.125
0 0.034375 0.58359375 0.06875 0.0734375
0 0.16484375 0.6328125 0.09375 0.09609375
0 0.24296875 0.703125 0.0890625 0.0890625
0 0.30625 0.6671875 0.1421875 0.14453125
0 0.41953125 0.63046875 0.084375 0.084375
0 0.428125 0.70703125 0.15390625 0.1609375
0 0.48828125 0.846875 0.08203125 0.0796875
0 0.5453125 0.8359375 0.06484375 0.06484375
0 0.5125 0.97109375 0.08125 0.0578125
0 0.19609375 0.484375 0.10078125 0.103125
0 0.22109375 0.43203125 0.06484375 0.06484375
0 0.51796875 0.6109375 0.08203125 0.08203125
0 0.69609375 0.540625 0.09375 0.09375
0 0.778125 0.5546875 0.05546875 0.06484375
0 0.80546875 0.7234375 0.03828125 0.06015625
0 0.92109375 0.58359375 0.05546875 0.05078125
0 0.940625 0.7 0.0484375 0.0578125
0 0.8828125 0.73125 0.0625 0.0765625
0 0.8203125 0.83359375 0.084375 0.103125
0 0.73359375 0.79296875 0.05078125 0.06484375
0 0.6 0.75234375 0.021875 0.0703125
0 0.67109375 0.7546875 0.053125 0.071875
0 0.67109375 0.8625 0.040625 0.040625
0 0.94765625 0.8828125 0.08671875 0.1203125
0 0.7734375 0.925 0.09375 0.0890625
0 0.86640625 0.396875 0.0421875 0.034375
0 0.8671875 0.46015625 0.03828125 0.04296875
0 0.94296875 0.44921875 0.09609375 0.103125
0 0.9078125 0.98046875 0.021875 0.0390625