0 0.96640625 0.2203125 0.0671875 0.0671875
0 0.95859375 0.0265625 0.0828125 0.053125
0 0.94375 0.08046875 0.1125 0.0984375
0 0.91015625 0.0359375 0.0578125 0.053125
0 0.63984375 0.04921875 0.0984375 0.0984375
0 0.60390625 0.01328125 0.0328125 0.0265625
0 0.87265625 0.1609375 0.0625 0.05546875
0 0.8984375 0.2234375 0.04296875 0.040625
0 0.9484375 0.30546875 0.05078125 0.0484375
0 0.92421875 0.34609375 0.053125 0.05078125
0 0.56015625 0.125 0.040625 0.03828125
0 0.4890625 0.10703125 0.0625 0.0625
0 0.5125 0.18671875 0.06015625 0.0625
0 0.45703125 0.12578125 0.0140625 0.0578125
0 0.36171875 0.77890625 0.08671875 0.084375
0 0.10234375 0.5578125 0.09375 0.084375
0 0.05625 0.8265625 0.053125 0.0578125
0 0.0078125 0.965625 0.015625 0.04375
0 0.3296875 0.5375 0.0484375 0.0453125
0 0.34140625 0.8890625 0.053125 0.0453125
0 0.64609375 0.640625 0.09375 0.0984375
0 0.69765625 0.68515625 0.09140625 0.10078125
0 0.59453125 0.725 0.0765625 0.0796875
0 0.47890625 0.73125 0.0578125 0.08125
0 0.7625 0.778125 0.115625 0.11328125
0 0.78359375 0.69296875 0.4328125 0.3859375
0 0.95078125 0.9640625 0.0984375 0.071875
0 0.5796875 0.95859375 0.06484375 0.06015625
0 0.59296875 0.8671875 0.12265625 0.15390625