0 0.27421875 0.38984375 0.08203125 0.08203125
0 0.33125 0.35078125 0.09375 0.0890625
0 0.403125 0.265625 0.103125 0.11328125
0 0.4765625 0.29375 0.08671875 0.07421875
0 0.8078125 0.40546875 0.134375 0.0890625
0 0.6984375 0.4078125 0.15 0.084375
0 0.59296875 0.371875 0.0484375 0.134375
0 0.60859375 0.25234375 0.0796875 0.1703125
0 0.8484375 0.26015625 0.071875 0.071875
0 0.790625 0.18515625 0.08203125 0.08203125
0 0.96875 0.26328125 0.0578125 0.0578125
0 0.92421875 0.18984375 0.0625 0.0625
0 0.95859375 0.15546875 0.0828125 0.1265625
0 0.96796875 0.02890625 0.0640625 0.0578125
0 0.64375 0.05546875 0.1109375 0.1109375
0 0.6046875 0.1 0.071875 0.084375
0 0.7015625 0.1453125 0.09375 0.09375
0 0.753125 0.05703125 0.0765625 0.0765625
0 0.8046875 0.08203125 0.0578125 0.0578125
0 0.825 0.12421875 0.0578125 0.0578125
0 0.84453125 0.06875 0.07421875 0.07421875
0 0.91328125 0.084375 0.06953125 0.071875
0 0.0734375 0.5859375 0.0984375 0.09140625
0 0.55078125 0.49765625 0.0359375 0.0953125
0 0.31484375 0.71328125 0.08203125 0.09375
0 0.340625 0.9703125 0.13125 0.059375
0 0.51171875 0.71875 0.1140625 0.13125
0 0.1703125 0.88671875 0.0984375 0.071875
0 0.16875 0.47265625 0.15625 0.0453125
0 0.83203125 0.878125 0.3359375 0.24375
0 0.9640625 0.6953125 0.071875 0.125
0 0.5828125 0.58828125 0.028125 0.0796875
0 0.6421875 0.91484375 0.06953125 0.0796875