0 0.09453125 0.0046875 0.0953125 0.009375
0 0.3796875 0.10078125 0.10078125 0.10078125
0 0.44609375 0.06640625 0.0859375 0.1046875
0 0.52109375 0.09765625 0.0640625 0.1953125
0 0.65703125 0.44375 0.3359375 0.390625
0 0.73984375 0.296875 0.14453125 0.1515625
0 0.815625 0.19375 0.0890625 0.08203125
0 0.715625 0.0609375 0.10625 0.121875
0 0.94921875 0.48203125 0.1015625 0.2265625
0 0.78046875 0.60625 0.1234375 0.065625
0 0.79296875 0.52734375 0.12265625 0.12265625
0 0.68125 0.37890625 0.07421875 0.06484375
0 0.6296875 0.23671875 0.103125 0.10546875
0 0.56484375 0.259375 0.09375 0.0984375
0 0.8703125 0.0421875 0.090625 0.084375
0 0.9265625 0.06640625 0.11328125 0.10546875
0 0.9171875 0.1671875 0.12265625 0.1203125
0 0.1328125 0.6765625 0.096875 0.075
0 0.059375 0.66796875 0.059375 0.0578125
0 0.4375 0.98515625 0.0625 0.0296875
0 0.62421875 0.98984375 0.0484375 0.0203125
0 0.5578125 0.89296875 0.05078125 0.0453125
0 0.49453125 0.68671875 0.0109375 0.0296875