0 0.36796875 0.61328125 0.06484375 0.0671875
0 0.340625 0.496875 0.06484375 0.0671875
0 0.3828125 0.440625 0.0765625 0.06953125
0 0.42265625 0.33203125 0.0796875 0.09375
0 0.4828125 0.33125 0.034375 0.05625
0 0.14140625 0.0484375 0.06015625 0.0625
0 0.7453125 0.603125 0.0671875 0.06484375
0 0.6859375 0.5515625 0.1421875 0.12265625
0 0.52421875 0.58984375 0.0484375 0.1046875
0 0.6859375 0.3828125 0.0671875 0.06484375
0 0.634375 0.340625 0.09609375 0.08203125
0 0.56328125 0.27578125 0.0890625 0.084375
0 0.9859375 0.44375 0.028125 0.059375
0 0.97890625 0.1796875 0.0421875 0.084375
0 0.92265625 0.1953125 0.06484375 0.0671875
0 0.92890625 0.0234375 0.1078125 0.046875
0 0.69765625 0.021875 0.0796875 0.04375
0 0.74609375 0.44765625 0.0578125 0.053125
0 0.40625 0.825 0.1875 0.196875
0 0.26875 0.84765625 0.08671875 0.09140625
0 0.3265625 0.92578125 0.05546875 0.0765625
0 0.4046875 0.9484375 0.03828125 0.04296875
0 0.02578125 0.86640625 0.0515625 0.0578125
0 0.2015625 0.94296875 0.0484375 0.0578125
0 0.165625 0.94375 0.053125 0.06015625
0 0.60703125 0.728125 0.1453125 0.078125
0 0.5390625 0.7828125 0.078125 0.103125
0 0.56953125 0.84609375 0.0625 0.0671875
0 0.67734375 0.83515625 0.0890625 0.0625
0 0.60703125 0.89765625 0.05078125 0.05546875
0 0.65859375 0.9546875 0.0859375 0.090625
0 0.54921875 0.9421875 0.07421875 0.0578125