0 0.4703125 0.4375 0.11875 0.04375
0 0.47578125 0.05703125 0.09140625 0.09140625
0 0.56015625 0.44296875 0.0609375 0.0328125
0 0.56640625 0.3 0.0453125 0.05546875
0 0.35390625 0.8375 0.3515625 0.325
0 0.50078125 0.90078125 0.0578125 0.0984375
0 0.5015625 0.5046875 0.05625 0.090625
0 0.50625 0.55 0.046875 0.075
0 0.165625 0.5265625 0.08203125 0.0765625
0 0.01953125 0.515625 0.0390625 0.1125
0 0.03203125 0.6953125 0.0640625 0.10625
0 0.19921875 0.7578125 0.11796875 0.11796875
0 0.0984375 0.9453125 0.06015625 0.0484375
0 0.25546875 0.66640625 0.0796875 0.0796875
0 0.6390625 0.571875 0.21875 0.196875
0 0.77109375 0.87734375 0.21171875 0.18515625
0 0.9796875 0.725 0.040625 0.05
0 0.925 0.8546875 0.03828125 0.053125
0 0.96015625 0.9734375 0.0796875 0.053125
0 0.79140625 0.6765625 0.0796875 0.0671875
0 0.65625 0.98828125 0.05625 0.0234375