0 0.2046875 0.3734375 0.053125 0.03125
0 0.24296875 0.36015625 0.05546875 0.05078125
0 0.25 0.07890625 0.071875 0.06484375
0 0.06484375 0.1234375 0.12265625 0.1203125
0 0.47578125 0.3296875 0.1671875 0.11875
0 0.059375 0.234375 0.11875 0.134375
0 0.75625 0.02734375 0.1 0.0546875
0 0.9640625 0.2953125 0.071875 0.103125
0 0.89609375 0.20703125 0.0765625 0.0765625
0 0.6375 0.2984375 0.15625 0.18125
0 0.68125 0.29296875 0.0984375 0.09609375
0 0.78203125 0.36875 0.0546875 0.040625
0 0.58046875 0.17890625 0.0421875 0.0796875
0 0.07734375 0.53984375 0.1546875 0.1859375
0 0.09765625 0.93828125 0.1953125 0.1234375
0 0.4796875 0.96328125 0.159375 0.0734375
0 0.5125 0.803125 0.09375 0.1375
0 0.0078125 0.7265625 0.015625 0.0875
0 0.10234375 0.80859375 0.05078125 0.0625
0 0.1890625 0.68984375 0.0578125 0.0796875
0 0.375 0.665625 0.06484375 0.07421875
0 0.44609375 0.48515625 0.06484375 0.06953125
0 0.69765625 0.8640625 0.2765625 0.271875
0 0.859375 0.91953125 0.1078125 0.09609375
0 0.9421875 0.54921875 0.115625 0.2046875
0 0.9828125 0.684375 0.034375 0.13125
0 0.77890625 0.4515625 0.1453125 0.125
0 0.76171875 0.53359375 0.06015625 0.0796875
0 0.65 0.43359375 0.15625 0.0890625
0 0.96640625 0.97578125 0.0671875 0.0484375