0 0.51640625 0.45859375 0.1421875 0.1390625
0 0.33125 0.42734375 0.165625 0.16328125
0 0.1296875 0.06796875 0.125 0.1203125
0 0.5984375 0.2 0.22109375 0.21640625
0 0.39296875 0.578125 0.1359375 0.0625
0 0.9625 0.5734375 0.075 0.071875
0 0.9703125 0.28046875 0.059375 0.1421875
0 0.8953125 0.3359375 0.06953125 0.0796875
0 0.81953125 0.03671875 0.0890625 0.0734375
0 0.75078125 0.1453125 0.0421875 0.15625
0 0.05234375 0.621875 0.0484375 0.025
0 0.2265625 0.6421875 0.071875 0.065625
0 0.02421875 0.76171875 0.0484375 0.0859375
0 0.0640625 0.8671875 0.0765625 0.07421875
0 0.51640625 0.83671875 0.0984375 0.09375
0 0.62109375 0.65390625 0.0921875 0.0890625
0 0.67109375 0.946875 0.1171875 0.10625
0 0.7203125 0.8671875 0.01875 0.05
0 0.25546875 0.97578125 0.0578125 0.0484375
0 0.246875 0.765625 0.0578125 0.0578125
0 0.31640625 0.64921875 0.05546875 0.0484375
0 0.3265625 0.75625 0.053125 0.0484375
0 0.11953125 0.6578125 0.0484375 0.04296875
0 0.09921875 0.96953125 0.0640625 0.0609375
0 0.159375 0.875 0.06953125 0.07421875
0 0.97109375 0.8921875 0.0578125 0.071875
0 0.8765625 0.73125 0.11328125 0.12265625
0 0.7390625 0.65390625 0.01875 0.0671875