0 0.0875 0.51875 0.13671875 0.13203125
0 0.14140625 0.253125 0.21171875 0.2046875
0 0.50546875 0.0796875 0.09375 0.053125
0 0.53125 0.18515625 0.0796875 0.0578125
0 0.45390625 0.35625 0.1078125 0.2375
0 0.4453125 0.578125 0.05078125 0.0453125
0 0.48046875 0.640625 0.0453125 0.0375
0 0.809375 0.621875 0.0625 0.0453125
0 0.8875 0.184375 0.0484375 0.04296875
0 0.83125 0.2828125 0.06953125 0.071875
0 0.78828125 0.48359375 0.0453125 0.0359375
0 0.084375 0.98984375 0.065625 0.0203125
0 0.39375 0.7359375 0.0125 0.0625
0 0.17421875 0.75390625 0.053125 0.03828125
0 0.0328125 0.7296875 0.02890625 0.0359375
0 0.10078125 0.82109375 0.03828125 0.0359375
0 0.18359375 0.82734375 0.03359375 0.03359375
0 0.2953125 0.77578125 0.02890625 0.0359375
0 0.2375 0.9890625 0.04375 0.021875
0 0.0203125 0.81640625 0.040625 0.0578125
0 0.4921875 0.69921875 0.075 0.0796875
0 0.55234375 0.6984375 0.1015625 0.078125
0 0.73515625 0.93515625 0.2921875 0.1296875
0 0.7765625 0.8921875 0.1203125 0.13203125
0 0.6328125 0.8375 0.11328125 0.1203125
0 0.6984375 0.82265625 0.10546875 0.1078125
0 0.51875 0.95625 0.08203125 0.0796875
0 0.89140625 0.97578125 0.0828125 0.0484375
0 0.94609375 0.78671875 0.09375 0.10546875
0 0.9 0.6828125 0.071875 0.046875