0 0.06328125 0.3859375 0.1265625 0.146875
0 0.03046875 0.21171875 0.0609375 0.1265625
0 0.0265625 0.15859375 0.053125 0.0953125
0 0.0171875 0.11328125 0.034375 0.0734375
0 0.2953125 0.178125 0.2140625 0.20703125
0 0.66484375 0.02890625 0.0921875 0.0578125
0 0.70625 0.0625 0.05546875 0.06484375
0 0.7203125 0.1234375 0.06015625 0.0625
0 0.875 0.0234375 0.0625 0.046875
0 0.91484375 0.2171875 0.1703125 0.196875
0 0.9828125 0.4125 0.034375 0.084375
0 0.85390625 0.4046875 0.04296875 0.040625
0 0.67890625 0.34453125 0.0625 0.0578125
0 0.49296875 0.31015625 0.0859375 0.1234375
0 0.6 0.4984375 0.071875 0.0765625
0 0.584375 0.55625 0.05078125 0.03828125
0 0.6859375 0.57421875 0.053125 0.05546875
0 0.74921875 0.80859375 0.3390625 0.32421875
0 0.52890625 0.97734375 0.0578125 0.0453125
0 0.98046875 0.9046875 0.0390625 0.1
0 0.93828125 0.9671875 0.04296875 0.04296875
0 0.48828125 0.55625 0.0578125 0.07421875