0 0.5859375 0.43046875 0.0875 0.0828125
0 0.6171875 0.3734375 0.025 0.0625
0 0.58515625 0.31953125 0.06953125 0.0671875
0 0.11484375 0.41875 0.2296875 0.1625
0 0.396875 0.1390625 0.1078125 0.1203125
0 0.48125 0.13203125 0.0796875 0.0765625
0 0.04609375 0.1265625 0.08671875 0.0765625
0 0.9703125 0.17421875 0.059375 0.1390625
0 0.9484375 0.26953125 0.103125 0.1359375
0 0.84921875 0.13359375 0.165625 0.1703125
0 0.95859375 0.05390625 0.0828125 0.1078125
0 0.9 0.01875 0.096875 0.0375
0 0.8484375 0.03125 0.103125 0.0625
0 0.6890625 0.18515625 0.11875 0.1421875
0 0.66328125 0.33046875 0.0671875 0.1078125
0 0.66171875 0.07265625 0.0640625 0.0640625
0 0.03671875 0.6 0.0734375 0.10625
0 0.565625 0.56484375 0.103125 0.09375
0 0.29296875 0.81875 0.10078125 0.0890625
0 0.11484375 0.88828125 0.15625 0.15625
0 0.54609375 0.796875 0.0796875 0.084375
0 0.4078125 0.6671875 0.08203125 0.0890625
0 0.23984375 0.5296875 0.053125 0.05546875
0 0.2671875 0.57578125 0.0578125 0.06015625
0 0.64140625 0.73125 0.0234375 0.1125
0 0.7140625 0.6515625 0.0890625 0.10546875
0 0.7046875 0.959375 0.1125 0.08125
0 0.73203125 0.8390625 0.13671875 0.146875
0 0.97421875 0.79140625 0.0515625 0.1203125
0 0.99140625 0.90703125 0.0171875 0.1171875
0 0.97890625 0.52109375 0.0421875 0.0421875