0 0.128125 0.12578125 0.1421875 0.13671875
0 0.20390625 0.3859375 0.0890625 0.08203125
0 0.1546875 0.44375 0.06015625 0.0625
0 0.2046875 0.48671875 0.06875 0.0453125
0 0.08984375 0.36015625 0.11796875 0.13671875
0 0.26796875 0.01015625 0.0578125 0.0203125
0 0.3671875 0.06328125 0.115625 0.1265625
0 0.46484375 0.14140625 0.1421875 0.11328125
0 0.85703125 0.1484375 0.1421875 0.15390625
0 0.83203125 0.43359375 0.11796875 0.11328125
0 0.5765625 0.36328125 0.053125 0.1140625
0 0.6203125 0.11171875 0.07421875 0.06484375
0 0.34140625 0.8890625 0.084375 0.084375
0 0.5328125 0.79140625 0.034375 0.1453125
0 0.0234375 0.7953125 0.046875 0.146875
0 0.58359375 0.68984375 0.0671875 0.0984375
0 0.6515625 0.56640625 0.203125 0.1140625
0 0.740625 0.53828125 0.084375 0.0578125
0 0.83671875 0.671875 0.08203125 0.08671875
0 0.71015625 0.65859375 0.08203125 0.0796875
0 0.90390625 0.7859375 0.08203125 0.08203125
0 0.97578125 0.5671875 0.0484375 0.065625
0 0.97734375 0.625 0.0453125 0.065625
0 0.725 0.9921875 0.075 0.015625