0 0.184375 0.4640625 0.09140625 0.08671875
0 0.234375 0.409375 0.0625 0.06484375
0 0.1875 0.35234375 0.071875 0.06953125
0 0.29609375 0.48125 0.1234375 0.115625
0 0.03046875 0.1640625 0.0609375 0.121875
0 0.090625 0.1625 0.08203125 0.0796875
0 0.29140625 0.175 0.06484375 0.071875
0 0.93515625 0.04296875 0.0890625 0.0859375
0 0.8328125 0.128125 0.103125 0.10546875
0 0.7703125 0.2796875 0.06484375 0.0796875
0 0.74296875 0.3921875 0.0765625 0.06484375
0 0.47734375 0.02890625 0.0546875 0.0578125
0 0.57578125 0.0921875 0.05546875 0.0578125
0 0.571875 0.43828125 0.05078125 0.0796875
0 0.93125 0.37578125 0.06015625 0.053125
0 0.98828125 0.3703125 0.0234375 0.04375
0 0.990625 0.42734375 0.01875 0.0484375
0 0.9828125 0.48671875 0.034375 0.0453125
0 0.01640625 0.6515625 0.0328125 0.084375
0 0.11171875 0.79140625 0.071875 0.06953125
0 0.21484375 0.92109375 0.0984375 0.1078125
0 0.3703125 0.99296875 0.0625 0.0140625
0 0.43671875 0.94609375 0.0265625 0.0859375
0 0.378125 0.88671875 0.0453125 0.04296875
0 0.35078125 0.7 0.0671875 0.07421875
0 0.3296875 0.59453125 0.121875 0.1109375
0 0.065625 0.98515625 0.0625 0.0296875
0 0.97421875 0.67265625 0.0515625 0.0984375
0 0.49453125 0.584375 0.0890625 0.090625
0 0.75703125 0.8125 0.0796875 0.10078125
0 0.5546875 0.81953125 0.125 0.14453125
0 0.89921875 0.98125 0.0953125 0.0375
0 0.9 0.55703125 0.15625 0.0359375