0 0.21875 0.015625 0.115625 0.03125
0 0.4109375 0.2109375 0.12265625 0.12265625
0 0.3359375 0.22890625 0.08671875 0.0890625
0 0.34453125 0.3046875 0.0984375 0.09609375
0 0.3328125 0.121875 0.178125 0.1828125
0 0.31640625 0.48671875 0.1109375 0.0453125
0 0.15625 0.396875 0.09375 0.09609375
0 0.84921875 0.2546875 0.3015625 0.509375
0 0.77890625 0.021875 0.1171875 0.04375
0 0.67421875 0.23828125 0.11796875 0.11796875
0 0.58515625 0.3296875 0.18046875 0.18046875
0 0.52265625 0.03515625 0.0671875 0.0703125
0 0.77421875 0.06875 0.071875 0.0671875
0 0.46328125 0.84453125 0.0515625 0.1078125
0 0.22421875 0.9578125 0.0984375 0.084375
0 0.22734375 0.8609375 0.134375 0.1203125
0 0.82578125 0.9890625 0.0671875 0.021875
0 0.88828125 0.96796875 0.0796875 0.0640625
0 0.98046875 0.95703125 0.0390625 0.0453125
0 0.99140625 0.9140625 0.0171875 0.059375
0 0.4953125 0.67734375 0.0125 0.0953125
0 0.59140625 0.746875 0.2015625 0.228125
0 0.509375 0.58984375 0.040625 0.0890625
0 0.92578125 0.559375 0.06015625 0.09140625
0 0.9921875 0.60859375 0.015625 0.0640625
0 0.98359375 0.7203125 0.0328125 0.053125
0 0.98515625 0.67890625 0.0296875 0.0484375
0 0.77421875 0.96015625 0.05078125 0.0578125