0 0.36640625 0.36484375 0.1421875 0.1078125
0 0.29140625 0.1203125 0.0890625 0.08203125
0 0.340625 0.0625 0.06015625 0.0625
0 0.2890625 0.02109375 0.06875 0.0421875
0 0.40234375 0.1453125 0.1140625 0.1375
0 0.128125 0.3984375 0.115625 0.040625
0 0.05078125 0.36328125 0.1015625 0.1109375
0 0.959375 0.04921875 0.08125 0.0984375
0 0.60390625 0.0265625 0.0734375 0.053125
0 0.565625 0.365625 0.0484375 0.05078125
0 0.69453125 0.39296875 0.0578125 0.0515625
0 0.98203125 0.346875 0.0359375 0.0375
0 0.91484375 0.33828125 0.05546875 0.04296875
0 0.875 0.23359375 0.053125 0.06015625
0 0.8 0.32265625 0.053125 0.071875
0 0.53828125 0.2734375 0.03125 0.03828125
0 0.50859375 0.23828125 0.0359375 0.0453125
0 0.58984375 0.26015625 0.021875 0.040625
0 0.66953125 0.1265625 0.02890625 0.0359375
0 0.70078125 0.0234375 0.03359375 0.03359375
0 0.8484375 0.0953125 0.03828125 0.04296875
0 0.28359375 0.43515625 0.1171875 0.0328125
0 0.25546875 0.48671875 0.1453125 0.1359375
0 0.27109375 0.628125 0.15390625 0.15390625
0 0.1640625 0.61015625 0.09375 0.10078125
0 0.3046875 0.82890625 0.1078125 0.1109375
0 0.0296875 0.85625 0.059375 0.103125
0 0.0296875 0.52734375 0.059375 0.1703125
0 0.0453125 0.95390625 0.090625 0.0921875
0 0.153125 0.99140625 0.071875 0.0171875
0 0.22265625 0.87890625 0.071875 0.071875
0 0.23125 0.9390625 0.053125 0.053125
0 0.94765625 0.7 0.05078125 0.04296875
0 0.81953125 0.51484375 0.053125 0.0484375