0 0.2296875 0.15078125 0.140625 0.2734375
0 0.0765625 0.0984375 0.153125 0.196875
0 0.96484375 0.16875 0.0703125 0.0625
0 0.87578125 0.2234375 0.06953125 0.0625
0 0.70234375 0.31015625 0.0765625 0.07421875
0 0.55703125 0.228125 0.2140625 0.19453125
0 0.81015625 0.05 0.1234375 0.1
0 0.7375 0.13828125 0.06015625 0.05546875
0 0.13203125 0.77109375 0.10546875 0.12734375
0 0.10078125 0.59296875 0.084375 0.0796875
0 0.27265625 0.6125 0.0546875 0.05
0 0.04765625 0.7828125 0.0671875 0.071875
0 0.01015625 0.525 0.0203125 0.040625
0 0.03671875 0.47734375 0.053125 0.05546875
0 0.41953125 0.546875 0.2390625 0.334375
0 0.73203125 0.5546875 0.3453125 0.35
0 0.53203125 0.45078125 0.11796875 0.0671875
0 0.31484375 0.9828125 0.0296875 0.034375
0 0.68125 0.86875 0.0890625 0.09140625
0 0.9546875 0.96953125 0.06875 0.0609375