0 0.25546875 0.2546875 0.0671875 0.13125
0 0.25625 0.3796875 0.065625 0.165625
0 0.0296875 0.153125 0.059375 0.0625
0 0.10625 0.52734375 0.0625 0.0578125
0 0.18515625 0.5015625 0.0578125 0.07421875
0 0.0765625 0.58046875 0.06875 0.0578125
0 0.26171875 0.58203125 0.0546875 0.0546875
0 0.08203125 0.02265625 0.0578125 0.0453125
0 0.7734375 0.58125 0.053125 0.05625
0 0.58828125 0.57421875 0.1828125 0.0703125
0 0.396875 0.54453125 0.11796875 0.11796875
0 0.36328125 0.26015625 0.1484375 0.2234375
0 0.46796875 0.28046875 0.08203125 0.09609375
0 0.92109375 0.09140625 0.1421875 0.13671875
0 0.990625 0.14609375 0.01875 0.0671875
0 0.98125 0.23359375 0.0375 0.0671875
0 0.50390625 0.09453125 0.1734375 0.1890625
0 0.678125 0.1328125 0.0671875 0.0796875
0 0.4125 0.4609375 0.0765625 0.071875
0 0.9921875 0.41640625 0.015625 0.0578125
0 0.1984375 0.85546875 0.1109375 0.05546875
0 0.1765625 0.7234375 0.07421875 0.071875
0 0.16875 0.9890625 0.053125 0.021875
0 0.98515625 0.6296875 0.0296875 0.040625
0 0.98984375 0.66875 0.0203125 0.09375
0 0.95859375 0.771875 0.06015625 0.03828125
0 0.92578125 0.89609375 0.06484375 0.06015625
0 0.88203125 0.965625 0.0578125 0.06875
0 0.4875 0.975 0.071875 0.05
0 0.39921875 0.8875 0.0625 0.06015625
0 0.34375 0.79765625 0.0625 0.0578125
0 0.32578125 0.6734375 0.0734375 0.128125
0 0.49296875 0.8515625 0.07421875 0.0625
0 0.578125 0.77734375 0.0796875 0.071875
0 0.74765625 0.7890625 0.06484375 0.06953125
0 0.8296875 0.76484375 0.0625 0.053125
0 0.9125 0.6625 0.053125 0.0578125
0 0.69765625 0.61640625 0.0671875 0.0140625
0 0.565625 0.671875 0.15625 0.125
0 0.4453125 0.675 0.040625 0.0578125
0 0.828125 0.8203125 0.0578125 0.0484375