0 0.43359375 0.44140625 0.0328125 0.1171875
0 0.434375 0.3234375 0.03125 0.165625
0 0.04765625 0.259375 0.0625 0.06015625
0 0.3015625 0.17734375 0.0625 0.0578125
0 0.38046875 0.203125 0.0578125 0.07421875
0 0.27265625 0.1171875 0.06953125 0.06953125
0 0.43984375 0.11640625 0.0203125 0.0671875
0 0.1234375 0.06796875 0.0578125 0.0625
0 0.715625 0.0171875 0.084375 0.034375
0 0.53984375 0.0390625 0.1421875 0.078125
0 0.56953125 0.19453125 0.1609375 0.1609375
0 0.48046875 0.4046875 0.0609375 0.09375
0 0.6 0.45859375 0.103125 0.0828125
0 0.67109375 0.46640625 0.0859375 0.0671875
0 0.65625 0.37265625 0.07421875 0.07421875
0 0.7234375 0.39765625 0.0671875 0.0671875
0 0.95 0.12421875 0.1 0.1359375
0 0.96015625 0.07578125 0.0796875 0.1515625
0 0.8921875 0.196875 0.10078125 0.09609375
0 0.7546875 0.228125 0.08671875 0.08671875
0 0.49375 0.078125 0.05078125 0.05078125
0 0.48359375 0.1234375 0.05546875 0.05546875
0 0.4828125 0.171875 0.065625 0.075
0 0.35390625 0.83046875 0.15859375 0.1609375
0 0.40390625 0.73203125 0.0921875 0.1359375
0 0.2703125 0.59921875 0.240625 0.1984375
0 0.0515625 0.63828125 0.103125 0.1078125
0 0.021875 0.90390625 0.04375 0.1140625
0 0.046875 0.8 0.09375 0.115625
0 0.1046875 0.83359375 0.06015625 0.06015625
0 0.0921875 0.8828125 0.07421875 0.0765625
0 0.20234375 0.9578125 0.0671875 0.06953125
0 0.28359375 0.9578125 0.0859375 0.084375
0 0.29140625 0.96484375 0.1703125 0.0703125
0 0.434375 0.946875 0.03125 0.10625
0 0.39296875 0.53984375 0.1140625 0.0796875
0 0.1765625 0.9921875 0.059375 0.015625
0 0.62578125 0.86640625 0.3421875 0.2671875
0 0.73828125 0.53671875 0.1015625 0.0734375
0 0.965625 0.91796875 0.06875 0.0703125
0 0.978125 0.8578125 0.04375 0.053125
0 0.91953125 0.51171875 0.0578125 0.0234375