0 0.16484375 0.046875 0.06953125 0.06015625
0 0.0828125 0.1875 0.0765625 0.0671875
0 0.34140625 0.103125 0.115625 0.13671875
0 0.25234375 0.08671875 0.06484375 0.0765625
0 0.31796875 0.228125 0.1515625 0.1625
0 0.60546875 0.01484375 0.0734375 0.0296875
0 0.89140625 0.0328125 0.1328125 0.065625
0 0.759375 0.10390625 0.1 0.2078125
0 0.9890625 0.071875 0.021875 0.059375
0 0.859375 0.26875 0.084375 0.08125
0 0.4578125 0.9546875 0.0796875 0.06484375
0 0.021875 0.95390625 0.04375 0.0640625
0 0.0421875 0.84140625 0.0625 0.06484375
0 0.01875 0.78515625 0.0375 0.0671875
0 0.23203125 0.40390625 0.0578125 0.06015625
0 0.63984375 0.33984375 0.0765625 0.0609375
0 0.91796875 0.428125 0.1640625 0.2375
0 0.7609375 0.3640625 0.0875 0.109375
0 0.81171875 0.70078125 0.2015625 0.21640625
0 0.80703125 0.9453125 0.1203125 0.109375
0 0.965625 0.90234375 0.0453125 0.0453125
0 0.946875 0.8546875 0.040625 0.040625
0 0.87578125 0.84375 0.053125 0.05546875
0 0.9109375 0.9234375 0.03359375 0.0484375