0 0.21484375 0.0453125 0.0984375 0.090625
0 0.240625 0.13515625 0.071875 0.06015625
0 0.32734375 0.27578125 0.08203125 0.0671875
0 0.3921875 0.5390625 0.115625 0.040625
0 0.3171875 0.5125 0.08203125 0.0890625
0 0.1890625 0.5265625 0.103125 0.065625
0 0.0578125 0.190625 0.115625 0.1375
0 0.14921875 0.175 0.0671875 0.0765625
0 0.08046875 0.3203125 0.15859375 0.1703125
0 0.05078125 0.52890625 0.0765625 0.0609375
0 0.67421875 0.55 0.0765625 0.01875
0 0.9140625 0.5375 0.053125 0.04375
0 0.765625 0.04609375 0.14375 0.0921875
0 0.678125 0.07578125 0.05078125 0.071875
0 0.6859375 0.1703125 0.07421875 0.071875
0 0.571875 0.0671875 0.0890625 0.06953125
0 0.9890625 0.0625 0.021875 0.084375
0 0.4625 0.20625 0.025 0.103125
0 0.60625 0.3015625 0.0578125 0.06484375
0 0.67109375 0.36640625 0.06015625 0.0625
0 0.02421875 0.88828125 0.0484375 0.1078125
0 0.18125 0.77890625 0.31484375 0.37265625
0 0.14765625 0.6328125 0.08203125 0.08671875
0 0.4328125 0.70625 0.034375 0.071875
0 0.34609375 0.91875 0.0625 0.0765625
0 0.39453125 0.84140625 0.1109375 0.3171875
0 0.84375 0.9859375 0.125 0.028125
0 0.5328125 0.875 0.165625 0.25
0 0.740625 0.590625 0.103125 0.0625
0 0.7890625 0.63046875 0.09375 0.0984375
0 0.815625 0.72265625 0.0984375 0.10078125
0 0.9296875 0.81015625 0.1109375 0.11328125