0 0.38828125 0.37265625 0.1015625 0.1796875
0 0.1390625 0.39921875 0.09609375 0.09375
0 0.0421875 0.42734375 0.084375 0.1015625
0 0.1078125 0.0453125 0.08671875 0.0890625
0 0.2390625 0.00625 0.065625 0.0125
0 0.1890625 0.1546875 0.0984375 0.10078125
0 0.11953125 0.23203125 0.0890625 0.09609375
0 0.9515625 0.5640625 0.059375 0.03125
0 0.95390625 0.10625 0.0921875 0.19375
0 0.89453125 0.1984375 0.05546875 0.08203125
0 0.90625 0.38359375 0.1609375 0.15625
0 0.82109375 0.4234375 0.0578125 0.0765625
0 0.66875 0.33046875 0.0578125 0.0671875
0 0.7875 0.2859375 0.0625 0.0578125
0 0.5578125 0.25703125 0.06015625 0.06015625
0 0.5796875 0.4890625 0.05546875 0.0453125
0 0.553125 0.4375 0.05078125 0.0484375
0 0.31171875 0.72734375 0.053125 0.05546875
0 0.2125 0.753125 0.0765625 0.071875
0 0.4234375 0.72421875 0.03125 0.1109375
0 0.47578125 0.75546875 0.0734375 0.1140625
0 0.57109375 0.7203125 0.0484375 0.0453125
0 0.6046875 0.6765625 0.06953125 0.06015625