0 0.09296875 0.53125 0.0609375 0.05625
0 0.0125 0.50703125 0.025 0.0796875
0 0.0515625 0.2640625 0.05546875 0.0578125
0 0.14375 0.40859375 0.07421875 0.0671875
0 0.134375 0.0671875 0.0796875 0.09375
0 0.17109375 0.0234375 0.0859375 0.046875
0 0.40625 0.06953125 0.0625 0.05546875
0 0.67890625 0.33515625 0.10546875 0.1109375
0 0.9328125 0.24140625 0.1203125 0.12734375
0 0.76953125 0.1546875 0.2234375 0.2546875
0 0.6859375 0.040625 0.240625 0.08125
0 0.6046875 0.1765625 0.0984375 0.10078125
0 0.61640625 0.4890625 0.084375 0.08671875
0 0.57890625 0.51640625 0.1984375 0.0859375
0 0.5453125 0.34140625 0.13125 0.4359375
0 0.2640625 0.7 0.321875 0.28125
0 0.0296875 0.5984375 0.059375 0.078125
0 0.0453125 0.87578125 0.090625 0.1109375
0 0.1859375 0.859375 0.071875 0.0796875
0 0.20859375 0.978125 0.0890625 0.04375
0 0.5046875 0.58515625 0.05 0.0515625
0 0.51171875 0.8 0.05078125 0.0625
0 0.79375 0.9515625 0.0484375 0.05078125
0 0.83828125 0.859375 0.0578125 0.07421875
0 0.91875 0.7890625 0.1625 0.196875
0 0.965625 0.64375 0.06875 0.071875
0 0.9515625 0.9859375 0.0375 0.028125
0 0.71796875 0.84609375 0.0765625 0.10546875