0 0.03125 0.253125 0.05546875 0.0578125
0 0.1234375 0.10859375 0.07421875 0.0671875
0 0.1140625 0.45 0.0796875 0.09375
0 0.1515625 0.51015625 0.08671875 0.0796875
0 0.3859375 0.44765625 0.0625 0.05546875
0 0.578125 0.2390625 0.0625 0.065625
0 0.93671875 0.43515625 0.08203125 0.08203125
0 0.86796875 0.3265625 0.05546875 0.06484375
0 0.80546875 0.12578125 0.08203125 0.08671875
0 0.68046875 0.09609375 0.1109375 0.11328125
0 0.73359375 0.0125 0.0796875 0.025
0 0.68046875 0.24296875 0.1421875 0.1953125
0 0.6234375 0.61328125 0.028125 0.0671875
0 0.66875 0.57578125 0.053125 0.05546875
0 0.9171875 0.22109375 0.165625 0.4421875
0 0.89453125 0.253125 0.05546875 0.0625
0 0.14609375 0.97265625 0.0765625 0.0546875
0 0.25234375 0.959375 0.08671875 0.071875
0 0.37734375 0.975 0.1078125 0.05
0 0.59609375 0.82734375 0.0265625 0.1109375
0 0.33984375 0.7296875 0.10546875 0.10078125
0 0.27890625 0.78046875 0.0765625 0.071875
0 0.14296875 0.7046875 0.0796875 0.071875
0 0.05078125 0.75390625 0.1015625 0.1296875
0 0.48515625 0.9078125 0.0984375 0.08671875
0 0.63046875 0.7109375 0.0421875 0.084375
0 0.85 0.82578125 0.0578125 0.06484375