0 0.196875 0.29921875 0.103125 0.1015625
0 0.85 0.0140625 0.1 0.028125
0 0.603125 0.115625 0.246875 0.23125
0 0.8171875 0.1015625 0.09140625 0.08671875
0 0.753125 0.11875 0.0453125 0.05546875
0 0.9875 0.21015625 0.025 0.0734375
0 0.34453125 0.65625 0.17578125 0.1703125
0 0.4453125 0.8640625 0.06875 0.16875
0 0.3296875 0.8609375 0.0984375 0.1109375
0 0.27578125 0.90546875 0.07421875 0.07421875
0 0.13359375 0.90859375 0.1703125 0.1828125
0 0.4625 0.6328125 0.034375 0.115625
0 0.0484375 0.52890625 0.09375 0.09140625
0 0.0375 0.60625 0.075 0.28125
0 0.1328125 0.621875 0.07421875 0.0796875
0 0.11875 0.36328125 0.04375 0.0265625
0 0.31796875 0.990625 0.0578125 0.01875
0 0.72890625 0.84375 0.4515625 0.3125
0 0.57109375 0.99375 0.1578125 0.0125
0 0.5140625 0.9625 0.06875 0.075
0 0.62890625 0.86875 0.09609375 0.0984375
0 0.53359375 0.4203125 0.1078125 0.140625
0 0.6078125 0.43203125 0.09609375 0.09609375
0 0.52734375 0.75 0.0953125 0.13125
0 0.50546875 0.84921875 0.0515625 0.1359375
0 0.68828125 0.721875 0.0984375 0.1078125
0 0.85234375 0.44296875 0.08671875 0.09609375
0 0.82109375 0.36953125 0.1109375 0.0390625