0 0.06875 0.0546875 0.115625 0.109375
0 0.04296875 0.53671875 0.0859375 0.0640625
0 0.365625 0.49765625 0.103125 0.10546875
0 0.9015625 0.315625 0.196875 0.2375
0 0.80078125 0.55703125 0.0828125 0.0234375
0 0.9046875 0.1078125 0.134375 0.15625
0 0.46640625 0.68125 0.0984375 0.103125
0 0.43671875 0.76640625 0.0625 0.06015625
0 0.765625 0.5953125 0.1125 0.053125
0 0.7328125 0.65546875 0.046875 0.1078125
0 0.73359375 0.7203125 0.0484375 0.0625
0 0.7421875 0.82890625 0.065625 0.0953125
0 0.89296875 0.6875 0.09609375 0.10078125
0 0.92109375 0.609375 0.1078125 0.08125
0 0.934375 0.84765625 0.0765625 0.0796875
0 0.91015625 0.88984375 0.0984375 0.10078125
0 0.76484375 0.9859375 0.0671875 0.028125
0 0.7625 0.94609375 0.0890625 0.0890625