0 0.11484375 0.31875 0.1609375 0.08125
0 0.084375 0.26015625 0.08671875 0.084375
0 0.16171875 0.26484375 0.08203125 0.0796875
0 0.24375 0.33203125 0.071875 0.0546875
0 0.240625 0.27734375 0.0671875 0.0625
0 0.43359375 0.1375 0.0328125 0.0625
0 0.39609375 0.0703125 0.04296875 0.0453125
0 0.44140625 0.06484375 0.0171875 0.0390625
0 0.3625 0.01796875 0.175 0.0359375
0 0.5390625 0.2328125 0.12734375 0.1296875
0 0.61171875 0.30234375 0.071875 0.07421875
0 0.57578125 0.33046875 0.1109375 0.0578125
0 0.8984375 0.12578125 0.13671875 0.146875
0 0.9640625 0.26171875 0.071875 0.1640625
0 0.48125 0.20390625 0.0625 0.2953125
0 0.0421875 0.83671875 0.084375 0.1265625
0 0.16484375 0.840625 0.09375 0.0796875
0 0.11328125 0.78203125 0.0671875 0.06484375
0 0.3140625 0.7375 0.0890625 0.084375
0 0.3578125 0.59453125 0.0765625 0.08203125
0 0.42890625 0.4421875 0.0421875 0.134375
0 0.3015625 0.4453125 0.0984375 0.0984375
0 0.26953125 0.52109375 0.0765625 0.084375
0 0.08984375 0.69140625 0.05546875 0.05546875
0 0.06015625 0.4625 0.0625 0.06484375
0 0.1234375 0.4671875 0.06484375 0.06953125
0 0.27734375 0.9296875 0.1078125 0.09375
0 0.38515625 0.98046875 0.0609375 0.0390625
0 0.9859375 0.6421875 0.028125 0.103125
0 0.46328125 0.59453125 0.0265625 0.0921875