0 0.246875 0.20625 0.09375 0.09375
0 0.1921875 0.16875 0.12265625 0.12265625
0 0.03125 0.02578125 0.0625 0.0515625
0 0.3359375 0.1828125 0.065625 0.075
0 0.29765625 0.13671875 0.0625 0.0625
0 0.3375 0.13203125 0.0625 0.2265625
0 0.590625 0.38515625 0.115625 0.0890625
0 0.41484375 0.01484375 0.0921875 0.0296875
0 0.3796875 0.09453125 0.021875 0.06484375
0 0.9578125 0.4203125 0.071875 0.01875
0 0.29453125 0.49375 0.1078125 0.125
0 0.2625 0.65 0.09375 0.09140625
0 0.2046875 0.7125 0.06015625 0.0796875
0 0.1453125 0.80859375 0.12734375 0.103125
0 0.25625 0.86015625 0.0890625 0.084375
0 0.3421875 0.95703125 0.053125 0.0859375
0 0.096875 0.925 0.19375 0.15
0 0.43046875 0.64140625 0.10078125 0.09609375
0 0.378125 0.6515625 0.01875 0.1
0 0.42109375 0.753125 0.040625 0.06015625
0 0.4953125 0.728125 0.02890625 0.0453125
0 0.3953125 0.80859375 0.04296875 0.05546875