0 0.20078125 0.16328125 0.3578125 0.3265625
0 0.07578125 0.4359375 0.1515625 0.20625
0 0.18671875 0.4765625 0.103125 0.09140625
0 0.20234375 0.515625 0.0984375 0.046875
0 0.9484375 0.31328125 0.103125 0.1828125
0 0.9375 0.4640625 0.125 0.15
0 0.4515625 0.5125 0.125 0.053125
0 0.56953125 0.4625 0.0796875 0.08203125
0 0.6109375 0.3109375 0.10078125 0.10078125
0 0.57890625 0.14609375 0.0796875 0.08671875
0 0.77265625 0.1 0.2546875 0.2
0 0.70625 0.5015625 0.084375 0.075
0 0.45390625 0.33359375 0.071875 0.06953125
0 0.4703125 0.090625 0.1109375 0.15625
0 0.3984375 0.0640625 0.0375 0.128125
0 0.3234375 0.5609375 0.1125 0.04375
0 0.21796875 0.58671875 0.1828125 0.0953125
0 0.10078125 0.72578125 0.115625 0.12265625
0 0.15859375 0.8625 0.0671875 0.06953125
0 0.11640625 0.91484375 0.08671875 0.09609375
0 0.30859375 0.746875 0.1421875 0.1625
0 0.8015625 0.71796875 0.284375 0.3578125
0 0.40390625 0.84765625 0.0484375 0.0765625
0 0.85625 0.97265625 0.0625 0.0546875
0 0.9421875 0.9703125 0.06484375 0.053125
0 0.7125 0.91875 0.07421875 0.07421875