0 0.12578125 0.04765625 0.1015625 0.0953125
0 0.49609375 0.26171875 0.053125 0.05546875
0 0.578125 0.265625 0.0796875 0.0671875
0 0.72578125 0.15 0.0796875 0.09140625
0 0.790625 0.2390625 0.03359375 0.03828125
0 0.828125 0.14609375 0.0484375 0.05546875
0 0.90703125 0.0734375 0.06484375 0.0578125
0 0.34453125 0.01953125 0.0671875 0.0390625
0 0.33671875 0.21875 0.0953125 0.2
0 0.67265625 0.30859375 0.0453125 0.0203125
0 0.690625 0.26171875 0.0453125 0.0453125
0 0.696875 0.03828125 0.0578125 0.0578125
0 0.21640625 0.32890625 0.0546875 0.0203125
0 0.01328125 0.38828125 0.0265625 0.0734375
0 0.24140625 0.4328125 0.0796875 0.06484375
0 0.26640625 0.4703125 0.0453125 0.059375
0 0.1625 0.71640625 0.06953125 0.071875
0 0.23203125 0.75390625 0.1078125 0.146875
0 0.1625 0.86328125 0.0890625 0.06953125
0 0.06953125 0.93359375 0.09609375 0.125
0 0.0375 0.56015625 0.075 0.0765625
0 0.16484375 0.48671875 0.06484375 0.0625
0 0.8046875 0.934375 0.26875 0.13125
0 0.4921875 0.94453125 0.096875 0.1109375
0 0.46484375 0.76640625 0.0765625 0.08671875
0 0.98515625 0.5984375 0.0296875 0.1125
0 0.91796875 0.57578125 0.06015625 0.08671875
0 0.70546875 0.34375 0.1203125 0.05
0 0.3109375 0.33359375 0.04375 0.0296875
0 0.71875 0.77265625 0.0625 0.0625
0 0.628125 0.78828125 0.06484375 0.05546875
0 0.8796875 0.82421875 0.071875 0.0796875
0 0.41640625 0.96640625 0.0609375 0.0671875
0 0.37109375 0.69453125 0.04296875 0.04296875
0 0.40625 0.64296875 0.0484375 0.06015625
0 0.425 0.4828125 0.0484375 0.0671875