0 0.38515625 0.4640625 0.2859375 0.309375
0 0.49375 0.12109375 0.071875 0.0796875
0 0.496875 0.04765625 0.065625 0.0796875
0 0.07578125 0.11015625 0.0890625 0.08671875
0 0.01015625 0.60390625 0.0203125 0.0296875
0 0.64921875 0.571875 0.0625 0.06015625
0 0.82265625 0.2796875 0.06953125 0.0625
0 0.72109375 0.259375 0.06953125 0.06953125
0 0.9765625 0.6046875 0.046875 0.028125
0 0.96953125 0.1046875 0.0609375 0.071875
0 0.8796875 0.13671875 0.0578125 0.071875
0 0.60234375 0.171875 0.06015625 0.05546875
0 0.5734375 0.0765625 0.0578125 0.0578125
0 0.50078125 0.9328125 0.0578125 0.121875
0 0.33046875 0.671875 0.0625 0.0625
0 0.2484375 0.9625 0.053125 0.07421875
0 0.10625 0.984375 0.084375 0.03125
0 0.0125 0.87109375 0.025 0.0671875
0 0.69453125 0.63984375 0.0921875 0.0421875
0 0.88125 0.89453125 0.06484375 0.06953125
0 0.85234375 0.78046875 0.06015625 0.05546875
0 0.91484375 0.76484375 0.05078125 0.0484375
0 0.6984375 0.8609375 0.0484375 0.040625
0 0.57578125 0.825 0.0484375 0.03828125
0 0.54609375 0.8421875 0.0328125 0.04375