0 0.0953125 0.39453125 0.190625 0.2296875
0 0.26953125 0.09609375 0.0890625 0.08203125
0 0.40078125 0.48671875 0.0421875 0.0453125
0 0.425 0.01171875 0.05625 0.0234375
0 0.44765625 0.121875 0.0421875 0.053125
0 0.4921875 0.04296875 0.046875 0.0828125
0 0.5515625 0.03671875 0.084375 0.0734375
0 0.60859375 0.0375 0.0828125 0.075
0 0.709375 0.02265625 0.08125 0.0453125
0 0.971875 0.03046875 0.05625 0.0609375
0 0.971875 0.20390625 0.05625 0.0703125
0 0.70859375 0.27734375 0.18046875 0.209375
0 0.60546875 0.259375 0.06953125 0.07421875
0 0.53828125 0.3546875 0.1390625 0.165625
0 0.6078125 0.43671875 0.06953125 0.09140625
0 0.62890625 0.49921875 0.0640625 0.0203125
0 0.7859375 0.46796875 0.071875 0.0828125
0 0.9875 0.471875 0.025 0.075
0 0.96484375 0.3484375 0.05546875 0.0625
0 0.84609375 0.07734375 0.0484375 0.05078125
0 0.81953125 0.33125 0.06484375 0.06484375
0 0.74453125 0.1140625 0.06015625 0.0671875
0 0.22890625 0.9796875 0.0421875 0.040625
0 0.33203125 0.88359375 0.1078125 0.1109375
0 0.225 0.7578125 0.1109375 0.12734375
0 0.12421875 0.81015625 0.06484375 0.0671875
0 0.07578125 0.80546875 0.053125 0.04296875
0 0.0140625 0.5203125 0.028125 0.021875
0 0.3140625 0.52265625 0.071875 0.0265625
0 0.30078125 0.59375 0.05078125 0.0453125
0 0.44140625 0.90546875 0.05078125 0.0625
0 0.97265625 0.63671875 0.0546875 0.1515625
0 0.96015625 0.85234375 0.0796875 0.1484375
0 0.79296875 0.9375 0.08671875 0.0671875
0 0.525 0.89296875 0.084375 0.084375
0 0.478125 0.9125 0.01875 0.09375
0 0.59140625 0.684375 0.2453125 0.35
0 0.8375 0.5875 0.16875 0.15625