0 0.23984375 0.1203125 0.09375 0.09140625
0 0.4390625 0.0421875 0.0578125 0.06953125
0 0.4296875 0.203125 0.05078125 0.06015625
0 0.5 0.1421875 0.0375 0.065625
0 0.64140625 0.25078125 0.2453125 0.2640625
0 0.86328125 0.0921875 0.1390625 0.13671875
0 0.98515625 0.20703125 0.0296875 0.1203125
0 0.95703125 0.29765625 0.0859375 0.1078125
0 0.77890625 0.396875 0.1609375 0.10625
0 0.13515625 0.6 0.2703125 0.3
0 0.065625 0.7453125 0.09375 0.09609375
0 0.10859375 0.9734375 0.0796875 0.053125
0 0.17734375 0.89296875 0.1515625 0.1515625
0 0.309375 0.8453125 0.1109375 0.1109375
0 0.32734375 0.7796875 0.06015625 0.0625
0 0.290625 0.75390625 0.0671875 0.0671875
0 0.29140625 0.6875 0.103125 0.103125
0 0.484375 0.96875 0.06875 0.0625
0 0.49140625 0.89609375 0.0546875 0.0921875
0 0.6484375 0.4578125 0.0875 0.015625
0 0.53671875 0.82890625 0.0359375 0.0953125
0 0.54453125 0.74921875 0.0515625 0.0765625
0 0.8609375 0.8796875 0.103125 0.11796875
0 0.834375 0.80546875 0.09140625 0.0890625
0 0.87890625 0.70546875 0.05078125 0.053125
0 0.73125 0.71171875 0.05078125 0.05078125
0 0.54453125 0.653125 0.0515625 0.053125
0 0.5390625 0.5984375 0.040625 0.071875
0 0.95 0.4890625 0.084375 0.078125
0 0.81171875 0.4671875 0.0390625 0.034375