0 0.22578125 0.16015625 0.3421875 0.3203125
0 0.028125 0.35078125 0.05625 0.0890625
0 0.0125 0.4015625 0.025 0.0875
0 0.33828125 0.51953125 0.1015625 0.0796875
0 0.640625 0.15234375 0.14921875 0.1421875
0 0.70078125 0.06328125 0.1703125 0.1265625
0 0.56484375 0.071875 0.1109375 0.14375
0 0.9296875 0.17578125 0.140625 0.1703125
0 0.7921875 0.22890625 0.0578125 0.08203125
0 0.56171875 0.359375 0.06953125 0.0625
0 0.3 0.97578125 0.10625 0.0484375
0 0.015625 0.66171875 0.03125 0.0703125
0 0.29609375 0.70703125 0.0765625 0.0796875
0 0.31640625 0.85859375 0.084375 0.07421875
0 0.37578125 0.7453125 0.06015625 0.0625
0 0.32578125 0.5828125 0.0765625 0.046875
0 0.23984375 0.58203125 0.0671875 0.0453125
0 0.01796875 0.91953125 0.0359375 0.0984375
0 0.13515625 0.86796875 0.11796875 0.115625
0 0.4140625 0.840625 0.0625 0.0578125
0 0.4171875 0.7921875 0.0578125 0.053125
0 0.92109375 0.74609375 0.1578125 0.1703125
0 0.66484375 0.60703125 0.1109375 0.0953125
0 0.7859375 0.68984375 0.103125 0.125
0 0.584375 0.93984375 0.04296875 0.0765625