0 0.07421875 0.45078125 0.1484375 0.1671875
0 0.25625 0.31484375 0.0578125 0.0453125
0 0.19375 0.43125 0.0359375 0.0484375
0 0.35703125 0.50703125 0.05546875 0.06015625
0 0.240625 0.546875 0.10078125 0.0625
0 0.32109375 0.6671875 0.0796875 0.065625
0 0.29921875 0.01484375 0.0484375 0.0296875
0 0.0671875 0.2703125 0.0765625 0.06015625
0 0.0203125 0.621875 0.040625 0.04375
0 0.659375 0.3796875 0.10078125 0.1109375
0 0.73125 0.29140625 0.071875 0.07421875
0 0.69296875 0.2484375 0.0765625 0.0796875
0 0.76015625 0.19765625 0.0671875 0.07421875
0 0.8421875 0.23046875 0.0796875 0.07421875
0 0.88125 0.13671875 0.0890625 0.10078125
0 0.79765625 0.11171875 0.071875 0.07421875
0 0.72265625 0.03828125 0.0671875 0.0765625
0 0.54609375 0.07421875 0.0796875 0.08203125
0 0.6078125 0.02421875 0.075 0.0484375
0 0.43359375 0.625 0.0484375 0.071875
0 0.51171875 0.55859375 0.04296875 0.06015625
0 0.6734375 0.52265625 0.06953125 0.071875
0 0.8109375 0.5046875 0.12265625 0.165625
0 0.928125 0.01171875 0.053125 0.0234375
0 0.5375 0.2953125 0.0578125 0.0578125
0 0.28984375 0.74921875 0.05078125 0.04296875
0 0.403125 0.93671875 0.0125 0.0484375
0 0.01640625 0.89921875 0.0328125 0.0359375
0 0.02578125 0.94609375 0.02890625 0.03359375
0 0.88515625 0.76171875 0.1109375 0.11328125
0 0.64765625 0.73515625 0.0859375 0.0703125
0 0.50390625 0.96640625 0.1109375 0.0671875