0 0.0546875 0.39453125 0.103125 0.10078125
0 0.1453125 0.44765625 0.09609375 0.103125
0 0.165625 0.26953125 0.115625 0.12734375
0 0.025 0.26796875 0.05 0.0921875
0 0.04296875 0.178125 0.06484375 0.0765625
0 0.096875 0.16796875 0.06953125 0.0796875
0 0.121875 0.084375 0.09375 0.0890625
0 0.33359375 0.2203125 0.08671875 0.11328125
0 0.434375 0.32109375 0.05 0.0828125
0 0.40078125 0.08203125 0.08671875 0.0796875
0 0.2890625 0.115625 0.05078125 0.0453125
0 0.01640625 0.0578125 0.0328125 0.04375
0 0.3296875 0.05625 0.03828125 0.04296875
0 0.6625 0.13515625 0.08671875 0.08671875
0 0.65234375 0.00703125 0.0609375 0.0140625
0 0.57734375 0.21015625 0.2359375 0.2046875
0 0.87734375 0.33828125 0.125 0.12265625
0 0.9375 0.0578125 0.0625 0.06953125
0 0.88984375 0.0234375 0.0828125 0.046875
0 0.7609375 0.1734375 0.0765625 0.071875
0 0.78359375 0.0828125 0.071875 0.0625
0 0.48515625 0.35390625 0.0515625 0.0453125
0 0.578125 0.365625 0.03828125 0.0359375
0 0.78125 0.5125 0.03359375 0.0453125
0 0.9546875 0.44765625 0.0625 0.0484375
0 0.9234375 0.12421875 0.053125 0.04296875
0 0.94140625 0.18984375 0.06015625 0.0578125
0 0.871875 0.2078125 0.04296875 0.040625
0 0.37109375 0.98046875 0.0890625 0.0390625
0 0.44375 0.90625 0.03125 0.0875
0 0.315625 0.9046875 0.06484375 0.0671875
0 0.32265625 0.778125 0.0890625 0.084375
0 0.4359375 0.6953125 0.046875 0.0625
0 0.9046875 0.58125 0.096875 0.084375
0 0.6765625 0.7890625 0.08203125 0.08203125
0 0.48046875 0.8890625 0.0421875 0.065625
0 0.8140625 0.809375 0.05078125 0.05078125
0 0.9265625 0.653125 0.0578125 0.03828125
0 0.990625 0.715625 0.01875 0.053125
0 0.834375 0.8734375 0.03828125 0.03359375