0 0.209375 0.4953125 0.0625 0.028125
0 0.35 0.3296875 0.0375 0.053125
0 0.31953125 0.4640625 0.040625 0.04296875
0 0.1484375 0.32578125 0.053125 0.0671875
0 0.040625 0.35625 0.08125 0.1
0 0.07890625 0.23125 0.09140625 0.09140625
0 0.33515625 0.14375 0.0578125 0.0578125
0 0.24375 0.0328125 0.03359375 0.040625
0 0.04140625 0.140625 0.06484375 0.0765625
0 0.0109375 0.13046875 0.021875 0.0796875
0 0.1078125 0.0171875 0.0375 0.034375
0 0.06953125 0.02109375 0.0390625 0.0421875
0 0.73046875 0.175 0.32421875 0.32421875
0 0.72109375 0.01953125 0.1921875 0.0390625
0 0.6640625 0.40859375 0.1703125 0.1703125
0 0.48828125 0.31484375 0.2390625 0.2734375
0 0.3765625 0.3015625 0.015625 0.146875
0 0.97109375 0.01328125 0.0578125 0.0265625
0 0.0265625 0.65 0.053125 0.10625
0 0.1 0.59453125 0.07421875 0.0671875
0 0.309375 0.70078125 0.11875 0.1109375
0 0.13671875 0.9859375 0.0796875 0.028125
0 0.19375 0.753125 0.08671875 0.09375
0 0.26640625 0.7953125 0.08671875 0.084375
0 0.8609375 0.96171875 0.25 0.0765625
0 0.7859375 0.95078125 0.06953125 0.06953125
0 0.97421875 0.7484375 0.0515625 0.084375
0 0.390625 0.73671875 0.04375 0.0796875
0 0.421875 0.8375 0.10625 0.071875
0 0.60625 0.8796875 0.0796875 0.08203125