0 0.084375 0.06953125 0.13125 0.1390625
0 0.2421875 0.0484375 0.103125 0.096875
0 0.43515625 0.21796875 0.03828125 0.0453125
0 0.128125 0.4859375 0.08671875 0.09140625
0 0.01953125 0.42265625 0.0390625 0.0640625
0 0.1984375 0.43203125 0.03359375 0.0484375
0 0.21953125 0.13984375 0.07421875 0.084375
0 0.1671875 0.15859375 0.08203125 0.0890625
0 0.1546875 0.24453125 0.10546875 0.10078125
0 0.46796875 0.3140625 0.0421875 0.090625
0 0.3046875 0.25625 0.0453125 0.0484375
0 0.265625 0.2546875 0.0453125 0.0484375
0 0.38125 0.5328125 0.071875 0.071875
0 0.34453125 0.475 0.0796875 0.09375
0 0.3796875 0.3546875 0.05078125 0.05078125
0 0.25703125 0.53515625 0.05078125 0.05078125
0 0.79609375 0.390625 0.0796875 0.0984375
0 0.67109375 0.3125 0.0578125 0.0625
0 0.259375 0.684375 0.08671875 0.0890625
0 0.30625 0.88203125 0.1390625 0.1421875
0 0.140625 0.94765625 0.103125 0.1046875
0 0.11640625 0.97265625 0.1296875 0.0546875
0 0.02421875 0.93828125 0.0484375 0.1234375
0 0.0921875 0.78828125 0.08671875 0.08671875
0 0.1578125 0.79375 0.09609375 0.09375
0 0.15234375 0.85859375 0.09140625 0.09375
0 0.56328125 0.96875 0.03828125 0.02890625
0 0.69453125 0.96640625 0.0609375 0.0671875
0 0.96171875 0.95234375 0.0765625 0.0953125
0 0.82578125 0.98984375 0.0546875 0.0203125
0 0.790625 0.79375 0.1296875 0.13203125
0 0.725 0.6796875 0.178125 0.17578125
0 0.575 0.621875 0.0796875 0.08203125
0 0.85625 0.64921875 0.06015625 0.05546875
0 0.940625 0.86953125 0.11875 0.0609375
0 0.94140625 0.78125 0.1078125 0.071875
0 0.98515625 0.8109375 0.0296875 0.040625
0 0.97578125 0.66640625 0.0484375 0.0421875
0 0.925 0.61484375 0.03828125 0.03359375
0 0.52734375 0.7765625 0.0671875 0.0484375