0 0.446875 0.01875 0.034375 0.0375
0 0.40078125 0.0375 0.05078125 0.06015625
0 0.11015625 0.046875 0.05546875 0.0484375
0 0.56015625 0.02109375 0.0484375 0.0421875
0 0.60859375 0.1421875 0.05078125 0.06953125
0 0.5234375 0.2453125 0.05546875 0.07421875
0 0.39609375 0.22265625 0.06953125 0.084375
0 0.29609375 0.2828125 0.0484375 0.034375
0 0.065625 0.23203125 0.05078125 0.08671875
0 0.009375 0.28671875 0.01875 0.0265625
0 0.70078125 0.02109375 0.0734375 0.0421875
0 0.684375 0.26015625 0.090625 0.0796875
0 0.7765625 0.2828125 0.1 0.034375
0 0.81328125 0.1140625 0.0765625 0.0796875
0 0.96484375 0.178125 0.0703125 0.06875
0 0.865625 0.15390625 0.0671875 0.0671875
0 0.946875 0.24921875 0.10625 0.1015625
0 0.49296875 0.6375 0.21171875 0.21640625
0 0.5125 0.778125 0.0890625 0.0890625
0 0.5625 0.91796875 0.153125 0.1421875
0 0.08828125 0.6984375 0.0984375 0.09609375
0 0.33515625 0.9546875 0.1140625 0.090625
0 0.2234375 0.76328125 0.11796875 0.11796875
0 0.3515625 0.5328125 0.115625 0.115625
0 0.0578125 0.41640625 0.11328125 0.1109375
0 0.6859375 0.5546875 0.09375 0.103125
0 0.7609375 0.51328125 0.0625 0.0625
0 0.92265625 0.54375 0.1390625 0.14453125
0 0.975 0.31796875 0.05 0.0359375
0 0.86875 0.81640625 0.14453125 0.1109375
0 0.79921875 0.8875 0.08203125 0.103125
0 0.83046875 0.95078125 0.0625 0.0671875
0 0.93828125 0.93984375 0.0890625 0.0625
0 0.8671875 0.98671875 0.05 0.0265625
0 0.734375 0.98515625 0.0625 0.0296875