0 0.6453125 0.115625 0.109375 0.11875
0 0.521875 0.10625 0.1828125 0.1875
0 0.37734375 0.27109375 0.1828125 0.19453125
0 0.2765625 0.3453125 0.08203125 0.0765625
0 0.234375 0.30390625 0.0796875 0.0765625
0 0.05546875 0.23125 0.08203125 0.08671875
0 0.22109375 0.17734375 0.08203125 0.0796875
0 0.071875 0.16796875 0.07421875 0.07421875
0 0.0203125 0.1296875 0.040625 0.075
0 0.078125 0.0640625 0.07421875 0.07421875
0 0.015625 0.05546875 0.03125 0.0984375
0 0.828125 0.63671875 0.084375 0.0265625
0 0.7375 0.5875 0.075 0.125
0 0.978125 0.5171875 0.04375 0.084375
0 0.9890625 0.44375 0.021875 0.09375
0 0.7234375 0.27265625 0.046875 0.1828125
0 0.74609375 0.3046875 0.0671875 0.07421875
0 0.90625 0.4078125 0.115625 0.1296875
0 0.9234375 0.15703125 0.153125 0.1640625
0 0.98125 0.20625 0.0375 0.11875
0 0.840625 0.03515625 0.221875 0.0703125
0 0.02109375 0.90546875 0.0421875 0.0640625
0 0.05546875 0.8296875 0.0578125 0.08203125
0 0.14765625 0.7125 0.0765625 0.08671875
0 0.025 0.6703125 0.05 0.040625
0 0.34375 0.7453125 0.0984375 0.10546875
0 0.45078125 0.80390625 0.071875 0.0890625
0 0.49609375 0.73671875 0.05078125 0.05078125
0 0.53984375 0.915625 0.0625 0.06484375
0 0.59375 0.990625 0.0625 0.01875
0 0.44453125 0.9546875 0.07421875 0.0671875
0 0.1890625 0.99140625 0.065625 0.0171875
0 0.10859375 0.98125 0.0578125 0.0375
0 0.76171875 0.85078125 0.06953125 0.0671875
0 0.9046875 0.91796875 0.11796875 0.103125
0 0.97265625 0.90625 0.0546875 0.0625
0 0.83046875 0.98125 0.0578125 0.0375
0 0.98828125 0.68359375 0.0234375 0.0671875
0 0.87265625 0.67265625 0.0578125 0.0453125
0 0.91171875 0.7625 0.08203125 0.06484375
0 0.88125 0.82421875 0.05546875 0.0578125
0 0.81328125 0.78828125 0.0484375 0.05546875