0 0.04921875 0.36640625 0.0984375 0.1046875
0 0.16796875 0.3546875 0.1828125 0.128125
0 0.31328125 0.21953125 0.1828125 0.19453125
0 0.4140625 0.1453125 0.08203125 0.0765625
0 0.4375 0.18671875 0.04375 0.0765625
0 0.44375 0.31328125 0.03125 0.0796875
0 0.95546875 0.1375 0.0890625 0.084375
0 0.9453125 0.23984375 0.109375 0.1015625
0 0.81875 0.321875 0.1109375 0.1078125
0 0.76796875 0.3921875 0.0921875 0.053125
0 0.95390625 0.3703125 0.0921875 0.096875
0 0.0171875 0.73046875 0.034375 0.0921875
0 0.1296875 0.671875 0.16328125 0.14921875
0 0.21796875 0.8125 0.1203125 0.13203125
0 0.4015625 0.85078125 0.115625 0.2984375
0 0.28359375 0.934375 0.103125 0.10078125
0 0.3484375 0.93515625 0.05546875 0.06015625
0 0.0640625 0.53125 0.0671875 0.0671875
0 0.19296875 0.45703125 0.1078125 0.0765625
0 0.91015625 0.6265625 0.12734375 0.13203125
0 0.8140625 0.7890625 0.084375 0.09375
0 0.7015625 0.87421875 0.09375 0.10546875
0 0.6078125 0.93046875 0.07421875 0.0671875
0 0.5703125 0.5171875 0.0796875 0.071875
0 0.909375 0.42890625 0.05625 0.0203125
0 0.95078125 0.43984375 0.0609375 0.0421875
0 0.6484375 0.484375 0.06953125 0.0671875
0 0.5140625 0.771875 0.08671875 0.09375
0 0.471875 0.7296875 0.025 0.084375