0 0.49609375 0.36640625 0.1234375 0.1046875
0 0.378125 0.39921875 0.059375 0.0390625
0 0.3609375 0.35390625 0.0578125 0.05078125
0 0.23984375 0.21953125 0.0578125 0.06015625
0 0.4046875 0.24453125 0.0578125 0.05546875
0 0.28203125 0.1734375 0.053125 0.053125
0 0.23984375 0.11484375 0.053125 0.053125
0 0.33125 0.0921875 0.053125 0.053125
0 0.253125 0.0453125 0.06953125 0.0671875
0 0.3734375 0.00859375 0.071875 0.0171875
0 0.934375 0.13125 0.09375 0.09140625
0 0.75703125 0.27421875 0.0671875 0.071875
0 0.19296875 0.94609375 0.1234375 0.1078125
0 0.23359375 0.85859375 0.10546875 0.10546875
0 0.56875 0.9671875 0.134375 0.065625
0 0.45703125 0.7296875 0.13203125 0.165625
0 0.47265625 0.43359375 0.1109375 0.0296875
0 0.10625 0.571875 0.1109375 0.1109375
0 0.1953125 0.509375 0.0625 0.0765625
0 0.05 0.684375 0.08203125 0.0796875
0 0.08671875 0.75625 0.07421875 0.06953125
0 0.3125 0.43046875 0.071875 0.0234375
0 0.64140625 0.49296875 0.0171875 0.0609375
0 0.50390625 0.609375 0.06953125 0.06953125
0 0.303125 0.60625 0.0625 0.0578125
0 0.68671875 0.9203125 0.06953125 0.0796875
0 0.6859375 0.82109375 0.071875 0.0953125
0 0.878125 0.4671875 0.06484375 0.084375
0 0.83203125 0.80859375 0.0796875 0.06953125