0 0.18828125 0.02265625 0.0671875 0.0453125
0 0.25859375 0.05234375 0.071875 0.0796875
0 0.490625 0.19921875 0.22578125 0.2859375
0 0.30234375 0.15859375 0.08671875 0.1109375
0 0.35234375 0.4484375 0.2015625 0.121875
0 0.98125 0.09296875 0.0375 0.0796875
0 0.8765625 0.13515625 0.0671875 0.0671875
0 0.7953125 0.2109375 0.0984375 0.0796875
0 0.8296875 0.49453125 0.05625 0.0296875
0 0.94609375 0.0953125 0.04296875 0.05078125
0 0.22890625 0.96484375 0.1734375 0.0703125
0 0.0703125 0.58359375 0.071875 0.071875
0 0.234375 0.69921875 0.0984375 0.07421875
0 0.21640625 0.6140625 0.06015625 0.0765625
0 0.66796875 0.90234375 0.0578125 0.0671875
0 0.85703125 0.97421875 0.0828125 0.0515625
0 0.95078125 0.8859375 0.0984375 0.2125
0 0.7203125 0.67265625 0.12734375 0.1609375
0 0.76640625 0.55 0.1234375 0.08125
0 0.93046875 0.52265625 0.1046875 0.0265625
0 0.8078125 0.7953125 0.0625 0.06015625