0 0.43125 0.10078125 0.0375 0.0734375
0 0.37734375 0.14453125 0.071875 0.0796875
0 0.1453125 0.29140625 0.22578125 0.2859375
0 0.33359375 0.25078125 0.08671875 0.1109375
0 0.28359375 0.509375 0.2015625 0.059375
0 0.40859375 0.021875 0.0578125 0.04375
0 0.68984375 0.48828125 0.1296875 0.1015625
0 0.978125 0.24453125 0.04375 0.1171875
0 0.8828125 0.340625 0.21171875 0.209375
0 0.79375 0.40703125 0.115625 0.11328125
0 0.62578125 0.19765625 0.084375 0.084375
0 0.54765625 0.4171875 0.103125 0.10546875
0 0.48359375 0.409375 0.0671875 0.096875
0 0.47734375 0.51875 0.0546875 0.040625
0 0.496875 0.01875 0.09375 0.0375
0 0.55625 0.05703125 0.1109375 0.10546875
0 0.6125 0.04375 0.071875 0.06953125
0 0.6796875 0.0390625 0.0765625 0.0765625
0 0.93984375 0.10390625 0.08203125 0.0765625
0 0.946875 0.07109375 0.10625 0.1203125
0 0.94453125 0.0109375 0.0671875 0.021875
0 0.2328125 0.7921875 0.21171875 0.19921875
0 0.36171875 0.7203125 0.09140625 0.09609375
0 0.3 0.88203125 0.053125 0.053125
0 0.38359375 0.9234375 0.040625 0.04296875
0 0.803125 0.87890625 0.14921875 0.1421875
0 0.74296875 0.9515625 0.1703125 0.096875
0 0.8984375 0.94296875 0.153125 0.1140625
0 0.5171875 0.85390625 0.134375 0.1703125
0 0.6515625 0.80234375 0.0578125 0.08203125
0 0.88203125 0.671875 0.06953125 0.0625