0 0.0109375 0.12890625 0.021875 0.0828125
0 0.52265625 0.28984375 0.06953125 0.06953125
0 0.58125 0.3171875 0.1421875 0.13671875
0 0.73046875 0.2328125 0.134375 0.1203125
0 0.6953125 0.12734375 0.0625 0.06484375
0 0.625 0.45390625 0.06875 0.0703125
0 0.6765625 0.46015625 0.096875 0.0578125
0 0.74921875 0.47734375 0.0921875 0.0234375
0 0.915625 0.23046875 0.07421875 0.0796875
0 0.8515625 0.19140625 0.08203125 0.0765625
0 0.828125 0.1109375 0.0765625 0.071875
0 0.3640625 0.47109375 0.0625 0.0359375
0 0.93359375 0.32578125 0.06484375 0.0625
0 0.5625 0.4171875 0.06015625 0.0578125
0 0.5234375 0.11796875 0.0453125 0.0453125
0 0.46015625 0.1828125 0.05078125 0.0484375
0 0.67578125 0.02578125 0.0671875 0.0515625
0 0.8328125 0.38125 0.04296875 0.040625
0 0.09609375 0.51640625 0.1109375 0.0546875
0 0.0671875 0.5890625 0.0625 0.06015625
0 0.05390625 0.66015625 0.0484375 0.04296875
0 0.21875 0.659375 0.1625 0.16875
0 0.1546875 0.840625 0.290625 0.31875
0 0.215625 0.503125 0.0625 0.028125
0 0.12734375 0.771875 0.0671875 0.06484375
0 0.32265625 0.63046875 0.0453125 0.0921875
0 0.3171875 0.75390625 0.034375 0.0921875
0 0.3515625 0.73359375 0.0625 0.06953125
0 0.42109375 0.71015625 0.1109375 0.11796875
0 0.4453125 0.64921875 0.06484375 0.06953125
0 0.65 0.68828125 0.7 0.3984375
0 0.73203125 0.88046875 0.2234375 0.2390625
0 0.62265625 0.91953125 0.2828125 0.1609375
0 0.5375 0.965625 0.084375 0.06875
0 0.38515625 0.90546875 0.06953125 0.071875
0 0.80625 0.98125 0.0875 0.0375
0 0.96171875 0.959375 0.0765625 0.08125
0 0.9515625 0.53515625 0.096875 0.0921875
0 0.86015625 0.75 0.08671875 0.0796875
0 0.54609375 0.6265625 0.0625 0.06484375
0 0.5609375 0.734375 0.07421875 0.07421875
0 0.92578125 0.77421875 0.053125 0.05078125