0 0.16328125 0.059375 0.0671875 0.05078125
0 0.30078125 0.05546875 0.0359375 0.0484375
0 0.09375 0.23125 0.05546875 0.06484375
0 0.1640625 0.27421875 0.053125 0.03359375
0 0.1765625 0.2421875 0.0359375 0.05078125
0 0.23515625 0.2765625 0.0578125 0.04296875
0 0.63125 0.0609375 0.08203125 0.0796875
0 0.7296875 0.17890625 0.2953125 0.28359375
0 0.834375 0.04609375 0.0578125 0.05546875
0 0.95703125 0.090625 0.0859375 0.18125
0 0.66640625 0.3953125 0.0578125 0.028125
0 0.61875 0.38125 0.0625 0.05625
0 0.70078125 0.3421875 0.0578125 0.040625
0 0.45703125 0.3890625 0.0796875 0.040625
0 0.3953125 0.1328125 0.05546875 0.05546875
0 0.48203125 0.05 0.05546875 0.0625
0 0.5515625 0.07265625 0.0453125 0.053125
0 0.35625 0.08515625 0.075 0.1703125
0 0.9875 0.34296875 0.025 0.1296875
0 0.09453125 0.64609375 0.1203125 0.1203125
0 0.15546875 0.5875 0.103125 0.10078125
0 0.3515625 0.7640625 0.065625 0.284375
0 0.4015625 0.840625 0.165625 0.228125
0 0.51171875 0.934375 0.2046875 0.13125
0 0.9515625 0.98125 0.090625 0.0375
0 0.8734375 0.87421875 0.11796875 0.11796875
0 0.8625 0.70703125 0.09375 0.0984375
0 0.75703125 0.45234375 0.3078125 0.0859375
0 0.65234375 0.6734375 0.303125 0.31953125
0 0.94140625 0.62578125 0.1171875 0.1671875