0 0.371875 0.078125 0.134375 0.15625
0 0.09453125 0.41796875 0.0890625 0.0234375
0 0.0390625 0.37734375 0.078125 0.1015625
0 0.04375 0.234375 0.0875 0.10625
0 0.021875 0.14765625 0.04375 0.0765625
0 0.59296875 0.17265625 0.0984375 0.1109375
0 0.740625 0.10234375 0.209375 0.2046875
0 0.446875 0.1578125 0.015625 0.075
0 0.5890625 0.346875 0.05078125 0.0671875
0 0.56640625 0.29296875 0.053125 0.07421875
0 0.80546875 0.24609375 0.3890625 0.3671875
0 0.38671875 0.59609375 0.1046875 0.1046875
0 0.32734375 0.83828125 0.08203125 0.08671875
0 0.2828125 0.88984375 0.0796875 0.0890625
0 0.3921875 0.915625 0.0671875 0.06953125
0 0.2328125 0.9703125 0.103125 0.059375
0 0.1703125 0.71484375 0.340625 0.5703125
0 0.52578125 0.6140625 0.06484375 0.084375
0 0.4671875 0.53515625 0.05625 0.0671875
0 0.94765625 0.98515625 0.0578125 0.0296875
0 0.978125 0.7296875 0.04375 0.134375
0 0.91875 0.68515625 0.053125 0.0671875
0 0.865625 0.7203125 0.040625 0.0484375
0 0.6921875 0.8234375 0.040625 0.053125
0 0.6140625 0.7546875 0.06015625 0.0671875
0 0.646875 0.653125 0.040625 0.0484375