0 0.1484375 0.4421875 0.034375 0.015625
0 0.10625 0.43671875 0.05625 0.0265625
0 0.0359375 0.215625 0.0671875 0.07421875
0 0.02890625 0.1328125 0.0578125 0.084375
0 0.06875 0.06015625 0.0625 0.0578125
0 0.12890625 0.11796875 0.0578125 0.053125
0 0.2453125 0.15859375 0.103125 0.1078125
0 0.3453125 0.21640625 0.09140625 0.1109375
0 0.98359375 0.175 0.0328125 0.240625
0 0.86796875 0.12578125 0.12265625 0.11796875
0 0.75859375 0.23828125 0.06015625 0.0453125
0 0.7046875 0.29765625 0.09140625 0.15859375
0 0.87890625 0.3078125 0.06015625 0.146875
0 0.97890625 0.353125 0.0421875 0.0875
0 0.5765625 0.31484375 0.015625 0.0546875
0 0.18984375 0.5 0.2453125 0.1
0 0.43984375 0.65625 0.2578125 0.3375
0 0.19375 0.8984375 0.196875 0.203125
0 0.053125 0.87421875 0.10625 0.2515625
0 0.00859375 0.54296875 0.0171875 0.0765625
0 0.00703125 0.61171875 0.0140625 0.0734375
0 0.05625 0.58515625 0.06015625 0.0765625
0 0.5359375 0.9296875 0.065625 0.09375
0 0.5984375 0.96328125 0.059375 0.0734375
0 0.77109375 0.671875 0.09140625 0.0890625
0 0.6953125 0.70546875 0.0796875 0.0671875
0 0.8765625 0.80234375 0.08671875 0.08671875
0 0.95 0.89609375 0.1 0.1109375
0 0.78671875 0.48828125 0.1203125 0.0765625
0 0.65078125 0.60703125 0.07421875 0.0765625