0 0.059375 0.33046875 0.11875 0.3703125
0 0.04921875 0.1953125 0.0984375 0.115625
0 0.55859375 0.44609375 0.0203125 0.1078125
0 0.54453125 0.30078125 0.0484375 0.0828125
0 0.43203125 0.2859375 0.15625 0.1609375
0 0.3078125 0.29453125 0.14453125 0.15625
0 0.54453125 0.01171875 0.0484375 0.0234375
0 0.0703125 0.0109375 0.065625 0.021875
0 0.01015625 0.04453125 0.0203125 0.0859375
0 0.015625 0.49921875 0.03125 0.0609375
0 0.81484375 0.50078125 0.0671875 0.0578125
0 0.68828125 0.35390625 0.0796875 0.0765625
0 0.80625 0.3265625 0.09609375 0.1203125
0 0.9140625 0.32890625 0.06015625 0.0671875
0 0.59296875 0.06640625 0.0484375 0.1328125
0 0.67421875 0.01484375 0.1234375 0.0296875
0 0.93515625 0.2171875 0.0671875 0.0625
0 0.94296875 0.165625 0.05546875 0.040625
0 0.97109375 0.084375 0.0578125 0.16875
0 0.7109375 0.28203125 0.0671875 0.05546875
0 0.9515625 0.403125 0.06484375 0.06484375
0 0.9203125 0.48359375 0.06015625 0.0484375
0 0.09453125 0.5640625 0.0828125 0.06875
0 0.175 0.63046875 0.259375 0.2015625
0 0.4140625 0.61171875 0.15 0.1640625
0 0.53046875 0.5578125 0.0765625 0.05625
0 0.4796875 0.7375 0.0765625 0.0671875
0 0.4125 0.77109375 0.071875 0.0796875
0 0.3015625 0.834375 0.0796875 0.0796875
0 0.5796875 0.9015625 0.021875 0.09375
0 0.678125 0.81171875 0.0890625 0.09609375
0 0.58125 0.7390625 0.025 0.096875
0 0.609375 0.6296875 0.08125 0.096875
0 0.6671875 0.69765625 0.0625 0.05546875
0 0.60078125 0.553125 0.0640625 0.046875
0 0.73828125 0.56796875 0.05078125 0.053125
0 0.66640625 0.5375 0.0515625 0.015625
0 0.77890625 0.67109375 0.09140625 0.0890625
0 0.84765625 0.625 0.040625 0.0453125
0 0.93515625 0.5984375 0.1296875 0.1375
0 0.9890625 0.778125 0.021875 0.0625
0 0.99140625 0.81796875 0.0171875 0.0671875
0 0.82734375 0.85 0.0453125 0.0484375
0 0.76015625 0.8140625 0.05078125 0.053125
0 0.88046875 0.88515625 0.053125 0.06484375
0 0.58828125 0.93984375 0.0390625 0.0453125
0 0.58515625 0.9640625 0.0328125 0.0625