0 0.3953125 0.090625 0.109375 0.18125
0 0.2359375 0.39375 0.06484375 0.06953125
0 0.29609375 0.315625 0.0796875 0.10078125
0 0.246875 0.3171875 0.0484375 0.06484375
0 0.4296875 0.32265625 0.040625 0.0515625
0 0.10859375 0.3734375 0.071875 0.06953125
0 0.06796875 0.43046875 0.040625 0.05078125
0 0.034375 0.25078125 0.03828125 0.040625
0 0.0484375 0.2140625 0.06484375 0.06953125
0 0.02265625 0.14140625 0.0453125 0.0484375
0 0.01484375 0.1859375 0.0296875 0.0625
0 0.35 0.18984375 0.0765625 0.0578125
0 0.946875 0.43671875 0.10625 0.0453125
0 0.84140625 0.36953125 0.09140625 0.08203125
0 0.89375 0.25 0.2125 0.290625
0 0.88046875 0.02109375 0.0640625 0.0421875
0 0.828125 0.0390625 0.06953125 0.0625
0 0.91875 0.08359375 0.0625 0.04296875
0 0.6484375 0.02734375 0.0875 0.0546875
0 0.58046875 0.296875 0.06015625 0.05546875
0 0.6765625 0.38046875 0.06015625 0.06484375
0 0.75390625 0.3578125 0.05078125 0.053125
0 0.5140625 0.34765625 0.128125 0.1796875
0 0.1203125 0.91484375 0.240625 0.1703125
0 0.26328125 0.9859375 0.1078125 0.028125
0 0.36953125 0.65078125 0.1609375 0.2046875
0 0.41015625 0.7859375 0.0796875 0.13125
0 0.18359375 0.5375 0.1453125 0.15625
0 0.16640625 0.63515625 0.06015625 0.0796875
0 0.06640625 0.51953125 0.1328125 0.1203125
0 0.39765625 0.47578125 0.0671875 0.0328125
0 0.97109375 0.55546875 0.0578125 0.0765625
0 0.98984375 0.63046875 0.0203125 0.0734375
0 0.9234375 0.71875 0.0796875 0.0796875
0 0.80859375 0.58671875 0.071875 0.0671875
0 0.70546875 0.4859375 0.0984375 0.053125
0 0.5453125 0.4953125 0.0453125 0.040625
0 0.571875 0.6734375 0.06484375 0.071875
0 0.5921875 0.778125 0.1203125 0.115625
0 0.77265625 0.8484375 0.06484375 0.06484375
0 0.7828125 0.91328125 0.053125 0.0484375
0 0.62578125 0.9125 0.0890625 0.0671875
0 0.4609375 0.88984375 0.021875 0.0578125
0 0.4875 0.9234375 0.053125 0.053125
0 0.8375 0.98203125 0.09375 0.0359375