0 0.26953125 0.07421875 0.0796875 0.0984375
0 0.29375 0.13828125 0.03125 0.1109375
0 0.2984375 0.22421875 0.021875 0.0828125
0 0.2484375 0.20703125 0.0765625 0.07421875
0 0.128125 0.23125 0.14453125 0.146875
0 0.03984375 0.23203125 0.0796875 0.1421875
0 0.253125 0.48203125 0.071875 0.0546875
0 0.77421875 0.32265625 0.4515625 0.3734375
0 0.68203125 0.23984375 0.0671875 0.08671875
0 0.6328125 0.30390625 0.06484375 0.09609375
0 0.41484375 0.4359375 0.2109375 0.146875
0 0.48203125 0.25234375 0.0671875 0.06484375
0 0.434375 0.13203125 0.06015625 0.07421875
0 0.77421875 0.41875 0.06484375 0.0765625
0 0.85390625 0.040625 0.1265625 0.08125
0 0.05546875 0.7375 0.084375 0.09375
0 0.028125 0.89921875 0.05625 0.0765625
0 0.20546875 0.9328125 0.11796875 0.11796875
0 0.98359375 0.959375 0.0328125 0.08125
0 0.82578125 0.93046875 0.134375 0.12734375
0 0.85546875 0.83359375 0.06953125 0.0625
0 0.7171875 0.92109375 0.10546875 0.1203125
0 0.59609375 0.83359375 0.071875 0.0984375
0 0.9828125 0.86953125 0.034375 0.0890625
0 0.45546875 0.8546875 0.06953125 0.05546875
0 0.50703125 0.60703125 0.0359375 0.04296875
0 0.5484375 0.6734375 0.02890625 0.02890625
0 0.7078125 0.68515625 0.0625 0.0484375
0 0.85078125 0.6421875 0.0453125 0.0484375
0 0.89921875 0.60234375 0.06015625 0.040625
0 0.97265625 0.52421875 0.0359375 0.0296875
0 0.3140625 0.75234375 0.009375 0.0359375
0 0.35078125 0.7109375 0.0359375 0.03828125
0 0.36875 0.63984375 0.0359375 0.03359375
0 0.53828125 0.96171875 0.0265625 0.03359375