0 0.5390625 0.078125 0.05546875 0.05546875
0 0.6875 0.0984375 0.025 0.059375
0 0.68515625 0.23359375 0.0296875 0.0671875
0 0.59921875 0.3015625 0.05546875 0.053125
0 0.67109375 0.4875 0.0578125 0.084375
0 0.690625 0.51796875 0.01875 0.0609375
0 0.040625 0.53203125 0.05546875 0.05546875
0 0.15625 0.3953125 0.134375 0.1390625
0 0.2890625 0.3484375 0.084375 0.0796875
0 0.38203125 0.2703125 0.05546875 0.0625
0 0.44296875 0.30625 0.05078125 0.0484375
0 0.55625 0.5390625 0.06953125 0.0671875
0 0.18359375 0.21640625 0.05546875 0.0671875
0 0.2375 0.1671875 0.05546875 0.05546875
0 0.10546875 0.23203125 0.09609375 0.09140625
0 0.45859375 0.13046875 0.11328125 0.103125
0 0.51640625 0.15625 0.0453125 0.05546875
0 0.21015625 0.00859375 0.0484375 0.0171875
0 0.06015625 0.01953125 0.0578125 0.0390625
0 0.05625 0.10546875 0.0796875 0.0765625
0 0.39375 0.40625 0.053125 0.06015625
0 0.96171875 0.36484375 0.0765625 0.1296875
0 0.89609375 0.32421875 0.0625 0.0625
0 0.84609375 0.33125 0.08671875 0.08671875
0 0.7421875 0.48046875 0.06484375 0.06484375
0 0.721875 0.50625 0.04375 0.065625
0 0.30234375 0.8046875 0.15859375 0.15859375
0 0.4234375 0.6328125 0.134375 0.10625
0 0.58359375 0.83828125 0.10078125 0.10078125
0 0.51640625 0.86953125 0.09609375 0.09609375
0 0.55546875 0.94765625 0.1421875 0.1046875
0 0.1796875 0.7578125 0.10546875 0.10546875
0 0.275 0.64140625 0.084375 0.084375
0 0.84375 0.60703125 0.06875 0.0546875
0 0.7921875 0.6234375 0.0875 0.0875
0 0.8640625 0.7390625 0.06015625 0.06953125