0 0.00546875 0.04765625 0.0109375 0.0453125
0 0.15625 0.1 0.2140625 0.1921875
0 0.36953125 0.14296875 0.0453125 0.053125
0 0.434375 0.2109375 0.0453125 0.0484375
0 0.3484375 0.36328125 0.1125 0.1109375
0 0.11328125 0.39765625 0.0421875 0.0421875
0 0.73359375 0.33125 0.1953125 0.175
0 0.91953125 0.23515625 0.1109375 0.1203125
0 0.775 0.059375 0.125 0.11875
0 0.85 0.07421875 0.0578125 0.0625
0 0.50234375 0.49453125 0.08671875 0.0890625
0 0.31015625 0.51015625 0.125 0.103125
0 0.2328125 0.44296875 0.071875 0.0484375
0 0.034375 0.45234375 0.06875 0.0671875
0 0.01328125 0.52890625 0.0265625 0.0890625
0 0.134375 0.64765625 0.13671875 0.13671875
0 0.071875 0.73671875 0.08203125 0.0984375
0 0.46796875 0.62578125 0.0890625 0.084375
0 0.43984375 0.71875 0.11796875 0.08203125
0 0.52265625 0.83046875 0.0546875 0.0640625
0 0.528125 0.94453125 0.04375 0.1109375
0 0.7921875 0.57890625 0.21171875 0.178125
0 0.66484375 0.85625 0.19921875 0.16796875
0 0.83515625 0.42890625 0.0296875 0.0203125
0 0.75390625 0.42265625 0.0328125 0.0078125
0 0.646875 0.675 0.0765625 0.06015625
0 0.9734375 0.89609375 0.053125 0.0578125
0 0.91015625 0.825 0.0578125 0.05546875
0 0.7734375 0.97265625 0.053125 0.0546875