0 0.27421875 0.66875 0.05546875 0.053125
0 0.0921875 0.67421875 0.04375 0.0515625
0 0.02890625 0.69609375 0.0390625 0.0078125
0 0.059375 0.528125 0.0625 0.06484375
0 0.159375 0.42578125 0.05546875 0.05078125
0 0.03125 0.23125 0.0625 0.084375
0 0.00703125 0.20234375 0.0140625 0.0578125
0 0.6125 0.21640625 0.09375 0.1390625
0 0.49296875 0.30078125 0.08203125 0.0796875
0 0.40703125 0.4125 0.053125 0.0625
0 0.33203125 0.38359375 0.0484375 0.0484375
0 0.153125 0.14453125 0.0671875 0.06484375
0 0.1796875 0.0359375 0.103125 0.071875
0 0.6375 0.42578125 0.04375 0.0703125
0 0.590625 0.496875 0.05546875 0.05546875
0 0.35234375 0.5890625 0.1109375 0.0984375
0 0.284375 0.5734375 0.040625 0.05546875
0 0.6484375 0.68203125 0.021875 0.0359375
0 0.36328125 0.25859375 0.0484375 0.06015625
0 0.92578125 0.1328125 0.1484375 0.240625
0 0.9546875 0.384375 0.090625 0.134375
0 0.915625 0.58515625 0.16875 0.2296875
0 0.81328125 0.4125 0.13203125 0.15390625
0 0.74765625 0.665625 0.1234375 0.06875
0 0.39453125 0.8046875 0.21171875 0.2046875
0 0.91171875 0.92734375 0.11328125 0.1203125
0 0.903125 0.746875 0.04296875 0.0578125
0 0.94609375 0.70546875 0.0484375 0.0109375
0 0.8296875 0.77734375 0.08203125 0.0765625