0 0.0171875 0.4359375 0.034375 0.053125
0 0.31015625 0.0765625 0.2453125 0.153125
0 0.5125 0.121875 0.05546875 0.06015625
0 0.5484375 0.20078125 0.021875 0.0546875
0 0.45 0.33984375 0.134375 0.1390625
0 0.31796875 0.38671875 0.084375 0.0796875
0 0.22421875 0.465625 0.05546875 0.0625
0 0.1640625 0.4296875 0.05078125 0.0484375
0 0.04921875 0.19765625 0.0671875 0.0671875
0 0.0921875 0.09765625 0.1078125 0.1078125
0 0.109375 0.0359375 0.075 0.071875
0 0.4234375 0.496875 0.053125 0.025
0 0.5015625 0.48203125 0.096875 0.0546875
0 0.2125 0.3296875 0.053125 0.06015625
0 0.6 0.2546875 0.08125 0.1
0 0.59296875 0.44765625 0.0671875 0.1109375
0 0.78828125 0.4484375 0.1390625 0.121875
0 0.2796875 0.8203125 0.559375 0.359375
0 0.44375 0.52265625 0.090625 0.0265625
0 0.7796875 0.7546875 0.440625 0.490625
0 0.8171875 0.51875 0.0875 0.01875