0 0.125 0.4 0.2140625 0.1921875
0 0.32265625 0.35625 0.0140625 0.053125
0 0.2953125 0.13203125 0.06875 0.1203125
0 0.196875 0.06015625 0.071875 0.0671875
0 0.0828125 0.09609375 0.04296875 0.053125
0 0.9359375 0.10859375 0.1109375 0.1203125
0 0.36875 0.23125 0.0765625 0.08203125
0 0.43359375 0.396875 0.13203125 0.1078125
0 0.64921875 0.53984375 0.0828125 0.0578125
0 0.91171875 0.3140625 0.0984375 0.06484375
0 0.3203125 0.77734375 0.01875 0.0578125
0 0.0578125 0.8796875 0.08203125 0.08671875
0 0.8203125 0.6765625 0.1421875 0.13671875
0 0.7859375 0.75859375 0.09140625 0.071875
0 0.58984375 0.7546875 0.103125 0.0984375
0 0.7109375 0.609375 0.165625 0.08125
0 0.46328125 0.9171875 0.0765625 0.08203125
0 0.8640625 0.96484375 0.10625 0.0703125