0 0.3546875 0.5765625 0.0484375 0.0453125
0 0.45625 0.36796875 0.046875 0.0421875
0 0.0484375 0.18984375 0.096875 0.1203125
0 0.1625 0.26171875 0.071875 0.0671875
0 0.23828125 0.3578125 0.0453125 0.05546875
0 0.3046875 0.334375 0.04296875 0.040625
0 0.45625 0.12890625 0.046875 0.0578125
0 0.4359375 0.03359375 0.0875 0.0671875
0 0.0328125 0.3703125 0.04296875 0.0578125
0 0.07578125 0.43046875 0.0484375 0.0484375
0 0.28671875 0.509375 0.0984375 0.084375
0 0.346875 0.4953125 0.0359375 0.0484375
0 0.0171875 0.59140625 0.034375 0.0359375
0 0.2765625 0.22578125 0.04296875 0.053125
0 0.80625 0.25859375 0.1390625 0.13671875
0 0.7171875 0.30078125 0.11796875 0.1203125
0 0.9375 0.2734375 0.125 0.153125
0 0.5390625 0.45 0.11875 0.13125
0 0.60859375 0.55234375 0.1203125 0.1140625
0 0.63046875 0.125 0.09609375 0.0984375
0 0.30390625 0.88046875 0.06953125 0.0796875
0 0.23984375 0.853125 0.08203125 0.0984375
0 0.1421875 0.8203125 0.0484375 0.040625
0 0.10859375 0.7828125 0.0671875 0.053125
0 0.13671875 0.62265625 0.0453125 0.0265625
0 0.35625 0.82421875 0.053125 0.05078125
0 0.7765625 0.6953125 0.09375 0.1203125
0 0.90703125 0.71640625 0.1859375 0.2140625
0 0.83671875 0.9453125 0.07421875 0.06953125
0 0.53125 0.9390625 0.103125 0.121875
0 0.503125 0.7953125 0.046875 0.0625
0 0.56015625 0.9 0.0359375 0.05078125
0 0.6234375 0.7703125 0.09140625 0.0984375
0 0.52890625 0.65234375 0.0625 0.0625
0 0.503125 0.6609375 0.046875 0.071875