0 0.0359375 0.07109375 0.071875 0.1421875
0 0.08984375 0.2265625 0.146875 0.12734375
0 0.48359375 0.03828125 0.0515625 0.0734375
0 0.4859375 0.19921875 0.046875 0.0890625
0 0.44921875 0.3046875 0.0796875 0.1109375
0 0.47890625 0.44375 0.0609375 0.103125
0 0.165625 0.2984375 0.040625 0.05078125
0 0.32265625 0.315625 0.0671875 0.0625
0 0.33125 0.47578125 0.04296875 0.0453125
0 0.26171875 0.49375 0.0453125 0.05078125
0 0.18359375 0.153125 0.0625 0.0578125
0 0.36015625 0.0265625 0.0828125 0.053125
0 0.5515625 0.3765625 0.084375 0.121875
0 0.571875 0.51015625 0.103125 0.0984375
0 0.96875 0.54375 0.0625 0.03125
0 0.946875 0.26171875 0.10625 0.1390625
0 0.6 0.2890625 0.10078125 0.0984375
0 0.31796875 0.596875 0.1203125 0.075
0 0.19921875 0.78671875 0.1109375 0.1078125
0 0.571875 0.809375 0.1203125 0.11796875
0 0.665625 0.8796875 0.0984375 0.10078125
0 0.72421875 0.90859375 0.0796875 0.0765625
0 0.7390625 0.9734375 0.08125 0.053125
0 0.859375 0.978125 0.1 0.04375
0 0.62578125 0.69609375 0.18046875 0.1828125
0 0.85390625 0.7703125 0.103125 0.103125
0 0.95703125 0.75390625 0.0859375 0.0984375
0 0.9515625 0.90078125 0.096875 0.1078125
0 0.79765625 0.63125 0.10078125 0.10546875