0 0.0828125 0.465625 0.0625 0.07421875
0 0.10625 0.34921875 0.053125 0.10078125
0 0.028125 0.228125 0.05625 0.08125
0 0.2234375 0.30234375 0.05546875 0.05078125
0 0.16953125 0.15078125 0.03359375 0.03828125
0 0.23203125 0.11328125 0.03359375 0.04296875
0 0.95 0.4609375 0.084375 0.0578125
0 0.415625 0.53984375 0.065625 0.0578125
0 0.57109375 0.49453125 0.0578125 0.05078125
0 0.421875 0.3703125 0.04296875 0.0453125
0 0.39921875 0.2671875 0.0578125 0.04296875
0 0.37578125 0.18671875 0.0734375 0.0796875
0 0.4859375 0.29453125 0.040625 0.0578125
0 0.72265625 0.171875 0.08671875 0.084375
0 0.75234375 0.38125 0.053125 0.0578125
0 0.909375 0.0171875 0.05 0.034375
0 0.80546875 0.04609375 0.0578125 0.053125
0 0.5734375 0.32578125 0.071875 0.06484375
0 0.275 0.6 0.103125 0.0625
0 0.15703125 0.703125 0.06484375 0.06484375
0 0.23515625 0.88046875 0.09140625 0.09375
0 0.2953125 0.98515625 0.0875 0.0296875
0 0.475 0.66640625 0.08671875 0.08671875
0 0.57265625 0.7421875 0.26171875 0.2046875
0 0.7421875 0.7140625 0.0671875 0.06015625
0 0.82578125 0.85390625 0.071875 0.0671875
0 0.83671875 0.8953125 0.06484375 0.0484375
0 0.3765625 0.7046875 0.075 0.071875
0 0.3640625 0.6140625 0.05 0.0625
0 0.82421875 0.59296875 0.0703125 0.0484375
0 0.653125 0.8859375 0.05546875 0.0453125
0 0.559375 0.896875 0.03828125 0.0359375
0 0.99921875 0.97890625 0.0015625 0.0421875