0 0.025 0.29921875 0.05 0.0953125
0 0.3265625 0.015625 0.071875 0.03125
0 0.3671875 0.15390625 0.04375 0.0734375
0 0.353125 0.27109375 0.053125 0.10078125
0 0.0796875 0.3484375 0.03125 0.04296875
0 0.2359375 0.31796875 0.05546875 0.05078125
0 0.28984375 0.46953125 0.03359375 0.03828125
0 0.22734375 0.50703125 0.03359375 0.04296875
0 0.05625 0.203125 0.053125 0.0453125
0 0.1859375 0.025 0.065625 0.05
0 0.96484375 0.15859375 0.0703125 0.0953125
0 0.4453125 0.06328125 0.1125 0.1046875
0 0.72890625 0.29375 0.084375 0.0984375
0 0.70234375 0.62421875 0.1390625 0.17578125
0 0.4078125 0.4765625 0.0375 0.059375
0 0.39921875 0.5453125 0.0203125 0.084375
0 0.5171875 0.30078125 0.13203125 0.1421875
0 0.8796875 0.47890625 0.10078125 0.0765625
0 0.8796875 0.03125 0.1625 0.0625
0 0.9890625 0.72421875 0.021875 0.0296875
0 0.56328125 0.66796875 0.2328125 0.1421875
0 0.259375 0.778125 0.209375 0.078125
0 0.0203125 0.884375 0.040625 0.175
0 0.56640625 0.94609375 0.06015625 0.084375
0 0.72734375 0.934375 0.14453125 0.11328125
0 0.73984375 0.77265625 0.0859375 0.0671875