0 0.3421875 0.01953125 0.059375 0.0390625
0 0.31171875 0.06875 0.0796875 0.084375
0 0.3796875 0.12109375 0.11875 0.1078125
0 0.2171875 0.18125 0.07421875 0.07421875
0 0.334375 0.29375 0.05546875 0.0578125
0 0.37890625 0.26953125 0.0578125 0.0578125
0 0.38828125 0.32890625 0.1015625 0.1453125
0 0.70859375 0.1953125 0.14921875 0.14921875
0 0.83828125 0.10078125 0.10078125 0.10078125
0 0.70625 0.33515625 0.1203125 0.1203125
0 0.56171875 0.4265625 0.1109375 0.046875
0 0.5453125 0.321875 0.10078125 0.10078125
0 0.5203125 0.02890625 0.13125 0.0578125
0 0.52421875 0.0703125 0.09609375 0.09609375
0 0.46015625 0.03359375 0.0421875 0.0671875
0 0.7328125 0.0859375 0.13671875 0.13671875
0 0.78359375 0.01484375 0.1046875 0.0296875
0 0.3296875 0.5484375 0.0671875 0.0625
0 0.28515625 0.621875 0.053125 0.0578125
0 0.10546875 0.8859375 0.12265625 0.1390625
0 0.07421875 0.46953125 0.0796875 0.0390625
0 0.18515625 0.4609375 0.1203125 0.021875
0 0.3109375 0.45546875 0.059375 0.0109375
0 0.40234375 0.51796875 0.040625 0.04296875
0 0.3921875 0.78359375 0.053125 0.06484375
0 0.3703125 0.97109375 0.06875 0.0578125
0 0.88828125 0.97265625 0.0828125 0.0546875
0 0.9828125 0.47265625 0.034375 0.0453125
0 0.89375 0.48671875 0.0671875 0.05078125
0 0.90078125 0.46015625 0.0390625 0.0203125
0 0.7484375 0.5234375 0.0453125 0.0359375
0 0.52734375 0.47734375 0.0734375 0.0546875
0 0.47421875 0.47421875 0.0515625 0.0484375
0 0.53046875 0.65859375 0.10078125 0.103125
0 0.61015625 0.6921875 0.14453125 0.24296875
0 0.86875 0.68984375 0.2625 0.3296875
0 0.64375 0.94453125 0.0625 0.0765625
0 0.53984375 0.89140625 0.0625 0.0765625
0 0.459375 0.83984375 0.040625 0.0921875