0 0.35703125 0.046875 0.0453125 0.09375
0 0.303125 0.03828125 0.0796875 0.06484375
0 0.08203125 0.12265625 0.103125 0.09375
0 0.95 0.01640625 0.1 0.0328125
0 0.84296875 0.09140625 0.10078125 0.07421875
0 0.65859375 0.03515625 0.0671875 0.0703125
0 0.31484375 0.8515625 0.1296875 0.16875
0 0.36640625 0.77578125 0.0265625 0.0765625
0 0.3421875 0.7015625 0.075 0.084375
0 0.11875 0.90390625 0.084375 0.09140625
0 0.35625 0.578125 0.046875 0.05625
0 0.2921875 0.5625 0.071875 0.025
0 0.8 0.7109375 0.071875 0.08203125
0 0.98125 0.9390625 0.0375 0.121875
0 0.51796875 0.971875 0.1234375 0.05625
0 0.48828125 0.925 0.103125 0.12265625
0 0.4609375 0.74453125 0.1390625 0.14921875
0 0.5640625 0.66796875 0.08203125 0.084375
0 0.82578125 0.58828125 0.1421875 0.0765625