0 0.0796875 0.01875 0.103125 0.0375
0 0.23515625 0.20546875 0.0671875 0.0921875
0 0.2171875 0.14375 0.0625 0.06015625
0 0.178125 0.19765625 0.06953125 0.06015625
0 0.0171875 0.26953125 0.034375 0.0890625
0 0.8296875 0.4296875 0.125 0.125
0 0.56171875 0.3953125 0.10078125 0.09140625
0 0.7390625 0.01640625 0.071875 0.0328125
0 0.596875 0.06171875 0.1625 0.1234375
0 0.80625 0.2625 0.05546875 0.04296875
0 0.321875 0.021875 0.10625 0.04375
0 0.54375 0.28203125 0.03828125 0.04296875
0 0.66328125 0.27578125 0.03125 0.03828125
0 0.73828125 0.190625 0.040625 0.040625
0 0.82109375 0.190625 0.0359375 0.0359375
0 0.92890625 0.2515625 0.03125 0.03828125
0 0.88984375 0.02265625 0.0453125 0.0453125
0 0.65 0.18828125 0.0578125 0.0625
0 0.29921875 0.128125 0.0609375 0.053125
0 0.321875 0.32890625 0.053125 0.05546875
0 0.446875 0.35546875 0.0484375 0.0453125
0 0.06328125 0.82109375 0.1265625 0.2421875
0 0.24609375 0.73203125 0.0453125 0.0890625
0 0.14296875 0.9515625 0.2328125 0.096875
0 0.21484375 0.93359375 0.1078125 0.1328125
0 0.88828125 0.890625 0.13203125 0.1703125
0 0.4359375 0.715625 0.28359375 0.30546875
0 0.8828125 0.60546875 0.1375 0.0921875
0 0.77734375 0.71640625 0.071875 0.0890625
0 0.65390625 0.6984375 0.0765625 0.0796875