0 0.1 0.415625 0.08671875 0.09140625
0 0.128125 0.46796875 0.0625 0.0421875
0 0.1671875 0.42421875 0.06953125 0.06015625
0 0.69609375 0.41875 0.0265625 0.053125
0 0.70078125 0.19453125 0.0171875 0.0796875
0 0.35546875 0.3515625 0.0890625 0.0890625
0 0.83046875 0.09921875 0.103125 0.09609375
0 0.0484375 0.7703125 0.096875 0.134375
0 0.25234375 0.546875 0.08203125 0.08203125
0 0.40625 0.61171875 0.11796875 0.115625
0 0.525 0.6625 0.11328125 0.1109375
0 0.6765625 0.5609375 0.065625 0.14375
0 0.69453125 0.70546875 0.0296875 0.0890625
0 0.390625 0.82265625 0.1390625 0.1390625
0 0.4640625 0.82734375 0.08203125 0.08203125
0 0.39296875 0.965625 0.1171875 0.06875
0 0.68984375 0.96484375 0.0390625 0.0703125
0 0.14140625 0.97890625 0.0890625 0.0421875
0 0.03359375 0.9765625 0.0671875 0.046875
0 0.015625 0.803125 0.03125 0.125
0 0.75390625 0.9640625 0.0890625 0.071875
0 0.83671875 0.6828125 0.22109375 0.240625
0 0.84140625 0.52734375 0.0984375 0.0765625