0 0.51015625 0.31015625 0.06015625 0.06953125
0 0.3984375 0.265625 0.06953125 0.0796875
0 0.315625 0.38125 0.084375 0.09375
0 0.29921875 0.4515625 0.0921875 0.075
0 0.21171875 0.3484375 0.0484375 0.0625
0 0.1671875 0.3859375 0.084375 0.0796875
0 0.22890625 0.1625 0.0890625 0.0890625
0 0.50390625 0.0484375 0.06953125 0.071875
0 0.059375 0.19140625 0.06953125 0.0796875
0 0.7640625 0.453125 0.0875 0.071875
0 0.853125 0.4015625 0.13203125 0.1296875
0 0.9265625 0.4375 0.1125 0.103125
0 0.98828125 0.07421875 0.0234375 0.0703125
0 0.915625 0.03671875 0.0875 0.0734375
0 0.309375 0.64453125 0.06015625 0.06953125
0 0.1515625 0.54453125 0.0484375 0.05078125
0 0.08203125 0.56875 0.040625 0.05546875
0 0.07734375 0.66015625 0.06484375 0.08203125
0 0.009375 0.67734375 0.01875 0.0734375
0 0.0796875 0.93515625 0.03359375 0.053125
0 0.13359375 0.83203125 0.040625 0.05078125
0 0.44375 0.81875 0.06015625 0.06015625
0 0.21796875 0.5484375 0.040625 0.0484375
0 0.46328125 0.67890625 0.04296875 0.053125
0 0.4078125 0.67421875 0.0265625 0.03828125
0 0.315625 0.56015625 0.134375 0.1421875
0 0.32734375 0.9328125 0.05546875 0.0578125
0 0.4859375 0.934375 0.040625 0.05078125
0 0.16875 0.6578125 0.0359375 0.0484375
0 0.921875 0.9484375 0.071875 0.06015625
0 0.71875 0.796875 0.0984375 0.134375
0 0.61796875 0.5078125 0.0796875 0.0375
0 0.94375 0.75859375 0.053125 0.08671875
0 0.81484375 0.51171875 0.0359375 0.02421875
0 0.8453125 0.50078125 0.04375 0.0234375
0 0.6828125 0.9484375 0.0625 0.05546875
0 0.86171875 0.7453125 0.03828125 0.040625
0 0.90390625 0.75859375 0.03125 0.0359375
0 0.821875 0.940625 0.05546875 0.04296875