0 0.20078125 0.35546875 0.0796875 0.0671875
0 0.196875 0.27734375 0.0890625 0.09375
0 0.08203125 0.3734375 0.0453125 0.03125
0 0.040625 0.33984375 0.08125 0.0828125
0 0.2015625 0.0859375 0.084375 0.06484375
0 0.12734375 0.1859375 0.05078125 0.0625
0 0.6390625 0.2203125 0.31875 0.3375
0 0.67734375 0.14609375 0.0625 0.0796875
0 0.72265625 0.2046875 0.0625 0.08671875
0 0.91484375 0.325 0.1703125 0.128125
0 0.871875 0.16015625 0.0625 0.0578125
0 0.92109375 0.05234375 0.0578125 0.0671875
0 0.58125 0.3078125 0.0625 0.06953125
0 0.36875 0.89609375 0.221875 0.2078125
0 0.1453125 0.96953125 0.084375 0.0609375
0 0.071875 0.79453125 0.09140625 0.103125
0 0.015625 0.73515625 0.03125 0.1046875
0 0.025 0.50390625 0.05 0.1234375
0 0.209375 0.68671875 0.053125 0.05078125
0 0.209375 0.59140625 0.0578125 0.06015625
0 0.30078125 0.76328125 0.03828125 0.04296875
0 0.31171875 0.678125 0.04296875 0.0453125
0 0.37734375 0.6875 0.0890625 0.09140625
0 0.47109375 0.82734375 0.0171875 0.0671875
0 0.44296875 0.68671875 0.0734375 0.2515625
0 0.45078125 0.57578125 0.053125 0.0484375
0 0.17421875 0.4140625 0.0796875 0.05
0 0.11171875 0.4125 0.0578125 0.046875
0 0.16328125 0.50625 0.06953125 0.0625
0 0.259375 0.46796875 0.0578125 0.053125
0 0.28515625 0.51953125 0.03828125 0.04296875
0 0.27421875 0.56484375 0.04296875 0.03828125
0 0.325 0.53359375 0.053125 0.05546875
0 0.36875 0.58828125 0.0453125 0.05546875
0 0.42109375 0.46171875 0.0453125 0.053125
0 0.3984375 0.39453125 0.040625 0.0109375
0 0.9515625 0.4390625 0.096875 0.1
0 0.53671875 0.44453125 0.0796875 0.08671875
0 0.696875 0.646875 0.19453125 0.19453125
0 0.79296875 0.87265625 0.0765625 0.084375
0 0.77109375 0.73828125 0.0765625 0.084375
0 0.81796875 0.97734375 0.0734375 0.0453125
0 0.4875 0.71171875 0.015625 0.0609375