0 0.2390625 0.03828125 0.040625 0.0359375
0 0.25 0.17109375 0.01875 0.0578125
0 0.24609375 0.47890625 0.0265625 0.0609375
0 0.0296875 0.45625 0.059375 0.071875
0 0.15625 0.4671875 0.06015625 0.0625
0 0.15234375 0.27109375 0.05546875 0.0625
0 0.13203125 0.18359375 0.06953125 0.09140625
0 0.028125 0.22109375 0.05625 0.0421875
0 0.03984375 0.68671875 0.0609375 0.0453125
0 0.08984375 0.6921875 0.040625 0.03359375
0 0.86796875 0.375 0.14921875 0.14921875
0 0.7546875 0.35625 0.103125 0.103125
0 0.7546875 0.29921875 0.1078125 0.1078125
0 0.671875 0.30625 0.0984375 0.10078125
0 0.63203125 0.38515625 0.1078125 0.1078125
0 0.540625 0.3421875 0.13203125 0.134375
0 0.58671875 0.26640625 0.103125 0.103125
0 0.58515625 0.1546875 0.115625 0.11796875
0 0.74921875 0.071875 0.11328125 0.11328125
0 0.6609375 0.06796875 0.103125 0.103125
0 0.97109375 0.0765625 0.0578125 0.153125
0 0.9515625 0.490625 0.096875 0.1
0 0.8375 0.56953125 0.2015625 0.2046875
0 0.60390625 0.67421875 0.1390625 0.0703125
0 0.3640625 0.4984375 0.209375 0.271875
0 0.33515625 0.31796875 0.07421875 0.07421875
0 0.290625 0.315625 0.0625 0.0625
0 0.41484375 0.27109375 0.06953125 0.06953125
0 0.49765625 0.159375 0.07421875 0.07421875
0 0.3375 0.1328125 0.09609375 0.09609375
0 0.27421875 0.22265625 0.0296875 0.0734375
0 0.903125 0.23046875 0.0796875 0.0796875
0 0.275 0.62265625 0.03125 0.0765625
0 0.06171875 0.9546875 0.0921875 0.090625
0 0.0328125 0.8921875 0.065625 0.09375
0 0.0390625 0.759375 0.078125 0.09375
0 0.15625 0.765625 0.15625 0.1125
0 0.72265625 0.984375 0.1453125 0.03125
0 0.7921875 0.95078125 0.08125 0.0984375
0 0.76171875 0.88984375 0.0625 0.0671875
0 0.65390625 0.90078125 0.0890625 0.0625
0 0.72421875 0.83828125 0.05078125 0.05546875
0 0.671875 0.7765625 0.08671875 0.0984375
0 0.78203125 0.79375 0.07421875 0.0578125
0 0.8578125 0.84140625 0.0625 0.0578125
0 0.90234375 0.7484375 0.1953125 0.078125