0 0.2328125 0.26484375 0.084375 0.0296875
0 0.2171875 0.21796875 0.09140625 0.09140625
0 0.084375 0.265625 0.084375 0.028125
0 0.19765625 0.0546875 0.084375 0.0671875
0 0.1421875 0.14921875 0.053125 0.06015625
0 0.86953125 0.18359375 0.1921875 0.1921875
0 0.65 0.17578125 0.2125 0.2078125
0 0.57734375 0.19453125 0.0671875 0.09140625
0 0.6484375 0.0734375 0.05546875 0.053125
0 0.5578125 0.04921875 0.06484375 0.0578125
0 0.5 0.08671875 0.1421875 0.11796875
0 0.38125 0.08515625 0.0765625 0.084375
0 0.31953125 0.13984375 0.0203125 0.0484375
0 0.38828125 0.21015625 0.06484375 0.0484375
0 0.50390625 0.2609375 0.0546875 0.0375
0 0.346875 0.265625 0.065625 0.028125
0 0.1953125 0.78671875 0.1109375 0.1203125
0 0.2859375 0.6296875 0.046875 0.096875
0 0.4328125 0.37578125 0.246875 0.1921875
0 0.76328125 0.34765625 0.2296875 0.1359375
0 0.70546875 0.49375 0.178125 0.178125
0 0.6359375 0.4453125 0.08203125 0.08203125
0 0.63671875 0.6875 0.09609375 0.09375
0 0.64765625 0.60078125 0.1921875 0.1921875
0 0.87109375 0.54296875 0.1515625 0.1515625
0 0.8515625 0.72421875 0.296875 0.3578125
0 0.76328125 0.84375 0.18046875 0.1828125
0 0.68046875 0.96328125 0.1078125 0.0734375
0 0.453125 0.7453125 0.103125 0.103125
0 0.37734375 0.6234375 0.0890625 0.0890625
0 0.3296875 0.4171875 0.040625 0.134375
0 0.3234375 0.934375 0.028125 0.115625
0 0.375 0.46875 0.09140625 0.09140625
0 0.8890625 0.409375 0.0796875 0.0796875