0 0.42578125 0.5109375 0.2484375 0.378125
0 0.2796875 0.55859375 0.071875 0.0890625
0 0.4015625 0.41875 0.06484375 0.0796875
0 0.15 0.425 0.10546875 0.1296875
0 0.1125 0.3171875 0.071875 0.0765625
0 0.07421875 0.2578125 0.05546875 0.07421875
0 0.00703125 0.05390625 0.0140625 0.0859375
0 0.52265625 0.02265625 0.0546875 0.0453125
0 0.38125 0.1546875 0.08671875 0.09609375
0 0.28125 0.2265625 0.0578125 0.0671875
0 0.2125 0.2109375 0.0578125 0.0671875
0 0.21484375 0.08515625 0.11796875 0.13203125
0 0.20859375 0.67734375 0.0453125 0.0453125
0 0.28828125 0.66328125 0.053125 0.06015625
0 0.19921875 0.50546875 0.08203125 0.0890625
0 0.25703125 0.415625 0.0578125 0.06015625
0 0.3375 0.26875 0.0578125 0.0671875
0 0.53671875 0.11015625 0.0265625 0.0671875
0 0.49296875 0.215625 0.02890625 0.040625
0 0.57734375 0.33203125 0.0546875 0.0921875
0 0.653125 0.4234375 0.06484375 0.08203125
0 0.7140625 0.12734375 0.08203125 0.1109375
0 0.70703125 0.26328125 0.103125 0.11328125
0 0.95 0.3609375 0.1 0.084375
0 0.978125 0.26015625 0.04375 0.0984375
0 0.61796875 0.63515625 0.06484375 0.06484375
0 0.8734375 0.59765625 0.05078125 0.03828125
0 0.965625 0.5359375 0.0484375 0.0453125
0 0.3671875 0.84609375 0.365625 0.2921875
0 0.49375 0.93828125 0.1125 0.1234375
0 0.06328125 0.9921875 0.0796875 0.015625
0 0.14453125 0.9734375 0.1671875 0.053125
0 0.23828125 0.82421875 0.10546875 0.103125
0 0.1625 0.73359375 0.071875 0.0671875
0 0.28984375 0.96875 0.0796875 0.0625
0 0.9796875 0.78046875 0.040625 0.0953125
0 0.77578125 0.778125 0.115625 0.1390625
0 0.71953125 0.909375 0.0890625 0.103125
0 0.78671875 0.878125 0.040625 0.0484375