0 0.2046875 0.2484375 0.409375 0.496875
0 0.034375 0.31015625 0.06875 0.0859375
0 0.16015625 0.3984375 0.06953125 0.0765625
0 0.18984375 0.58828125 0.0921875 0.0421875
0 0.090625 0.5765625 0.0625 0.06484375
0 0.034375 0.5890625 0.0625 0.040625
0 0.0234375 0.2234375 0.046875 0.059375
0 0.03515625 0.4296875 0.0625 0.06015625
0 0.13125 0.53125 0.0625 0.06484375
0 0.34296875 0.59765625 0.0546875 0.0234375
0 0.27578125 0.54375 0.03359375 0.03828125
0 0.4875 0.58984375 0.14375 0.0390625
0 0.6140625 0.59453125 0.125 0.0296875
0 0.7671875 0.51015625 0.103125 0.10078125
0 0.8546875 0.52578125 0.0984375 0.09609375
0 0.93671875 0.3984375 0.1265625 0.159375
0 0.98125 0.2953125 0.0375 0.228125
0 0.6640625 0.38828125 0.12265625 0.1203125
0 0.5796875 0.41640625 0.10546875 0.1078125
0 0.46875 0.30546875 0.10546875 0.1109375
0 0.56640625 0.03125 0.0953125 0.0625
0 0.9140625 0.0640625 0.084375 0.08203125
0 0.96484375 0.03359375 0.0703125 0.0671875
0 0.290625 0.87109375 0.08671875 0.084375
0 0.28046875 0.7875 0.08203125 0.0625
0 0.13203125 0.63984375 0.0546875 0.0609375
0 0.69375 0.95234375 0.153125 0.0953125
0 0.7890625 0.834375 0.09375 0.09609375