0 0.40625 0.1984375 0.0875 0.134375
0 0.20703125 0.421875 0.08203125 0.08203125
0 0.05546875 0.35625 0.1109375 0.115625
0 0.06875 0.14609375 0.1375 0.1390625
0 0.01796875 0.140625 0.0359375 0.08125
0 0.06484375 0.01796875 0.1171875 0.0359375
0 0.54375 0.3421875 0.084375 0.084375
0 0.4640625 0.37265625 0.028125 0.0765625
0 0.63515625 0.01484375 0.0671875 0.0296875
0 0.6421875 0.05625 0.07421875 0.071875
0 0.73359375 0.23359375 0.0796875 0.071875
0 0.7125 0.2953125 0.0765625 0.07421875
0 0.78203125 0.34453125 0.1078125 0.1078125
0 0.86171875 0.4546875 0.0765625 0.06875
0 0.98515625 0.43359375 0.0296875 0.0609375
0 0.8953125 0.27734375 0.0625 0.0625
0 0.840625 0.22578125 0.05546875 0.0484375
0 0.9 0.16796875 0.084375 0.09140625
0 0.9609375 0.14140625 0.078125 0.0828125
0 0.97109375 0.06953125 0.0578125 0.0828125
0 0.628125 0.1921875 0.05078125 0.0484375
0 0.5828125 0.28671875 0.0796875 0.0671875
0 0.58359375 0.2484375 0.0578125 0.053125
0 0.6546875 0.46953125 0.065625 0.0390625
0 0.58984375 0.43359375 0.06484375 0.06484375
0 0.31015625 0.9671875 0.0921875 0.065625
0 0.1078125 0.92890625 0.215625 0.1421875
0 0.0796875 0.79765625 0.159375 0.2046875
0 0.32890625 0.53203125 0.0890625 0.0765625
0 0.7171875 0.82578125 0.08203125 0.0796875
0 0.565625 0.7734375 0.10546875 0.09375
0 0.55625 0.68046875 0.10546875 0.1109375
0 0.89140625 0.5046875 0.0984375 0.03125
0 0.85859375 0.6046875 0.071875 0.08203125
0 0.94921875 0.7109375 0.08203125 0.09140625
0 0.784375 0.671875 0.071875 0.06484375
0 0.78046875 0.61328125 0.0671875 0.0578125
0 0.76171875 0.5546875 0.053125 0.06484375
0 0.97890625 0.52109375 0.040625 0.053125
0 0.63671875 0.9859375 0.0796875 0.028125
0 0.5203125 0.9703125 0.115625 0.059375
0 0.49453125 0.53671875 0.0890625 0.0953125