0 0.08203125 0.0359375 0.1390625 0.071875
0 0.2046875 0.09140625 0.071875 0.07421875
0 0.18125 0.18828125 0.06953125 0.06953125
0 0.11328125 0.18828125 0.103125 0.09375
0 0.41015625 0.22265625 0.0578125 0.0328125
0 0.70390625 0.190625 0.0984375 0.096875
0 0.94296875 0.20390625 0.0890625 0.0703125
0 0.84609375 0.128125 0.125 0.12734375
0 0.925 0.06171875 0.134375 0.1234375
0 0.34765625 0.57421875 0.1828125 0.6703125
0 0.38828125 0.5640625 0.1015625 0.134375
0 0.3546875 0.975 0.165625 0.05
0 0.1828125 0.5453125 0.11328125 0.115625
0 0.35234375 0.8921875 0.0984375 0.0984375
0 0.39375 0.8265625 0.090625 0.115625
0 0.09453125 0.553125 0.11328125 0.115625
0 0.04765625 0.50625 0.0953125 0.103125
0 0.17265625 0.3578125 0.0796875 0.08203125
0 0.2421875 0.41171875 0.18515625 0.1875
0 0.41953125 0.49375 0.0390625 0.134375
0 0.97109375 0.35390625 0.0578125 0.2296875
0 0.7796875 0.515625 0.084375 0.0796875
0 0.78828125 0.4375 0.09140625 0.09140625
0 0.7453125 0.29296875 0.08203125 0.084375
0 0.634375 0.2953125 0.0796875 0.06953125
0 0.721875 0.428125 0.06953125 0.0671875
0 0.696875 0.359375 0.0890625 0.08203125
0 0.54296875 0.421875 0.07421875 0.0625
0 0.47109375 0.34609375 0.0640625 0.0765625
0 0.66328125 0.484375 0.09140625 0.09140625
0 0.61171875 0.61015625 0.06484375 0.0671875
0 0.709375 0.61875 0.0796875 0.084375
0 0.96171875 0.690625 0.07421875 0.06953125