0 0.534375 0.36328125 0.0625 0.0515625
0 0.253125 0.25859375 0.09609375 0.09609375
0 0.0296875 0.340625 0.059375 0.090625
0 0.35625 0.14765625 0.06015625 0.05546875
0 0.2796875 0.021875 0.084375 0.04375
0 0.70703125 0.02265625 0.1984375 0.0453125
0 0.609375 0.01796875 0.059375 0.0359375
0 0.65859375 0.2953125 0.1578125 0.178125
0 0.80390625 0.25234375 0.1515625 0.15390625
0 0.87265625 0.3078125 0.1828125 0.1625
0 0.9578125 0.04921875 0.0671875 0.07421875
0 0.8890625 0.13046875 0.0625 0.071875
0 0.3109375 0.41328125 0.06875 0.0484375
0 0.053125 0.821875 0.08203125 0.0796875
0 0.19765625 0.88203125 0.071875 0.06953125
0 0.24453125 0.88828125 0.0578125 0.0625
0 0.45625 0.96953125 0.05546875 0.0484375
0 0.2953125 0.75546875 0.0453125 0.0484375
0 0.42578125 0.7765625 0.05546875 0.05078125
0 0.57421875 0.60390625 0.0109375 0.0578125
0 0.52734375 0.696875 0.0484375 0.06953125
0 0.2625 0.665625 0.02890625 0.0359375
0 0.23046875 0.63203125 0.03359375 0.04296875
0 0.31328125 0.65 0.01953125 0.03828125
0 0.053125 0.6859375 0.03828125 0.0484375
0 0.0703125 0.48046875 0.0484375 0.0453125
0 0.153125 0.4265625 0.03359375 0.0359375
0 0.384375 0.5109375 0.0265625 0.03359375
0 0.40625 0.4046875 0.03125 0.03125
0 0.559375 0.46875 0.03359375 0.040625
0 0.3375 0.92421875 0.0453125 0.0453125
0 0.04375 0.99609375 0.03125 0.0078125
0 0.70546875 0.4140625 0.1921875 0.05
0 0.6640625 0.52265625 0.16875 0.1828125
0 0.89140625 0.7703125 0.1390625 0.1390625
0 0.63984375 0.8921875 0.1203125 0.146875
0 0.76484375 0.975 0.1203125 0.05