0 0.5765625 0.2640625 0.09140625 0.0984375
0 0.61484375 0.353125 0.0578125 0.053125
0 0.16953125 0.38828125 0.0953125 0.0609375
0 0.2734375 0.29609375 0.06015625 0.05546875
0 0.19765625 0.15234375 0.084375 0.08203125
0 0.1390625 0.04140625 0.08203125 0.0765625
0 0.3375 0.0265625 0.096875 0.053125
0 0.634375 0.02578125 0.0625 0.0515625
0 0.725 0.09453125 0.06875 0.0703125
0 0.74609375 0.39921875 0.0265625 0.0390625
0 0.64140625 0.27578125 0.0765625 0.0984375
0 0.9125 0.365625 0.0578125 0.06484375
0 0.465625 0.8 0.5875 0.4
0 0.06953125 0.8375 0.134375 0.12265625
0 0.9265625 0.58125 0.09375 0.1109375