0 0.3515625 0.4015625 0.034375 0.128125
0 0.0453125 0.35390625 0.0796875 0.07421875
0 0.02734375 0.17421875 0.0546875 0.1046875
0 0.19765625 0.05703125 0.1296875 0.1140625
0 0.15234375 0.009375 0.0765625 0.01875
0 0.95703125 0.08984375 0.0859375 0.1796875
0 0.98125 0.22109375 0.0375 0.0796875
0 0.859375 0.41015625 0.103125 0.103125
0 0.69765625 0.02421875 0.1359375 0.0484375
0 0.609375 0.03515625 0.115625 0.0703125
0 0.83671875 0.0421875 0.1484375 0.084375
0 0.42578125 0.13671875 0.1140625 0.1296875
0 0.484375 0.2453125 0.11796875 0.11796875
0 0.20703125 0.97109375 0.1203125 0.0578125
0 0.0234375 0.98359375 0.046875 0.0328125
0 0.08203125 0.64609375 0.11796875 0.11328125
0 0.1734375 0.61015625 0.09375 0.09609375
0 0.2046875 0.53359375 0.0625 0.0296875
0 0.303125 0.66796875 0.0984375 0.10546875
0 0.409375 0.65234375 0.0484375 0.06484375
0 0.72734375 0.759375 0.5453125 0.48125