0 0.5734375 0.46328125 0.03125 0.0953125
0 0.1921875 0.59453125 0.09375 0.09375
0 0.29921875 0.4875 0.0578125 0.05546875
0 0.228125 0.340625 0.08203125 0.0796875
0 0.1734375 0.22734375 0.0796875 0.07421875
0 0.05390625 0.06796875 0.0578125 0.0625
0 0.37265625 0.19609375 0.09375 0.0984375
0 0.321875 0.14453125 0.0578125 0.0578125
0 0.47734375 0.06875 0.084375 0.0796875
0 0.74453125 0.02734375 0.1203125 0.0546875
0 0.79140625 0.0875 0.08671875 0.071875
0 0.61875 0.58125 0.059375 0.10625
0 0.64296875 0.48671875 0.1078125 0.0953125
0 0.665625 0.4078125 0.09609375 0.0765625
0 0.97578125 0.53671875 0.0484375 0.1171875
0 0.96484375 0.46328125 0.0703125 0.0890625
0 0.8734375 0.36953125 0.05078125 0.05078125
0 0.6140625 0.3421875 0.05 0.053125
0 0.68203125 0.31171875 0.0625 0.053125
0 0.67265625 0.25625 0.0578125 0.071875
0 0.9546875 0.12109375 0.03828125 0.04296875
0 0.2765625 0.825 0.403125 0.35
0 0.09375 0.84453125 0.09140625 0.11796875
0 0.0421875 0.74296875 0.084375 0.1328125
0 0.5046875 0.6921875 0.16875 0.084375
0 0.56796875 0.984375 0.0421875 0.03125
0 0.9890625 0.68984375 0.021875 0.0484375
0 0.721875 0.74921875 0.04296875 0.0578125
0 0.978125 0.9515625 0.04375 0.040625