0 0.50390625 0.20234375 0.0296875 0.0765625
0 0.16875 0.4015625 0.059375 0.034375
0 0.04296875 0.16796875 0.0859375 0.1046875
0 0.22890625 0.11796875 0.084375 0.06953125
0 0.36171875 0.3453125 0.07421875 0.053125
0 0.68671875 0.32265625 0.06953125 0.0625
0 0.096875 0.9375 0.19375 0.125
0 0.321875 0.9203125 0.271875 0.159375
0 0.40546875 0.95859375 0.0890625 0.0828125
0 0.4796875 0.88125 0.06953125 0.0671875
0 0.1328125 0.78984375 0.0578125 0.05546875
0 0.18515625 0.75 0.09375 0.08203125
0 0.0296875 0.715625 0.059375 0.09375
0 0.109375 0.6453125 0.09375 0.09140625
0 0.17109375 0.678125 0.0890625 0.06953125
0 0.04921875 0.51953125 0.0984375 0.1484375
0 0.15546875 0.5375 0.10078125 0.10078125
0 0.02734375 0.44140625 0.0546875 0.0453125
0 0.06953125 0.4359375 0.0640625 0.034375
0 0.490625 0.703125 0.05625 0.0625
0 0.4921875 0.65625 0.053125 0.0625
0 0.45703125 0.62578125 0.06484375 0.0484375
0 0.3671875 0.5375 0.1078125 0.10078125
0 0.44296875 0.44375 0.0640625 0.05
0 0.9109375 0.93203125 0.178125 0.1359375
0 0.7875 0.97265625 0.115625 0.0546875
0 0.97109375 0.7125 0.0578125 0.13125
0 0.54375 0.9890625 0.05 0.021875
0 0.534375 0.84453125 0.03125 0.1109375
0 0.6921875 0.70703125 0.0625 0.0625
0 0.62265625 0.47890625 0.1328125 0.1203125
0 0.7171875 0.46796875 0.084375 0.0984375
0 0.93046875 0.44375 0.0765625 0.05
0 0.9640625 0.478125 0.06484375 0.06953125