0 0.2984375 0.21484375 0.10078125 0.115625
0 0.46796875 0.2296875 0.0234375 0.08125
0 0.3921875 0.309375 0.06484375 0.0890625
0 0.18671875 0.4 0.0796875 0.06015625
0 0.85546875 0.075 0.11796875 0.13203125
0 0.7578125 0.17109375 0.0890625 0.08203125
0 0.56484375 0.14609375 0.05078125 0.0578125
0 0.540625 0.2984375 0.06953125 0.071875
0 0.6359375 0.3203125 0.0796875 0.071875
0 0.74765625 0.2828125 0.0984375 0.09140625
0 0.96640625 0.4421875 0.0671875 0.09375
0 0.65859375 0.47578125 0.0703125 0.0265625
0 0.84609375 0.371875 0.0890625 0.08671875
0 0.0515625 0.66015625 0.103125 0.1234375
0 0.2390625 0.7765625 0.08671875 0.084375
0 0.96875 0.86171875 0.0625 0.0921875
0 0.503125 0.95078125 0.046875 0.0984375
0 0.74609375 0.73515625 0.08203125 0.09375
0 0.54296875 0.72890625 0.125 0.13203125
0 0.890625 0.56171875 0.0984375 0.071875
0 0.890625 0.97578125 0.15625 0.0484375