0 0.0953125 0.0765625 0.08671875 0.0984375
0 0.23359375 0.05 0.0578125 0.0578125
0 0.2234375 0.11640625 0.06484375 0.06015625
0 0.28046875 0.1703125 0.0796875 0.08671875
0 0.1640625 0.3046875 0.084375 0.0765625
0 0.0171875 0.44296875 0.034375 0.0515625
0 0.26171875 0.44453125 0.0609375 0.0484375
0 0.6953125 0.11640625 0.215625 0.2328125
0 0.53828125 0.32265625 0.0984375 0.2921875
0 0.840625 0.05 0.103125 0.1
0 0.80703125 0.01015625 0.0796875 0.0203125
0 0.540625 0.01796875 0.103125 0.0359375
0 0.88828125 0.228125 0.07421875 0.06953125
0 0.88359375 0.290625 0.06015625 0.0671875
0 0.81484375 0.265625 0.05546875 0.06953125
0 0.2515625 0.9078125 0.11328125 0.09140625
0 0.325 0.77421875 0.15859375 0.134375
0 0.05859375 0.54296875 0.1171875 0.0984375
0 0.4234375 0.6765625 0.09375 0.0890625
0 0.48046875 0.66796875 0.0171875 0.0828125
0 0.06640625 0.7390625 0.0578125 0.06484375
0 0.35234375 0.8609375 0.0765625 0.06953125
0 0.40625 0.86171875 0.0765625 0.08203125
0 0.965625 0.49453125 0.06875 0.0515625
0 0.88515625 0.6328125 0.18046875 0.18515625
0 0.940625 0.56171875 0.10078125 0.103125
0 0.93828125 0.72265625 0.1234375 0.2359375
0 0.61328125 0.715625 0.10078125 0.10078125
0 0.53046875 0.765625 0.0828125 0.10625
0 0.94609375 0.9640625 0.0921875 0.071875
0 0.9703125 0.89921875 0.059375 0.1015625
0 0.60703125 0.49375 0.1046875 0.05
0 0.55859375 0.55625 0.09609375 0.0984375