0 0.290625 0.04765625 0.078125 0.0953125
0 0.253125 0.3046875 0.14921875 0.15859375
0 0.3171875 0.528125 0.025 0.10625
0 0.0875 0.453125 0.09140625 0.10078125
0 0.1140625 0.5359375 0.103125 0.09609375
0 0.04765625 0.14453125 0.0765625 0.08671875
0 0.45625 0.49140625 0.253125 0.2734375
0 0.646875 0.39921875 0.115625 0.12265625
0 0.6125 0.24921875 0.13203125 0.13203125
0 0.67109375 0.25625 0.0796875 0.0796875
0 0.7578125 0.15078125 0.08203125 0.08203125
0 0.85625 0.22734375 0.10546875 0.10546875
0 0.353125 0.3625 0.046875 0.15625
0 0.6234375 0.09921875 0.103125 0.103125
0 0.82734375 0.3609375 0.08671875 0.09375
0 0.59609375 0.603125 0.2515625 0.13125
0 0.20546875 0.9578125 0.0984375 0.084375
0 0.1578125 0.7890625 0.28125 0.240625
0 0.67890625 0.73359375 0.1609375 0.1296875
0 0.3921875 0.915625 0.06953125 0.06015625
0 0.88125 0.97265625 0.2375 0.0546875
0 0.8515625 0.86171875 0.08203125 0.0796875
0 0.9703125 0.80390625 0.059375 0.0578125
0 0.96484375 0.73671875 0.05078125 0.05078125