0 0.165625 0.03515625 0.096875 0.0703125
0 0.02265625 0.01015625 0.0453125 0.0203125
0 0.03046875 0.06015625 0.0609375 0.0671875
0 0.090625 0.26796875 0.09375 0.084375
0 0.45546875 0.50625 0.0265625 0.0875
0 0.4125 0.1765625 0.0890625 0.07421875
0 0.271875 0.421875 0.0796875 0.0578125
0 0.0078125 0.43125 0.015625 0.071875
0 0.58125 0.16328125 0.125 0.125
0 0.93828125 0.09140625 0.1234375 0.1296875
0 0.84921875 0.36875 0.0796875 0.08203125
0 0.83359375 0.5296875 0.0578125 0.059375
0 0.88828125 0.53984375 0.0609375 0.0390625
0 0.54375 0.2765625 0.07421875 0.06953125
0 0.45703125 0.83671875 0.0234375 0.1109375
0 0.06328125 0.65859375 0.04296875 0.0484375
0 0.0484375 0.61171875 0.096875 0.1046875
0 0.21015625 0.58515625 0.0703125 0.0515625
0 0.4125 0.59921875 0.09375 0.0796875
0 0.45703125 0.66875 0.0234375 0.059375
0 0.16328125 0.96640625 0.05078125 0.05078125
0 0.24765625 0.98203125 0.040625 0.0359375
0 0.5296875 0.95546875 0.071875 0.05078125
0 0.6890625 0.92421875 0.07421875 0.07421875
0 0.80625 0.94765625 0.071875 0.06953125
0 0.846875 0.87734375 0.11328125 0.115625
0 0.934375 0.7828125 0.071875 0.0625
0 0.96484375 0.84609375 0.0703125 0.1296875
0 0.63046875 0.77421875 0.08203125 0.08203125
0 0.62421875 0.71328125 0.05546875 0.05078125
0 0.53203125 0.58125 0.1140625 0.04375
0 0.6140625 0.57421875 0.059375 0.0296875
0 0.99296875 0.7109375 0.0140625 0.0625