0 0.27109375 0.403125 0.09609375 0.1078125
0 0.4234375 0.43125 0.0625 0.06484375
0 0.41171875 0.359375 0.071875 0.0671875
0 0.475 0.29921875 0.0890625 0.09609375
0 0.346875 0.15234375 0.09375 0.084375
0 0.034375 0.24296875 0.06875 0.0734375
0 0.16484375 0.01328125 0.0796875 0.0265625
0 0.45390625 0.0125 0.0671875 0.025
0 0.021875 0.496875 0.04375 0.025
0 0.75078125 0.04453125 0.1390625 0.0890625
0 0.61875 0.4828125 0.09375 0.053125
0 0.734375 0.49375 0.0875 0.03125
0 0.70546875 0.3515625 0.12265625 0.1296875
0 0.665625 0.28046875 0.1078125 0.1078125
0 0.77109375 0.23359375 0.11796875 0.10546875
0 0.7796875 0.12890625 0.09140625 0.09375
0 0.95625 0.11328125 0.0875 0.1046875
0 0.94296875 0.2046875 0.10546875 0.103125
0 0.91171875 0.31484375 0.146875 0.14921875
0 0.6234375 0.0953125 0.084375 0.08671875
0 0.83828125 0.2734375 0.0765625 0.0765625
0 0.5953125 0.06328125 0.090625 0.1265625
0 0.52421875 0.5859375 0.0515625 0.125
0 0.47578125 0.9328125 0.1390625 0.134375
0 0.35703125 0.98203125 0.1203125 0.0359375
0 0.04296875 0.8203125 0.0859375 0.115625
0 0.00859375 0.75 0.0171875 0.071875
0 0.1796875 0.53828125 0.19375 0.0578125
0 0.3515625 0.53125 0.115625 0.04375
0 0.4078125 0.58671875 0.0890625 0.084375
0 0.46171875 0.646875 0.0796875 0.071875
0 0.35625 0.63359375 0.09609375 0.08671875
0 0.4296875 0.70625 0.10546875 0.09609375
0 0.21875 0.6328125 0.08671875 0.0796875
0 0.23125 0.72890625 0.0984375 0.08671875
0 0.2609375 0.91171875 0.0765625 0.06953125
0 0.8203125 0.5765625 0.103125 0.10546875
0 0.88515625 0.6484375 0.0671875 0.09375
0 0.93984375 0.7609375 0.1203125 0.121875
0 0.82734375 0.821875 0.0984375 0.0984375
0 0.69140625 0.9421875 0.1390625 0.115625
0 0.6375 0.78828125 0.1703125 0.1390625
0 0.5890625 0.8890625 0.078125 0.221875
0 0.9484375 0.9046875 0.103125 0.190625