0 0.5 0.121875 0.1609375 0.1609375
0 0.56171875 0.034375 0.0765625 0.06875
0 0.284375 0.12578125 0.0984375 0.10078125
0 0.253125 0.05390625 0.10546875 0.10078125
0 0.05390625 0.38359375 0.1078125 0.1296875
0 0.025 0.4671875 0.05 0.04375
0 0.2078125 0.465625 0.0875 0.046875
0 0.44140625 0.35859375 0.084375 0.08671875
0 0.9765625 0.18125 0.046875 0.096875
0 0.959375 0.14453125 0.08125 0.0796875
0 0.78671875 0.03203125 0.0953125 0.0640625
0 0.73671875 0.14296875 0.2546875 0.2859375
0 0.61953125 0.39375 0.0203125 0.09375
0 0.74765625 0.2421875 0.115625 0.11796875
0 0.80859375 0.1921875 0.08203125 0.084375
0 0.8171875 0.33515625 0.12265625 0.12265625
0 0.94921875 0.33984375 0.08203125 0.0765625
0 0.9734375 0.39765625 0.053125 0.0890625
0 0.92421875 0.440625 0.0765625 0.071875
0 0.72265625 0.40625 0.08671875 0.08671875
0 0.16328125 0.51484375 0.0984375 0.0515625
0 0.32421875 0.61953125 0.5046875 0.2609375
0 0.071875 0.8375 0.13203125 0.13203125
0 0.0515625 0.54140625 0.103125 0.1046875
0 0.3171875 0.98984375 0.096875 0.0203125
0 0.2375 0.71875 0.0890625 0.09375
0 0.46328125 0.6796875 0.0796875 0.08203125
0 0.54609375 0.69453125 0.103125 0.1078125
0 0.5734375 0.51953125 0.071875 0.0609375
0 0.025 0.69609375 0.05 0.0765625
0 0.0921875 0.67265625 0.0796875 0.0765625
0 0.3671875 0.8109375 0.103125 0.10078125
0 0.45234375 0.7703125 0.0765625 0.08203125
0 0.9640625 0.86328125 0.071875 0.1015625
0 0.92578125 0.8140625 0.0796875 0.0796875
0 0.64921875 0.54140625 0.0796875 0.1046875
0 0.9875 0.978125 0.025 0.04375