0 0.33671875 0.5171875 0.0984375 0.025
0 0.1 0.4609375 0.2 0.1375
0 0.04609375 0.40234375 0.08671875 0.084375
0 0.1015625 0.25859375 0.203125 0.2703125
0 0.42734375 0.0421875 0.1046875 0.084375
0 0.41484375 0.19375 0.0625 0.0625
0 0.30390625 0.25390625 0.07421875 0.06953125
0 0.29375 0.19921875 0.0578125 0.0578125
0 0.1890625 0.25859375 0.0578125 0.05546875
0 0.18125 0.17421875 0.06953125 0.06953125
0 0.24140625 0.08515625 0.071875 0.0671875
0 0.09296875 0.078125 0.071875 0.07421875
0 0.06171875 0.103125 0.0625 0.0625
0 0.0421875 0.05390625 0.084375 0.0890625
0 0.41015625 0.49140625 0.0734375 0.0765625
0 0.43046875 0.39921875 0.084375 0.08671875
0 0.215625 0.51875 0.0625 0.021875
0 0.17109375 0.49375 0.06953125 0.0671875
0 0.84140625 0.41484375 0.2515625 0.2296875
0 0.59453125 0.2796875 0.0796875 0.08203125
0 0.7796875 0.05078125 0.0671875 0.071875
0 0.94765625 0.04765625 0.053125 0.05546875
0 0.18515625 0.88125 0.09375 0.09140625
0 0.33125 0.69609375 0.0625 0.0625
0 0.3109375 0.6203125 0.11328125 0.1109375
0 0.76171875 0.828125 0.1390625 0.1390625
0 0.97578125 0.70625 0.0484375 0.146875
0 0.88671875 0.5890625 0.1203125 0.11875
0 0.57421875 0.7390625 0.1109375 0.10078125
0 0.61015625 0.878125 0.1203125 0.1078125
0 0.55625 0.9578125 0.153125 0.084375