0 0.03203125 0.40234375 0.0640625 0.0578125
0 0.09296875 0.28671875 0.04296875 0.05078125
0 0.16640625 0.253125 0.08671875 0.0671875
0 0.1734375 0.1734375 0.12265625 0.09375
0 0.02734375 0.18046875 0.0484375 0.053125
0 0.03203125 0.11328125 0.04296875 0.04296875
0 0.14296875 0.0171875 0.0671875 0.034375
0 0.2828125 0.03046875 0.0453125 0.0484375
0 0.409375 0.02578125 0.0578125 0.05078125
0 0.3953125 0.078125 0.04296875 0.04296875
0 0.39140625 0.2046875 0.0578125 0.0484375
0 0.77421875 0.0265625 0.1453125 0.053125
0 0.80703125 0.1859375 0.06015625 0.0765625
0 0.7046875 0.13359375 0.06015625 0.0765625
0 0.60546875 0.0828125 0.0796875 0.09140625
0 0.5203125 0.08671875 0.053125 0.06015625
0 0.55859375 0.221875 0.06953125 0.0625
0 0.590625 0.32890625 0.040625 0.040625
0 0.8765625 0.409375 0.053125 0.0578125
0 0.71328125 0.35703125 0.07421875 0.0765625
0 0.0359375 0.94375 0.071875 0.1125
0 0.4375 0.55390625 0.04375 0.1015625
0 0.1828125 0.696875 0.06015625 0.0625
0 0.2046875 0.84765625 0.05546875 0.0578125
0 0.2953125 0.740625 0.0671875 0.071875
0 0.25234375 0.4828125 0.0484375 0.0453125
0 0.203125 0.63515625 0.06484375 0.06015625
0 0.19375 0.55234375 0.040625 0.040625
0 0.4328125 0.8921875 0.04296875 0.04296875
0 0.803125 0.71953125 0.39375 0.5609375