0 0.02734375 0.11875 0.0546875 0.071875
0 0.36171875 0.63125 0.08671875 0.0671875
0 0.3546875 0.5515625 0.12265625 0.09375
0 0.384375 0.38359375 0.0671875 0.0578125
0 0.33046875 0.3421875 0.05078125 0.0453125
0 0.2453125 0.40859375 0.0453125 0.0484375
0 0.11875 0.40390625 0.0578125 0.05078125
0 0.1328125 0.45625 0.04296875 0.04296875
0 0.01796875 0.4484375 0.0359375 0.0375
0 0.04453125 0.52890625 0.053125 0.053125
0 0.13671875 0.5828125 0.0578125 0.0484375
0 0.01640625 0.65390625 0.0328125 0.0578125
0 0.41171875 0.21875 0.0140625 0.0625
0 0.37578125 0.1625 0.0671875 0.05078125
0 0.3390625 0.05390625 0.05546875 0.053125
0 0.23515625 0.0453125 0.06484375 0.06953125
0 0.1453125 0.01484375 0.059375 0.0296875
0 0.109375 0.1390625 0.053125 0.06484375
0 0.16953125 0.2171875 0.0625 0.06484375
0 0.6078125 0.2671875 0.11796875 0.11796875
0 0.571875 0.34453125 0.103125 0.09609375
0 0.62265625 0.55 0.08203125 0.08671875
0 0.18515625 0.86484375 0.26171875 0.228125
0 0.38671875 0.7578125 0.05546875 0.0578125
0 0.0140625 0.95390625 0.028125 0.0890625
0 0.9109375 0.98984375 0.096875 0.0203125
0 0.98046875 0.9734375 0.0390625 0.053125
0 0.91328125 0.82109375 0.071875 0.08203125
0 0.5203125 0.73125 0.0578125 0.0625
0 0.5890625 0.7046875 0.065625 0.03125
0 0.7015625 0.70625 0.08125 0.034375
0 0.90859375 0.7125 0.0578125 0.046875