0 0.14453125 0.22734375 0.0796875 0.06953125
0 0.28359375 0.2109375 0.0625 0.04296875
0 0.25390625 0.16875 0.071875 0.0484375
0 0.65703125 0.2703125 0.0578125 0.0375
0 0.640625 0.0390625 0.08203125 0.07421875
0 0.65703125 0.1484375 0.0640625 0.065625
0 0.01328125 0.1234375 0.0265625 0.06875
0 0.0640625 0.26640625 0.05625 0.0453125
0 0.03125 0.2 0.04296875 0.040625
0 0.84453125 0.14453125 0.3109375 0.2890625
0 0.0234375 0.38125 0.046875 0.09375
0 0.18359375 0.496875 0.103125 0.10546875
0 0.0296875 0.703125 0.059375 0.10625
0 0.0234375 0.759375 0.046875 0.09375
0 0.25625 0.87109375 0.10546875 0.10546875
0 0.2234375 0.92578125 0.1875 0.1484375
0 0.35234375 0.96328125 0.1203125 0.0734375
0 0.47578125 0.94609375 0.1609375 0.1078125
0 0.640625 0.88359375 0.096875 0.2328125
0 0.56015625 0.625 0.2578125 0.29375
0 0.11328125 0.34375 0.1296875 0.109375
0 0.3859375 0.4359375 0.60625 0.29375
0 0.6609375 0.43125 0.05625 0.259375
0 0.2640625 0.65546875 0.12734375 0.125
0 0.10546875 0.69296875 0.09375 0.09375
0 0.915625 0.8015625 0.0890625 0.09140625
0 0.7421875 0.7171875 0.10625 0.146875
0 0.7796875 0.94921875 0.0890625 0.0890625
0 0.78671875 0.88203125 0.0984375 0.09609375
0 0.72734375 0.875 0.0765625 0.096875
0 0.7140625 0.43359375 0.05 0.0953125