0 0.08828125 0.20546875 0.0625 0.071875
0 0.034375 0.26015625 0.0625 0.06953125
0 0.41015625 0.50390625 0.08671875 0.09375
0 0.50078125 0.49296875 0.0765625 0.0765625
0 0.6125 0.19609375 0.05078125 0.06015625
0 0.4765625 0.06640625 0.053125 0.0578125
0 0.36484375 0.29609375 0.053125 0.0578125
0 0.3984375 0.3640625 0.0578125 0.06484375
0 0.32109375 0.33828125 0.03828125 0.0484375
0 0.02890625 0.0140625 0.0578125 0.028125
0 0.7109375 0.32734375 0.04375 0.0796875
0 0.89375 0.11953125 0.0796875 0.0890625
0 0.71328125 0.11171875 0.0484375 0.1734375
0 0.18984375 0.65390625 0.08671875 0.09375
0 0.03046875 0.75859375 0.0609375 0.0953125
0 0.59609375 0.7171875 0.084375 0.071875
0 0.43203125 0.72109375 0.0796875 0.0765625
0 0.340625 0.775 0.0984375 0.0890625
0 0.34921875 0.6140625 0.1109375 0.109375
0 0.44453125 0.5875 0.1234375 0.05625
0 0.534375 0.85078125 0.071875 0.071875
0 0.75859375 0.753125 0.06484375 0.06953125
0 0.71484375 0.9390625 0.0515625 0.0625