0 0.2734375 0.04921875 0.103125 0.09609375
0 0.03359375 0.0265625 0.0671875 0.053125
0 0.51953125 0.29453125 0.0203125 0.0671875
0 0.40625 0.41328125 0.0625 0.06953125
0 0.303125 0.25625 0.0625 0.0671875
0 0.5109375 0.03359375 0.0375 0.0671875
0 0.14296875 0.45 0.0640625 0.059375
0 0.09140625 0.46953125 0.0484375 0.0203125
0 0.91875 0.40859375 0.03359375 0.0359375
0 0.98203125 0.30703125 0.0359375 0.0484375
0 0.971875 0.234375 0.05625 0.11875
0 0.975 0.221875 0.0484375 0.0484375
0 0.93515625 0.15234375 0.06953125 0.06015625
0 0.96875 0.10078125 0.05078125 0.053125
0 0.85625 0.01875 0.053125 0.0375
0 0.825 0.05859375 0.0265625 0.040625
0 0.7828125 0.084375 0.0671875 0.05546875
0 0.8609375 0.171875 0.0359375 0.040625
0 0.39609375 0.57109375 0.18046875 0.16796875
0 0.19296875 0.89921875 0.146875 0.14921875
0 0.3140625 0.90390625 0.08203125 0.084375
0 0.3359375 0.7921875 0.10078125 0.09609375
0 0.48125 0.75546875 0.0890625 0.09140625
0 0.27578125 0.553125 0.0578125 0.06015625
0 0.0109375 0.52109375 0.021875 0.0578125
0 0.0328125 0.596875 0.06015625 0.0625
0 0.54609375 0.56640625 0.0328125 0.1234375
0 0.975 0.55625 0.05 0.09375
0 0.8984375 0.64453125 0.103125 0.09375