0 0.25703125 0.05546875 0.2234375 0.1109375
0 0.13984375 0.08203125 0.10078125 0.10078125
0 0.06796875 0.06640625 0.09375 0.09140625
0 0.24296875 0.22265625 0.08671875 0.08671875
0 0.09140625 0.3578125 0.1828125 0.215625
0 0.04296875 0.22421875 0.0859375 0.0984375
0 0.35234375 0.49609375 0.0328125 0.0671875
0 0.16953125 0.4421875 0.09375 0.09609375
0 0.209375 0.3859375 0.08203125 0.08203125
0 0.24453125 0.125 0.0796875 0.0796875
0 0.4140625 0.40859375 0.090625 0.1046875
0 0.57421875 0.496875 0.0796875 0.065625
0 0.62265625 0.51484375 0.0765625 0.0296875
0 0.73671875 0.43125 0.2453125 0.196875
0 0.72578125 0.3671875 0.0890625 0.08671875
0 0.515625 0.0515625 0.11875 0.103125
0 0.71875 0.15234375 0.08671875 0.08671875
0 0.740625 0.08828125 0.084375 0.084375
0 0.8265625 0.1078125 0.12265625 0.125
0 0.61640625 0.30859375 0.053125 0.053125
0 0.43046875 0.3328125 0.0671875 0.06484375
0 0.39453125 0.29296875 0.0515625 0.0703125
0 0.37734375 0.23671875 0.0171875 0.0703125
0 0.02109375 0.94296875 0.0421875 0.0859375
0 0.33828125 0.96953125 0.0578125 0.0609375
0 0.30625 0.9 0.071875 0.06015625
0 0.29921875 0.8453125 0.053125 0.0765625
0 0.20859375 0.79375 0.0578125 0.06484375
0 0.096875 0.875 0.0796875 0.084375
0 0.0703125 0.8015625 0.140625 0.25
0 0.640625 0.6578125 0.09375 0.10078125
0 0.61640625 0.5625 0.06953125 0.06015625
0 0.7921875 0.5515625 0.115625 0.04375
0 0.703125 0.5453125 0.065625 0.03125
0 0.9171875 0.9234375 0.06484375 0.0625
0 0.7703125 0.9171875 0.05078125 0.040625
0 0.6140625 0.9625 0.04296875 0.0484375
0 0.89765625 0.79453125 0.071875 0.07421875
0 0.98203125 0.76015625 0.0359375 0.0734375