0 0.52578125 0.35390625 0.0859375 0.0296875
0 0.234375 0.303125 0.09375 0.0796875
0 0.31796875 0.2734375 0.06953125 0.0796875
0 0.3359375 0.12265625 0.06484375 0.08671875
0 0.4921875 0.04609375 0.05078125 0.07421875
0 0.9703125 0.03046875 0.059375 0.0609375
0 0.6890625 0.2078125 0.103125 0.103125
0 0.7859375 0.103125 0.07421875 0.0671875
0 0.58671875 0.07109375 0.0359375 0.0484375
0 0.9890625 0.3484375 0.021875 0.040625
0 0.29375 0.51640625 0.12734375 0.1078125
0 0.24296875 0.78359375 0.08671875 0.08671875
0 0.5296875 0.74765625 0.078125 0.0734375
0 0.934375 0.4296875 0.13125 0.121875
0 0.75546875 0.715625 0.3734375 0.56875