0 0.41875 0.04921875 0.115625 0.0984375
0 0.12265625 0.26640625 0.0984375 0.11796875
0 0.03203125 0.34140625 0.0640625 0.0796875
0 0.3703125 0.39765625 0.0578125 0.06484375
0 0.05859375 0.01328125 0.0453125 0.0265625
0 0.66015625 0.1015625 0.0890625 0.06015625
0 0.73359375 0.12421875 0.03828125 0.03828125
0 0.91171875 0.26640625 0.03359375 0.05078125
0 0.7421875 0.44296875 0.12265625 0.1296875
0 0.88515625 0.04609375 0.1296875 0.0921875
0 0.6140625 0.26640625 0.009375 0.0421875
0 0.0296875 0.9578125 0.059375 0.084375
0 0.0328125 0.83515625 0.065625 0.1609375
0 0.18203125 0.565625 0.2234375 0.09375
0 0.153125 0.69453125 0.0796875 0.0765625
0 0.271875 0.75 0.06953125 0.0578125
0 0.25859375 0.81484375 0.0484375 0.0484375
0 0.3140625 0.853125 0.06015625 0.0671875
0 0.41953125 0.92890625 0.07421875 0.0671875
0 0.53984375 0.946875 0.06484375 0.0578125
0 0.58203125 0.73515625 0.0546875 0.0765625
0 0.45703125 0.6625 0.06484375 0.0671875
0 0.45 0.55625 0.06484375 0.06484375
0 0.61953125 0.9609375 0.0203125 0.071875
0 0.63515625 0.90859375 0.0515625 0.0671875
0 0.82734375 0.9375 0.09609375 0.0890625
0 0.8671875 0.82265625 0.14453125 0.13671875
0 0.73125 0.7625 0.09140625 0.09140625
0 0.634375 0.646875 0.05 0.14375
0 0.91640625 0.56640625 0.1671875 0.0953125
0 0.84140625 0.72890625 0.10546875 0.09609375