0 0.01171875 0.27265625 0.0234375 0.0796875
0 0.5125 0.284375 0.053125 0.103125
0 0.40234375 0.303125 0.0625 0.08203125
0 0.396875 0.159375 0.05546875 0.071875
0 0.31640625 0.14453125 0.05078125 0.0484375
0 0.78984375 0.2015625 0.07421875 0.084375
0 0.7109375 0.17734375 0.06484375 0.08203125
0 0.6328125 0.1125 0.071875 0.0796875
0 0.01875 0.615625 0.0375 0.1
0 0.0296875 0.4859375 0.059375 0.065625
0 0.446875 0.49921875 0.0578125 0.06015625
0 0.4578125 0.45078125 0.053125 0.0234375
0 0.3921875 0.6921875 0.0484375 0.05078125
0 0.46640625 0.68046875 0.1453125 0.1453125
0 0.39921875 0.86640625 0.0765625 0.07421875
0 0.046875 0.67421875 0.05546875 0.053125
0 0.00703125 0.74921875 0.0140625 0.0390625
0 0.65 0.875 0.09375 0.1109375
0 0.753125 0.79921875 0.071875 0.06484375