0 0.4015625 0.0265625 0.05625 0.053125
0 0.32578125 0.0390625 0.0671875 0.0671875
0 0.7546875 0.0609375 0.196875 0.121875
0 0.9203125 0.0765625 0.159375 0.153125
0 0.49921875 0.1140625 0.0453125 0.05546875
0 0.66015625 0.19375 0.0796875 0.0796875
0 0.7625 0.209375 0.0671875 0.0671875
0 0.87890625 0.24765625 0.06015625 0.071875
0 0.68984375 0.30625 0.0671875 0.025
0 0.47734375 0.309375 0.0453125 0.01875
0 0.44140625 0.18828125 0.0234375 0.0609375
0 0.009375 0.88046875 0.01875 0.0796875
0 0.91015625 0.46328125 0.1796875 0.2046875
0 0.98359375 0.37734375 0.0328125 0.0765625
0 0.490625 0.6140625 0.115625 0.10546875
0 0.97578125 0.96953125 0.0484375 0.0609375
0 0.98046875 0.87578125 0.0390625 0.1015625
0 0.71640625 0.80078125 0.5671875 0.3984375
0 0.61953125 0.36953125 0.07421875 0.08203125
0 0.87109375 0.3359375 0.1078125 0.034375