0 0.88515625 0.278125 0.1078125 0.1078125
0 0.9765625 0.259375 0.046875 0.1
0 0.92109375 0.1890625 0.12265625 0.115625
0 0.2046875 0.33203125 0.071875 0.13671875
0 0.2765625 0.2765625 0.1078125 0.10078125
0 0.53671875 0.48828125 0.0796875 0.0609375
0 0.678125 0.3390625 0.12265625 0.13671875
0 0.84453125 0.4375 0.09140625 0.10078125
0 0.9125 0.42109375 0.13203125 0.10546875
0 0.6953125 0.4984375 0.09375 0.040625
0 0.7578125 0.47890625 0.08125 0.0796875
0 0.575 0.065625 0.0890625 0.084375
0 0.63671875 0.01796875 0.0765625 0.0359375
0 0.690625 0.059375 0.0890625 0.08203125
0 0.0515625 0.89609375 0.103125 0.2078125
0 0.834375 0.64375 0.115625 0.13671875
0 0.684375 0.709375 0.0765625 0.071875
0 0.771875 0.8375 0.0890625 0.103125
0 0.93984375 0.85703125 0.1203125 0.2484375