0 0.16640625 0.3671875 0.10078125 0.1203125
0 0.0515625 0.2125 0.06953125 0.0796875
0 0.05234375 0.1 0.1046875 0.1
0 0.284375 0.31484375 0.05 0.2421875
0 0.06953125 0.00859375 0.0578125 0.0171875
0 0.34140625 0.35 0.0640625 0.1125
0 0.4109375 0.06484375 0.1875 0.1296875
0 0.47109375 0.29140625 0.3234375 0.2953125
0 0.6921875 0.325 0.19453125 0.18984375
0 0.76796875 0.278125 0.1609375 0.15625
0 0.55390625 0.05234375 0.08671875 0.0890625
0 0.95390625 0.20703125 0.0921875 0.1515625
0 0.92265625 0.284375 0.084375 0.084375
0 0.90625 0.40625 0.0875 0.065625
0 0.83828125 0.10859375 0.2296875 0.2171875
0 0.1953125 0.92734375 0.228125 0.1453125
0 0.04375 0.9796875 0.0875 0.040625
0 0.2046875 0.6890625 0.115625 0.1203125
0 0.08046875 0.4484375 0.0703125 0.01875
0 0.12109375 0.4671875 0.0578125 0.05625
0 0.70625 0.46953125 0.1875 0.0609375
0 0.653125 0.5515625 0.09609375 0.084375
0 0.815625 0.7 0.25 0.31015625
0 0.740625 0.82890625 0.06953125 0.06953125
0 0.8734375 0.46640625 0.08125 0.0546875
0 0.3265625 0.63125 0.034375 0.103125
0 0.371875 0.9421875 0.11796875 0.071875
0 0.5609375 0.9 0.0796875 0.08203125