0 0.10078125 0.2640625 0.0984375 0.0984375
0 0.14375 0.11875 0.125 0.13203125
0 0.31015625 0.0390625 0.1109375 0.078125
0 0.571875 0.37109375 0.11328125 0.115625
0 0.22109375 0.53046875 0.2640625 0.2578125
0 0.1640625 0.378125 0.290625 0.2859375
0 0.4640625 0.1421875 0.1296875 0.134375
0 0.43984375 0.0109375 0.0890625 0.021875
0 0.59609375 0.1921875 0.1859375 0.259375
0 0.51328125 0.51171875 0.0890625 0.09140625
0 0.4796875 0.5796875 0.334375 0.159375
0 0.60625 0.49140625 0.165625 0.3359375
0 0.80703125 0.63203125 0.0984375 0.0546875
0 0.71171875 0.6390625 0.0453125 0.040625
0 0.92109375 0.5453125 0.09140625 0.115625
0 0.76328125 0.3109375 0.1390625 0.134375
0 0.7140625 0.40625 0.05 0.096875
0 0.775 0.08515625 0.171875 0.1515625
0 0.9890625 0.11640625 0.021875 0.0765625
0 0.31640625 0.88125 0.0984375 0.103125
0 0.34609375 0.79609375 0.0625 0.06015625
0 0.92890625 0.70390625 0.0984375 0.0890625
0 0.87734375 0.6796875 0.0890625 0.040625