0 0.14921875 0.4921875 0.0890625 0.075
0 0.10234375 0.2890625 0.1828125 0.24296875
0 0.23203125 0.10546875 0.2015625 0.2109375
0 0.26328125 0.35390625 0.084375 0.09375
0 0.35390625 0.03359375 0.0921875 0.0671875
0 0.4625 0.20078125 0.053125 0.2078125
0 0.36953125 0.45234375 0.2390625 0.1546875
0 0.665625 0.26484375 0.353125 0.5296875
0 0.7546875 0.3140625 0.103125 0.10078125
0 0.9296875 0.40625 0.08671875 0.0890625
0 0.93359375 0.07578125 0.0765625 0.07421875
0 0.8609375 0.10859375 0.0890625 0.084375
0 0.9828125 0.43046875 0.034375 0.0890625
0 0.82421875 0.475 0.1453125 0.109375
0 0.67265625 0.34609375 0.103125 0.10078125
0 0.74140625 0.1609375 0.07421875 0.07421875
0 0.65078125 0.15546875 0.08203125 0.08671875
0 0.66875 0.203125 0.07421875 0.06953125
0 0.30234375 0.5453125 0.1421875 0.03125
0 0.31015625 0.61484375 0.09609375 0.0984375
0 0.3984375 0.7375 0.09375 0.09375
0 0.446875 0.54375 0.084375 0.028125
0 0.084375 0.72109375 0.0890625 0.08671875
0 0.0171875 0.8640625 0.034375 0.178125
0 0.08828125 0.90078125 0.053125 0.06484375
0 0.13515625 0.9140625 0.06484375 0.0625
0 0.38203125 0.93515625 0.2140625 0.1296875
0 0.9640625 0.55546875 0.071875 0.0515625
0 0.71875 0.80078125 0.178125 0.1828125
0 0.8328125 0.640625 0.1078125 0.1109375
0 0.89453125 0.70859375 0.11796875 0.084375
0 0.89453125 0.8359375 0.06015625 0.06484375
0 0.8265625 0.91171875 0.0578125 0.06484375
0 0.53125 0.96796875 0.084375 0.0640625
0 0.51015625 0.66875 0.0421875 0.053125