0 0.2859375 0.04921875 0.0984375 0.0984375
0 0.04765625 0.16015625 0.0953125 0.1140625
0 0.21640625 0.22734375 0.20703125 0.228125
0 0.315625 0.3765625 0.20625 0.165625
0 0.3765625 0.19140625 0.084375 0.0890625
0 0.8328125 0.228125 0.1421875 0.22578125
0 0.4859375 0.09296875 0.084375 0.0890625
0 0.01640625 0.73671875 0.0328125 0.1921875
0 0.05078125 0.48359375 0.0765625 0.0484375
0 0.29140625 0.5046875 0.1703125 0.090625
0 0.2421875 0.89140625 0.1109375 0.13203125
0 0.03828125 0.99140625 0.0703125 0.0171875
0 0.01484375 0.97421875 0.0296875 0.0515625
0 0.759375 0.86796875 0.34375 0.2640625
0 0.690625 0.63515625 0.12734375 0.125
0 0.59296875 0.5984375 0.12265625 0.12734375
0 0.56796875 0.7234375 0.11328125 0.11328125
0 0.46171875 0.75 0.0859375 0.090625
0 0.83828125 0.68125 0.08671875 0.0890625
0 0.5828125 0.97578125 0.190625 0.0484375
0 0.43671875 0.51875 0.0359375 0.09375
0 0.5140625 0.55390625 0.09375 0.09609375
0 0.965625 0.66015625 0.06875 0.1015625