0 0.2078125 0.3375 0.071875 0.0796875
0 0.284375 0.19453125 0.26875 0.3890625
0 0.109375 0.16796875 0.071875 0.06953125
0 0.95234375 0.3265625 0.0953125 0.125
0 0.89375 0.159375 0.0765625 0.06953125
0 0.9125 0.2171875 0.0625 0.0796875
0 0.53984375 0.03203125 0.0734375 0.0640625
0 0.81328125 0.03125 0.0625 0.0625
0 0.71796875 0.134375 0.06484375 0.071875
0 0.99140625 0.02421875 0.0171875 0.0484375
0 0.9046875 0.0453125 0.05546875 0.05078125
0 0.646875 0.2453125 0.07421875 0.06015625
0 0.5484375 0.28828125 0.0484375 0.06484375
0 0.03828125 0.86953125 0.0765625 0.1234375
0 0.30859375 0.96953125 0.0890625 0.0609375
0 0.3171875 0.87734375 0.15390625 0.1390625
0 0.08828125 0.4375 0.1171875 0.096875
0 0.5625 0.48671875 0.2875 0.1953125
0 0.83203125 0.53046875 0.3359375 0.2828125
0 0.84921875 0.83046875 0.3015625 0.3390625
0 0.6921875 0.86640625 0.428125 0.2671875
0 0.6015625 0.9234375 0.365625 0.153125
0 0.45390625 0.63515625 0.0703125 0.1203125
0 0.48203125 0.69375 0.10546875 0.1078125
0 0.5234375 0.621875 0.10078125 0.10546875