0 0.5484375 0.3640625 0.0625 0.0671875
0 0.375 0.2140625 0.434375 0.428125
0 0.02421875 0.20859375 0.0484375 0.0796875
0 0.01484375 0.43046875 0.0296875 0.0671875
0 0.17734375 0.48046875 0.0671875 0.0171875
0 0.77265625 0.4203125 0.1453125 0.1375
0 0.909375 0.3609375 0.09140625 0.09140625
0 0.9171875 0.03515625 0.165625 0.0703125
0 0.7375 0.1203125 0.1375 0.184375
0 0.79921875 0.32734375 0.10546875 0.09609375
0 0.12421875 0.89296875 0.0984375 0.10546875
0 0.11015625 0.8015625 0.0625 0.06484375
0 0.253125 0.596875 0.0453125 0.0578125
0 0.28671875 0.55390625 0.05078125 0.05546875
0 0.3421875 0.590625 0.08671875 0.08203125
0 0.084375 0.5046875 0.05625 0.03125
0 0.825 0.63828125 0.3125 0.2984375
0 0.72265625 0.96328125 0.0859375 0.0734375
0 0.7640625 0.88125 0.05546875 0.05546875