0 0.0640625 0.3859375 0.128125 0.2875
0 0.44921875 0.4890625 0.1484375 0.08125
0 0.47578125 0.36171875 0.14453125 0.13671875
0 0.471875 0.06015625 0.16875 0.1203125
0 0.13359375 0.0625 0.09140625 0.09140625
0 0.3015625 0.365625 0.16796875 0.1828125
0 0.73359375 0.046875 0.09375 0.084375
0 0.959375 0.2203125 0.07421875 0.071875
0 0.85625 0.18515625 0.0484375 0.0484375
0 0.9140625 0.3640625 0.103125 0.1421875
0 0.33515625 0.9859375 0.0578125 0.028125
0 0.33984375 0.95078125 0.0484375 0.05546875
0 0.30625 0.91484375 0.0671875 0.071875
0 0.14140625 0.91015625 0.040625 0.053125
0 0.00546875 0.925 0.0109375 0.040625
0 0.04609375 0.803125 0.0671875 0.06484375
0 0.44140625 0.978125 0.0640625 0.04375
0 0.53046875 0.8921875 0.071875 0.084375
0 0.49140625 0.7671875 0.0765625 0.0890625
0 0.36875 0.7421875 0.09375 0.10078125
0 0.3109375 0.62421875 0.0765625 0.103125
0 0.071875 0.6171875 0.0796875 0.0984375
0 0.1734375 0.553125 0.040625 0.046875
0 0.03828125 0.5453125 0.0515625 0.03125
0 0.9609375 0.61953125 0.078125 0.0984375
0 0.76796875 0.68203125 0.0796875 0.0796875
0 0.62421875 0.76796875 0.0484375 0.0828125
0 0.61015625 0.8890625 0.0203125 0.04375
0 0.9234375 0.98359375 0.084375 0.0328125