0 0.1390625 0.15703125 0.0765625 0.0890625
0 0.09609375 0.08359375 0.0578125 0.04296875
0 0.6296875 0.23046875 0.1203125 0.11796875
0 0.19453125 0.33828125 0.06953125 0.0625
0 0.88046875 0.43359375 0.2390625 0.2328125
0 0.91015625 0.3203125 0.09140625 0.09609375
0 0.796875 0.24296875 0.075 0.0828125
0 0.40234375 0.7296875 0.3609375 0.359375
0 0.39921875 0.6 0.1546875 0.1
0 0.22109375 0.58984375 0.1421875 0.0796875
0 0.28828125 0.56796875 0.1296875 0.0359375
0 0.14296875 0.7265625 0.0984375 0.0984375
0 0.12734375 0.82265625 0.0890625 0.0890625
0 0.178125 0.91171875 0.12265625 0.12265625
0 0.0734375 0.91484375 0.09375 0.09375
0 0.0140625 0.9109375 0.028125 0.103125
0 0.1828125 0.97421875 0.090625 0.0515625
0 0.24296875 0.9671875 0.1140625 0.065625
0 0.43671875 0.98125 0.1015625 0.0375
0 0.609375 0.85390625 0.10546875 0.10546875
0 0.5609375 0.64921875 0.10078125 0.103125
0 0.64453125 0.98359375 0.1078125 0.0328125
0 0.73046875 0.8171875 0.0578125 0.103125
0 0.73671875 0.66953125 0.0453125 0.0765625
0 0.85390625 0.915625 0.1890625 0.16875
0 0.82578125 0.578125 0.1328125 0.05625