0 0.20078125 0.2953125 0.06015625 0.07421875
0 0.178125 0.21484375 0.0484375 0.03359375
0 0.2109375 0.484375 0.0578125 0.05078125
0 0.58828125 0.29375 0.0578125 0.165625
0 0.61484375 0.56015625 0.0765625 0.0796875
0 0.60390625 0.475 0.08671875 0.08671875
0 0.690625 0.225 0.084375 0.07421875
0 0.971875 0.27421875 0.05625 0.0671875
0 0.9140625 0.44140625 0.0625 0.0625
0 0.8765625 0.36953125 0.05546875 0.0578125
0 0.8203125 0.41015625 0.0625 0.06015625
0 0.5421875 0.70703125 0.034375 0.0984375
0 0.54609375 0.8015625 0.0265625 0.071875
0 0.08125 0.93125 0.115625 0.13203125
0 0.078125 0.82265625 0.0796875 0.084375
0 0.2625 0.7546875 0.11796875 0.12265625
0 0.2421875 0.63671875 0.090625 0.0734375
0 0.18046875 0.70390625 0.0765625 0.06953125
0 0.0265625 0.74609375 0.053125 0.1828125
0 0.33359375 0.63046875 0.0890625 0.0609375
0 0.96640625 0.75390625 0.0671875 0.1359375
0 0.8546875 0.7546875 0.10078125 0.10078125
0 0.753125 0.6796875 0.178125 0.159375
0 0.61484375 0.6171875 0.1109375 0.034375
0 0.6265625 0.8953125 0.06953125 0.07421875