0 0.25546875 0.465625 0.0796875 0.028125
0 0.1859375 0.3375 0.06953125 0.0625
0 0.69453125 0.409375 0.06484375 0.07421875
0 0.32265625 0.678125 0.1109375 0.11796875
0 0.05546875 0.9234375 0.0984375 0.09375
0 0.16875 0.86015625 0.0890625 0.08203125
0 0.0265625 0.8328125 0.053125 0.06875
0 0.321875 0.95078125 0.1125 0.0984375
0 0.45859375 0.97890625 0.0765625 0.0421875
0 0.39453125 0.5171875 0.053125 0.0671875
0 0.1328125 0.6734375 0.0890625 0.084375
0 0.20234375 0.7109375 0.08203125 0.103125
0 0.5390625 0.6140625 0.059375 0.26875
0 0.10390625 0.4875 0.0609375 0.015625
0 0.07265625 0.5640625 0.06953125 0.0671875
0 0.2359375 0.57265625 0.053125 0.0484375
0 0.2609375 0.61015625 0.053125 0.06953125
0 0.89609375 0.57578125 0.115625 0.11796875
0 0.81015625 0.503125 0.0828125 0.046875
0 0.8828125 0.7234375 0.0796875 0.0765625
0 0.728125 0.709375 0.1421875 0.1734375