0 0.040625 0.05078125 0.08125 0.1015625
0 0.053125 0.0515625 0.053125 0.0578125
0 0.021875 0.43203125 0.04375 0.0828125
0 0.0234375 0.371875 0.046875 0.06875
0 0.021875 0.33671875 0.04375 0.0609375
0 0.02734375 0.26640625 0.0546875 0.0921875
0 0.01328125 0.1890625 0.0265625 0.071875
0 0.22265625 0.04921875 0.10078125 0.0984375
0 0.2390625 0.203125 0.0765625 0.09140625
0 0.34453125 0.0484375 0.0984375 0.096875
0 0.459375 0.11796875 0.07421875 0.08203125
0 0.49765625 0.11171875 0.0234375 0.0671875
0 0.43046875 0.06015625 0.071875 0.07421875
0 0.34375 0.309375 0.08671875 0.0890625
0 0.41484375 0.38125 0.06484375 0.071875
0 0.47734375 0.42890625 0.0640625 0.0890625
0 0.49765625 0.46171875 0.0234375 0.0796875
0 0.2359375 0.53125 0.08125 0.0375
0 0.865625 0.2296875 0.115625 0.115625
0 0.84375 0.1484375 0.0890625 0.0890625
0 0.796875 0.17265625 0.12734375 0.12734375
0 0.77265625 0.0421875 0.0859375 0.084375
0 0.55390625 0.09609375 0.0890625 0.0984375
0 0.6796875 0.4640625 0.0984375 0.10078125
0 0.87265625 0.4125 0.0796875 0.0765625
0 0.99140625 0.24453125 0.0171875 0.0984375
0 0.2125 0.65 0.215625 0.2
0 0.08828125 0.8703125 0.13203125 0.125
0 0.284375 0.96171875 0.0765625 0.07421875
0 0.47265625 0.70859375 0.0734375 0.1515625
0 0.81796875 0.74453125 0.08203125 0.06953125
0 0.74609375 0.7734375 0.08203125 0.06953125
0 0.89609375 0.8140625 0.06953125 0.0765625
0 0.9921875 0.95390625 0.015625 0.0859375
0 0.946875 0.9453125 0.0671875 0.0765625
0 0.88046875 0.95859375 0.0671875 0.0828125
0 0.5546875 0.9171875 0.090625 0.115625
0 0.715625 0.84765625 0.11328125 0.11796875
0 0.5265625 0.67265625 0.034375 0.0640625