0 0.67578125 0.03359375 0.0765625 0.0671875
0 0.6953125 0.10234375 0.0796875 0.0796875
0 0.7296875 0.22890625 0.040625 0.0859375
0 0.5328125 0.18203125 0.1390625 0.1390625
0 0.56875 0.31171875 0.0765625 0.0796875
0 0.19140625 0.13515625 0.0984375 0.0984375
0 0.24765625 0.1 0.084375 0.08203125
0 0.28125 0.08359375 0.071875 0.071875
0 0.39921875 0.090625 0.1109375 0.1109375
0 0.35390625 0.053125 0.10546875 0.10546875
0 0.43984375 0.040625 0.0828125 0.08125
0 0.58828125 0.38359375 0.1078125 0.0484375
0 0.7359375 0.3828125 0.028125 0.046875
0 0.48671875 0.46171875 0.10546875 0.08203125
0 0.28515625 0.45546875 0.084375 0.0890625
0 0.03359375 0.5921875 0.0671875 0.084375
0 0.1484375 0.5359375 0.08203125 0.084375
0 0.1734375 0.84140625 0.09375 0.1109375
0 0.24921875 0.9703125 0.0984375 0.059375
0 0.49921875 0.9421875 0.0765625 0.115625
0 0.39921875 0.8421875 0.0453125 0.071875
0 0.77265625 0.76328125 0.0453125 0.0984375
0 0.86171875 0.6890625 0.08203125 0.08203125
0 0.921875 0.596875 0.115625 0.10078125
0 0.80234375 0.74453125 0.05546875 0.06015625