0 0.30078125 0.18984375 0.12734375 0.12734375
0 0.265625 0.203125 0.053125 0.0578125
0 0.4015625 0.1421875 0.06484375 0.06484375
0 0.3796875 0.08046875 0.07421875 0.07421875
0 0.28515625 0.0328125 0.0796875 0.065625
0 0.4 0.0125 0.06875 0.025
0 0.51640625 0.090625 0.0671875 0.084375
0 0.46875 0.153125 0.06953125 0.0671875
0 0.47734375 0.31640625 0.11796875 0.1203125
0 0.3171875 0.584375 0.08671875 0.08203125
0 0.3078125 0.52421875 0.071875 0.06953125
0 0.30703125 0.4890625 0.06484375 0.06015625
0 0.3546875 0.39453125 0.09375 0.09609375
0 0.3078125 0.41875 0.0890625 0.09140625
0 0.32578125 0.34140625 0.06953125 0.071875
0 0.09609375 0.20078125 0.10078125 0.0984375
0 0.0796875 0.3546875 0.0765625 0.09140625
0 0.0109375 0.196875 0.021875 0.103125
0 0.0328125 0.04375 0.065625 0.0875
0 0.08125 0.69140625 0.08125 0.0546875
0 0.7703125 0.3046875 0.05546875 0.05078125
0 0.9171875 0.0921875 0.0578125 0.05546875
0 0.10546875 0.72734375 0.0671875 0.0171875
0 0.50703125 0.75390625 0.0640625 0.0703125
0 0.52734375 0.85234375 0.0453125 0.0890625
0 0.25859375 0.859375 0.4859375 0.28125
0 0.85234375 0.740625 0.0578125 0.04375
0 0.65234375 0.7453125 0.0828125 0.053125
0 0.86953125 0.98125 0.0609375 0.0375
0 0.85 0.88203125 0.0671875 0.06015625
0 0.965625 0.77109375 0.040625 0.0484375
0 0.98515625 0.8640625 0.0296875 0.04375