0 0.30546875 0.29921875 0.0984375 0.09375
0 0.34296875 0.3015625 0.0359375 0.0453125
0 0.19375 0.29921875 0.0484375 0.05078125
0 0.1875 0.3640625 0.0578125 0.0578125
0 0.24921875 0.4546875 0.0578125 0.0578125
0 0.13046875 0.43671875 0.05078125 0.05546875
0 0.0171875 0.440625 0.034375 0.05625
0 0.02109375 0.496875 0.03125 0.03359375
0 0.0375 0.53125 0.04296875 0.04296875
0 0.1109375 0.49453125 0.05546875 0.06484375
0 0.10234375 0.5578125 0.0484375 0.05078125
0 0.18671875 0.6015625 0.05078125 0.03828125
0 0.253125 0.51015625 0.03359375 0.03828125
0 0.0625 0.2921875 0.0578125 0.06484375
0 0.1375 0.2609375 0.053125 0.05078125
0 0.025 0.20703125 0.05 0.0546875
0 0.20078125 0.109375 0.08671875 0.09140625
0 0.09921875 0.0421875 0.04296875 0.0578125
0 0.4421875 0.01015625 0.05625 0.0203125
0 0.43046875 0.0265625 0.05078125 0.04296875
0 0.3453125 0.09140625 0.0671875 0.07421875
0 0.3984375 0.090625 0.06484375 0.06953125
0 0.34921875 0.1515625 0.053125 0.05546875
0 0.4953125 0.3765625 0.0765625 0.07421875
0 0.57734375 0.246875 0.0484375 0.0796875
0 0.59375 0.43203125 0.05 0.0828125
0 0.51015625 0.57734375 0.11328125 0.08203125
0 0.8734375 0.3265625 0.2234375 0.2234375
0 0.909375 0.196875 0.09140625 0.09140625
0 0.9171875 0.06484375 0.153125 0.1296875
0 0.79296875 0.034375 0.1203125 0.06875
0 0.6515625 0.1484375 0.065625 0.128125
0 0.9484375 0.46953125 0.103125 0.1203125
0 0.63203125 0.4765625 0.0265625 0.103125
0 0.078125 0.8515625 0.0984375 0.09609375
0 0.096875 0.96875 0.071875 0.0625
0 0.24921875 0.98125 0.1265625 0.0375
0 0.39921875 0.9671875 0.0890625 0.065625
0 0.3609375 0.64140625 0.071875 0.0234375
0 0.0421875 0.690625 0.0578125 0.0625
0 0.0984375 0.70859375 0.0671875 0.0671875
0 0.6484375 0.93828125 0.059375 0.1078125
0 0.6671875 0.6546875 0.071875 0.05
0 0.79453125 0.64765625 0.0765625 0.0359375
0 0.9828125 0.92109375 0.034375 0.0703125
0 0.93125 0.8171875 0.08203125 0.06484375
0 0.7015625 0.96796875 0.0625 0.0640625
0 0.6328125 0.8390625 0.028125 0.05625