0 0.4125 0.23515625 0.0796875 0.08203125
0 0.45234375 0.31015625 0.0671875 0.0578125
0 0.4015625 0.32421875 0.084375 0.09609375
0 0.47109375 0.4359375 0.0578125 0.0625
0 0.01796875 0.40546875 0.0359375 0.0671875
0 0.11796875 0.18828125 0.06953125 0.071875
0 0.29453125 0.09609375 0.0578125 0.053125
0 0.50234375 0.03984375 0.0546875 0.0515625
0 0.5078125 0.1125 0.04375 0.0625
0 0.94453125 0.15703125 0.08671875 0.08203125
0 0.76015625 0.30703125 0.14453125 0.134375
0 0.634375 0.4140625 0.14453125 0.13671875
0 0.8875 0.33203125 0.10546875 0.1109375
0 0.8265625 0.3875 0.103125 0.10078125
0 0.56953125 0.165625 0.0796875 0.084375
0 0.54765625 0.4 0.0359375 0.0875
0 0.03828125 0.86015625 0.06484375 0.0765625
0 0.3671875 0.63046875 0.15390625 0.15625
0 0.309375 0.53671875 0.125 0.0953125
0 0.128125 0.65 0.09140625 0.1296875
0 0.17890625 0.590625 0.09375 0.1203125
0 0.44765625 0.91796875 0.1109375 0.0984375
0 0.08828125 0.93359375 0.03828125 0.0453125
0 0.071875 0.96328125 0.02890625 0.040625
0 0.2375 0.85859375 0.06953125 0.0671875
0 0.98671875 0.6265625 0.0265625 0.228125
0 0.946875 0.5953125 0.05546875 0.0765625
0 0.75078125 0.50546875 0.0359375 0.0328125
0 0.65859375 0.5625 0.0578125 0.0625
0 0.76328125 0.64296875 0.06953125 0.084375
0 0.89140625 0.496875 0.0859375 0.015625
0 0.6359375 0.68671875 0.0671875 0.0578125
0 0.834375 0.78359375 0.05078125 0.0578125
0 0.7609375 0.778125 0.0484375 0.0359375
0 0.72734375 0.79375 0.02890625 0.0359375
0 0.90390625 0.8328125 0.040625 0.0578125
0 0.99140625 0.7640625 0.0171875 0.034375
0 0.96171875 0.88828125 0.04296875 0.0453125
0 0.86953125 0.9859375 0.0390625 0.028125
0 0.6359375 0.80625 0.103125 0.0765625
0 0.7046875 0.8953125 0.04296875 0.040625
0 0.64921875 0.91953125 0.040625 0.040625
0 0.76328125 0.98828125 0.0328125 0.0234375
0 0.803125 0.99765625 0.03125 0.0046875