0 0.053125 0.34375 0.10625 0.115625
0 0.0703125 0.2625 0.0890625 0.0890625
0 0.1171875 0.28671875 0.12734375 0.12734375
0 0.140625 0.15625 0.08671875 0.08671875
0 0.36328125 0.2109375 0.09609375 0.0984375
0 0.534375 0.3625 0.06875 0.1125
0 0.46796875 0.496875 0.10078125 0.0984375
0 0.234375 0.578125 0.0984375 0.10078125
0 0.04140625 0.5265625 0.0796875 0.0765625
0 0.82109375 0.02890625 0.1390625 0.0578125
0 0.65390625 0.18984375 0.1703125 0.1953125
0 0.75 0.4875 0.14453125 0.13671875
0 0.98515625 0.18828125 0.0296875 0.1390625
0 0.96640625 0.27734375 0.0671875 0.0921875
0 0.97578125 0.03359375 0.0484375 0.0671875
0 0.9921875 0.434375 0.015625 0.071875
0 0.89921875 0.4109375 0.09375 0.084375
0 0.64453125 0.31328125 0.09375 0.08671875
0 0.840625 0.2375 0.08203125 0.07421875
0 0.36171875 0.765625 0.05078125 0.06484375
0 0.3015625 0.75859375 0.071875 0.08203125
0 0.0140625 0.6546875 0.028125 0.05
0 0.009375 0.7515625 0.01875 0.06875
0 0.08359375 0.76328125 0.0671875 0.0578125
0 0.0515625 0.803125 0.03828125 0.0484375
0 0.409375 0.83515625 0.0453125 0.0484375
0 0.3515625 0.84140625 0.03828125 0.040625
0 0.109375 0.9203125 0.08203125 0.08203125
0 0.4328125 0.93515625 0.196875 0.1296875
0 0.93203125 0.90625 0.08671875 0.0671875
0 0.6640625 0.86171875 0.084375 0.084375
0 0.59765625 0.88125 0.0578125 0.09375
0 0.7109375 0.72890625 0.284375 0.1984375