0 0.3703125 0.1578125 0.115625 0.115625
0 0.45078125 0.18359375 0.0890625 0.0890625
0 0.425 0.22890625 0.12734375 0.12734375
0 0.475 0.47734375 0.06875 0.0953125
0 0.32578125 0.63828125 0.1140625 0.0609375
0 0.1984375 0.56875 0.10078125 0.10078125
0 0.128125 0.33203125 0.10078125 0.10078125
0 0.01875 0.4796875 0.0375 0.096875
0 0.034375 0.5984375 0.06875 0.1125
0 0.18828125 0.14140625 0.0796875 0.0796875
0 0.36328125 0.0203125 0.0984375 0.040625
0 0.9734375 0.5328125 0.053125 0.0625
0 0.1171875 0.834375 0.234375 0.33125
0 0.1109375 0.80234375 0.0984375 0.103125
0 0.12578125 0.72109375 0.1015625 0.1046875
0 0.31015625 0.68984375 0.0921875 0.0421875
0 0.42578125 0.7421875 0.0890625 0.09140625
0 0.459375 0.96328125 0.1 0.0734375
0 0.61015625 0.94453125 0.1578125 0.1109375
0 0.91875 0.878125 0.1625 0.24375
0 0.8203125 0.93515625 0.15625 0.1296875
0 0.72890625 0.89765625 0.11328125 0.11328125
0 0.6546875 0.87265625 0.0984375 0.0984375
0 0.74375 0.8328125 0.11796875 0.11796875
0 0.65078125 0.8078125 0.134375 0.13203125
0 0.8515625 0.76796875 0.1078125 0.1078125
0 0.79140625 0.71015625 0.1203125 0.0828125
0 0.52421875 0.9703125 0.0296875 0.059375