0 0.45859375 0.421875 0.0578125 0.0625
0 0.259375 0.3125 0.0578125 0.0796875
0 0.0296875 0.29140625 0.059375 0.0640625
0 0.02265625 0.1 0.0453125 0.08125
0 0.40234375 0.02109375 0.0578125 0.0421875
0 0.02109375 0.0078125 0.0421875 0.015625
0 0.7515625 0.3640625 0.0765625 0.0796875
0 0.73828125 0.271875 0.0671875 0.05078125
0 0.90546875 0.3546875 0.08671875 0.115625
0 0.88515625 0.27578125 0.053125 0.0484375
0 0.66875 0.1 0.05546875 0.06484375
0 0.7390625 0.05703125 0.053125 0.03359375
0 0.7515625 0.0890625 0.0359375 0.05078125
0 0.81015625 0.0546875 0.0578125 0.04296875
0 0.2140625 0.65234375 0.303125 0.27421875
0 0.4125 0.97109375 0.084375 0.0578125
0 0.49375 0.98203125 0.084375 0.0359375
0 0.53671875 0.86640625 0.0859375 0.1078125
0 0.5125 0.7375 0.09375 0.0984375
0 0.6484375 0.53046875 0.1375 0.1421875
0 0.61796875 0.640625 0.0765625 0.19375
0 0.95546875 0.60703125 0.0890625 0.1078125
0 0.98515625 0.76875 0.0296875 0.1125
0 0.8515625 0.7421875 0.0984375 0.0984375
0 0.69296875 0.71171875 0.1421875 0.1421875
0 0.60078125 0.83984375 0.0421875 0.0609375
0 0.725 0.95546875 0.096875 0.0890625
0 0.8078125 0.971875 0.165625 0.05625
0 0.97265625 0.96015625 0.0546875 0.0796875
0 0.75078125 0.55078125 0.09609375 0.0984375