0 0.29140625 0.021875 0.0578125 0.04375
0 0.97578125 0.0796875 0.0484375 0.0625
0 0.890625 0.053125 0.071875 0.071875
0 0.73125 0.178125 0.0453125 0.0453125
0 0.6875 0.11953125 0.053125 0.05078125
0 0.58984375 0.0640625 0.0578125 0.06953125
0 0.39609375 0.36953125 0.2671875 0.3140625
0 0.41640625 0.66796875 0.11796875 0.103125
0 0.3453125 0.58984375 0.0671875 0.071875
0 0.1390625 0.60078125 0.10078125 0.08671875
0 0.071875 0.5984375 0.0578125 0.0765625
0 0.11484375 0.68828125 0.071875 0.0890625
0 0.17109375 0.259375 0.08671875 0.071875
0 0.040625 0.82265625 0.08125 0.1046875
0 0.2515625 0.8046875 0.1296875 0.13671875
0 0.19453125 0.8953125 0.0765625 0.0984375
0 0.50625 0.875 0.046875 0.08125
0 0.88203125 0.90546875 0.115625 0.103125
0 0.865625 0.715625 0.1203125 0.125
0 0.7828125 0.35546875 0.1390625 0.15859375
0 0.66328125 0.275 0.1203125 0.12265625
0 0.55625 0.83359375 0.053125 0.2015625
0 0.65859375 0.8109375 0.115625 0.125
0 0.7140625 0.71484375 0.0890625 0.084375
0 0.76796875 0.6546875 0.0796875 0.071875
0 0.6625 0.66796875 0.09609375 0.08671875
0 0.7359375 0.5953125 0.10546875 0.09609375
0 0.5484375 0.66796875 0.0375 0.0796875
0 0.5578125 0.571875 0.05625 0.0875
0 0.5671875 0.3890625 0.075 0.06875
0 0.91484375 0.53515625 0.08671875 0.06484375
0 0.9734375 0.66640625 0.053125 0.0671875
0 0.9890625 0.52265625 0.021875 0.0484375
0 0.87265625 0.2234375 0.0921875 0.028125
0 0.7671875 0.225 0.059375 0.03125
0 0.71640625 0.21875 0.0796875 0.01875
0 0.96875 0.23671875 0.0625 0.0546875