0 0.05078125 0.09375 0.1015625 0.1125
0 0.13359375 0.228125 0.10078125 0.0984375
0 0.35859375 0.30390625 0.0828125 0.0921875
0 0.4796875 0.03359375 0.10625 0.0671875
0 0.428125 0.1125 0.05625 0.06875
0 0.81875 0.04765625 0.1 0.0953125
0 0.91953125 0.09765625 0.071875 0.1078125
0 0.89375 0.18828125 0.09140625 0.0890625
0 0.97734375 0.203125 0.0453125 0.096875
0 0.88984375 0.33359375 0.0640625 0.0328125
0 0.09453125 0.57421875 0.165625 0.15390625
0 0.18203125 0.64140625 0.084375 0.10078125
0 0.2109375 0.88046875 0.06484375 0.0890625
0 0.3828125 0.51328125 0.034375 0.0796875
0 0.3578125 0.48828125 0.071875 0.0671875
0 0.23984375 0.4671875 0.0578125 0.05546875
0 0.21171875 0.51484375 0.09375 0.09140625
0 0.16171875 0.35546875 0.0703125 0.0109375
0 0.68046875 0.48203125 0.1390625 0.146875
0 0.49453125 0.4171875 0.09375 0.1109375
0 0.82265625 0.37734375 0.1703125 0.0546875
0 0.8671875 0.58984375 0.1296875 0.13671875
0 0.725 0.73671875 0.071875 0.09140625
0 0.6703125 0.73203125 0.084375 0.10546875
0 0.51953125 0.634375 0.1828125 0.15625
0 0.409375 0.428125 0.01875 0.0625
0 0.4953125 0.86171875 0.08203125 0.08671875
0 0.43515625 0.83984375 0.0703125 0.0984375
0 0.68046875 0.95625 0.0796875 0.0875
0 0.659375 0.896875 0.06484375 0.06484375
0 0.44765625 0.9734375 0.0578125 0.053125