0 0.471875 0.0828125 0.075 0.125
0 0.36015625 0.1625 0.0984375 0.0984375
0 0.1671875 0.234375 0.09375 0.1109375
0 0.2359375 0.31875 0.06875 0.021875
0 0.19140625 0.05625 0.1078125 0.1125
0 0.9609375 0.184375 0.078125 0.090625
0 0.9484375 0.04375 0.096875 0.0875
0 0.821875 0.15703125 0.0671875 0.084375
0 0.58515625 0.02890625 0.1109375 0.0578125
0 0.48359375 0.640625 0.0515625 0.15625
0 0.33828125 0.740625 0.1390625 0.165625
0 0.21875 0.7734375 0.0671875 0.06015625
0 0.1953125 0.7171875 0.06484375 0.06015625
0 0.0578125 0.58125 0.06484375 0.071875
0 0.2296875 0.59453125 0.06484375 0.06484375
0 0.096875 0.5265625 0.0578125 0.0625
0 0.0484375 0.465625 0.0578125 0.0625
0 0.13984375 0.43203125 0.0578125 0.0625
0 0.0546875 0.3875 0.0765625 0.08203125
0 0.17578125 0.3421875 0.07421875 0.0171875
0 0.55625 0.659375 0.09375 0.20625
0 0.74921875 0.5578125 0.4015625 0.3703125
0 0.83828125 0.80390625 0.1109375 0.1078125
0 0.5390625 0.3984375 0.059375 0.1375
0 0.66171875 0.84609375 0.0796875 0.0796875
0 0.8 0.93125 0.0578125 0.05546875
0 0.95625 0.8796875 0.06015625 0.06015625
0 0.98046875 0.8515625 0.0390625 0.065625
0 0.95234375 0.765625 0.08671875 0.10078125
0 0.9796875 0.6 0.040625 0.053125
0 0.92109375 0.5328125 0.0484375 0.053125
0 0.9640625 0.45703125 0.071875 0.0828125
0 0.96796875 0.36875 0.0640625 0.078125
0 0.52578125 0.55078125 0.0328125 0.0828125
0 0.80234375 0.39765625 0.0625 0.0578125