0 0.50234375 0.296875 0.071875 0.1109375
0 0.4859375 0.15546875 0.11796875 0.11328125
0 0.2640625 0.10859375 0.1296875 0.13671875
0 0.146875 0.209375 0.0796875 0.084375
0 0.31875 0.34765625 0.0671875 0.06484375
0 0.80390625 0.0421875 0.1609375 0.084375
0 0.9109375 0.1 0.178125 0.2
0 0.6859375 0.15546875 0.0890625 0.09140625
0 0.7015625 0.0921875 0.0984375 0.103125
0 0.784375 0.2 0.43125 0.4
0 0.2296875 0.87578125 0.459375 0.2484375
0 0.275 0.7890625 0.084375 0.0796875
0 0.1953125 0.803125 0.08671875 0.103125
0 0.371875 0.83359375 0.0671875 0.0578125
0 0.3015625 0.54296875 0.1296875 0.10078125
0 0.2703125 0.44375 0.0765625 0.071875
0 0.55703125 0.5578125 0.0234375 0.08125
0 0.496875 0.48828125 0.06953125 0.0578125
0 0.49921875 0.559375 0.0578125 0.0578125
0 0.54140625 0.96640625 0.0546875 0.0671875
0 0.91171875 0.5296875 0.1765625 0.259375
0 0.871875 0.54140625 0.08203125 0.08203125
0 0.89296875 0.78046875 0.0890625 0.09375
0 0.96796875 0.81484375 0.0640625 0.0890625
0 0.59921875 0.44375 0.0609375 0.0875
0 0.93203125 0.98125 0.0796875 0.0375
0 0.7171875 0.49921875 0.09609375 0.09609375