0 0.54453125 0.15859375 0.0484375 0.1203125
0 0.45390625 0.28984375 0.0890625 0.0890625
0 0.2734375 0.43046875 0.0765625 0.10546875
0 0.38046875 0.52265625 0.0625 0.06015625
0 0.24140625 0.22578125 0.0890625 0.11796875
0 0.18359375 0.06953125 0.05546875 0.071875
0 0.39296875 0.02265625 0.0515625 0.0453125
0 0.0671875 0.4671875 0.053125 0.0765625
0 0.93125 0.421875 0.06484375 0.0578125
0 0.8046875 0.1765625 0.06015625 0.0578125
0 0.64609375 0.1375 0.103125 0.1078125
0 0.7546875 0.42109375 0.10546875 0.1203125
0 0.73671875 0.55234375 0.1296875 0.1140625
0 0.59140625 0.475 0.0453125 0.0625
0 0.63671875 0.04765625 0.1140625 0.0953125
0 0.09140625 0.64296875 0.0796875 0.0671875
0 0.16796875 0.7125 0.12734375 0.12734375
0 0.3234375 0.696875 0.09140625 0.08203125
0 0.49375 0.71875 0.06015625 0.0578125
0 0.534375 0.65546875 0.06875 0.0796875
0 0.334375 0.87578125 0.06484375 0.071875
0 0.41484375 0.80859375 0.0671875 0.071875
0 0.46015625 0.82890625 0.0578125 0.0578125
0 0.11171875 0.94921875 0.0625 0.04296875
0 0.0921875 0.89296875 0.05546875 0.05546875
0 0.03203125 0.90859375 0.0640625 0.0421875
0 0.9875 0.65703125 0.025 0.0953125
0 0.821875 0.9421875 0.125 0.115625
0 0.6578125 0.81015625 0.1203125 0.12265625
0 0.5828125 0.92109375 0.028125 0.0796875
0 0.94296875 0.69921875 0.0671875 0.06484375
0 0.825 0.6734375 0.071875 0.06953125
0 0.66015625 0.65 0.0890625 0.08125
0 0.96875 0.803125 0.0625 0.0625