0 0.0296875 0.37734375 0.059375 0.0796875
0 0.18515625 0.25234375 0.06953125 0.09375
0 0.08671875 0.171875 0.0578125 0.053125
0 0.609375 0.39765625 0.0765625 0.09140625
0 0.48671875 0.38203125 0.06015625 0.0796875
0 0.6625 0.51640625 0.10546875 0.1296875
0 0.2140625 0.43359375 0.0796875 0.103125
0 0.265625 0.571875 0.05078125 0.0625
0 0.07421875 0.60078125 0.0453125 0.0171875
0 0.51328125 0.00625 0.0515625 0.0125
0 0.509375 0.09375 0.0359375 0.0578125
0 0.54921875 0.19453125 0.04296875 0.071875
0 0.37109375 0.21953125 0.0484375 0.0671875
0 0.78359375 0.3265625 0.0671875 0.084375
0 0.77734375 0.24375 0.0546875 0.0625
0 0.4015625 0.72421875 0.11796875 0.115625
0 0.59609375 0.6828125 0.084375 0.0984375
0 0.69921875 0.6671875 0.06484375 0.08671875
0 0.68046875 0.75546875 0.0671875 0.071875
0 0.5828125 0.771875 0.0765625 0.071875
0 0.33203125 0.9703125 0.0859375 0.059375
0 0.1734375 0.8046875 0.346875 0.390625