0 0.02109375 0.49609375 0.0421875 0.0671875
0 0.25 0.04609375 0.1125 0.0921875
0 0.37578125 0.09453125 0.09375 0.10078125
0 0.20234375 0.47890625 0.06953125 0.0671875
0 0.24609375 0.375 0.06015625 0.071875
0 0.23984375 0.259375 0.071875 0.0890625
0 0.43828125 0.3015625 0.07421875 0.08671875
0 0.8671875 0.50546875 0.09375 0.0484375
0 0.7078125 0.24375 0.09609375 0.14453125
0 0.98828125 0.51640625 0.0234375 0.0265625
0 0.98359375 0.47109375 0.0328125 0.0484375
0 0.79296875 0.05 0.0359375 0.053125
0 0.62109375 0.45390625 0.0453125 0.03828125
0 0.59765625 0.4 0.0359375 0.05625
0 0.8578125 0.19765625 0.05078125 0.0484375
0 0.04765625 0.546875 0.0796875 0.034375
0 0.175 0.659375 0.13671875 0.17578125
0 0.37734375 0.8453125 0.3765625 0.309375
0 0.06796875 0.85390625 0.0796875 0.10078125
0 0.1015625 0.9328125 0.0578125 0.0453125
0 0.625 0.61640625 0.090625 0.1078125
0 0.6875 0.74140625 0.07421875 0.08671875
0 0.65625 0.8015625 0.03828125 0.05078125
0 0.6078125 0.7953125 0.05625 0.040625
0 0.590625 0.846875 0.021875 0.071875
0 0.96015625 0.75703125 0.0796875 0.1078125
0 0.85078125 0.96953125 0.1515625 0.0609375
0 0.88515625 0.83515625 0.06484375 0.06953125