0 0.45234375 0.41953125 0.09375 0.103125
0 0.30078125 0.40234375 0.07421875 0.0890625
0 0.484375 0.53984375 0.06875 0.1203125
0 0.03046875 0.58984375 0.0609375 0.0203125
0 0.3296875 0.078125 0.0453125 0.0671875
0 0.37890625 0.190625 0.053125 0.08203125
0 0.159375 0.21953125 0.06015625 0.0765625
0 0.56484375 0.22421875 0.0921875 0.0984375
0 0.5890625 0.1515625 0.140625 0.303125
0 0.5578125 0.03984375 0.078125 0.0796875
0 0.61875 0.17578125 0.09140625 0.09140625
0 0.70625 0.1546875 0.07421875 0.0765625
0 0.71171875 0.0390625 0.1296875 0.078125
0 0.92421875 0.05390625 0.1515625 0.1078125
0 0.9421875 0.2890625 0.115625 0.11875
0 0.73203125 0.3875 0.3125 0.31015625
0 0.8609375 0.58046875 0.10625 0.0390625
0 0.64296875 0.246875 0.06484375 0.0671875
0 0.92421875 0.15546875 0.06953125 0.071875
0 0.8703125 0.17578125 0.08203125 0.08203125
0 0.98203125 0.32421875 0.0359375 0.0640625
0 0.16484375 0.88046875 0.06484375 0.0796875
0 0.078125 0.9640625 0.09375 0.071875
0 0.7796875 0.78828125 0.21171875 0.29296875
0 0.76796875 0.9921875 0.0671875 0.015625
0 0.6140625 0.70390625 0.05546875 0.0765625
0 0.53984375 0.93828125 0.0421875 0.0484375