0 0.1171875 0.27890625 0.08671875 0.10546875
0 0.015625 0.18515625 0.03125 0.0578125
0 0.61640625 0.440625 0.0453125 0.103125
0 0.48984375 0.42421875 0.07421875 0.0890625
0 0.153125 0.4828125 0.0984375 0.11796875
0 0.51875 0.1 0.0453125 0.0671875
0 0.56796875 0.2125 0.053125 0.08203125
0 0.3484375 0.24140625 0.06015625 0.0765625
0 0.83671875 0.44453125 0.103125 0.09140625
0 0.9796875 0.01875 0.040625 0.0375
0 0.846875 0.07109375 0.165625 0.1421875
0 0.809375 0.32421875 0.03828125 0.0453125
0 0.93671875 0.30859375 0.03125 0.040625
0 0.99453125 0.209375 0.0109375 0.040625
0 0.91640625 0.21484375 0.0578125 0.0625
0 0.7109375 0.41171875 0.05078125 0.0453125
0 0.21171875 0.86640625 0.09140625 0.084375
0 0.16875 0.78359375 0.09140625 0.08203125
0 0.140625 0.69140625 0.103125 0.09140625
0 0.11953125 0.6140625 0.0765625 0.05
0 0.28125 0.68515625 0.09375 0.0890625
0 0.41953125 0.8328125 0.08671875 0.07421875
0 0.54140625 0.95703125 0.1171875 0.0859375
0 0.8125 0.81953125 0.10078125 0.103125
0 0.96328125 0.6890625 0.0734375 0.1