0 0.50078125 0.065625 0.0578125 0.090625
0 0.42890625 0.225 0.125 0.13671875
0 0.2890625 0.23125 0.125 0.1203125
0 0.19765625 0.28046875 0.09140625 0.09140625
0 0.290625 0.38203125 0.071875 0.0140625
0 0.4234375 0.371875 0.0625 0.034375
0 0.05625 0.29765625 0.06953125 0.06484375
0 0.6796875 0.15859375 0.0796875 0.07421875
0 0.6265625 0.07421875 0.0796875 0.08203125
0 0.01953125 0.69609375 0.0390625 0.1234375
0 0.16796875 0.77890625 0.21171875 0.2328125
0 0.18671875 0.5625 0.1203125 0.12265625
0 0.346875 0.4140625 0.084375 0.05
0 0.32734375 0.4578125 0.09140625 0.09375
0 0.3625 0.81796875 0.334375 0.3640625
0 0.14921875 0.975 0.1234375 0.05
0 0.08984375 0.56953125 0.08203125 0.08671875
0 0.975 0.44140625 0.05 0.0734375
0 0.5734375 0.44453125 0.071875 0.06953125
0 0.803125 0.78671875 0.39375 0.4265625