0 0.4953125 0.1671875 0.046875 0.115625
0 0.5046875 0.28828125 0.028125 0.0765625
0 0.40546875 0.4515625 0.0734375 0.034375
0 0.2390625 0.3609375 0.18046875 0.16796875
0 0.1203125 0.41484375 0.121875 0.1078125
0 0.00859375 0.15 0.0171875 0.125
0 0.1140625 0.25625 0.0625 0.0578125
0 0.27421875 0.19921875 0.06953125 0.071875
0 0.2875 0.09765625 0.09609375 0.09140625
0 0.4234375 0.04609375 0.071875 0.07421875
0 0.8984375 0.06171875 0.11328125 0.09609375
0 0.66640625 0.203125 0.084375 0.09609375
0 0.49609375 0.915625 0.0453125 0.090625
0 0.54296875 0.590625 0.0484375 0.196875
0 0.65546875 0.82578125 0.2734375 0.3484375
0 0.6015625 0.9703125 0.08125 0.059375
0 0.909375 0.9109375 0.0765625 0.071875
0 0.9671875 0.92265625 0.065625 0.0828125
0 0.68359375 0.51484375 0.0953125 0.0921875
0 0.621875 0.57734375 0.09609375 0.0984375
0 0.62421875 0.4828125 0.1046875 0.028125
0 0.80078125 0.6984375 0.0625 0.0765625
0 0.896875 0.74375 0.20625 0.378125