0 0.31953125 0.14453125 0.0578125 0.06953125
0 0.33828125 0.5359375 0.05078125 0.04296875
0 0.21015625 0.72109375 0.053125 0.0484375
0 0.93671875 0.121875 0.05078125 0.05546875
0 0.965625 0.18515625 0.0453125 0.0625
0 0.81328125 0.234375 0.10078125 0.06953125
0 0.73046875 0.26015625 0.0453125 0.0453125
0 0.58671875 0.028125 0.0546875 0.053125
0 0.7203125 0.628125 0.1390625 0.14921875
0 0.5953125 0.15625 0.071875 0.134375
0 0.8796875 0.425 0.03359375 0.05078125
0 0.42734375 0.79453125 0.0796875 0.0703125
0 0.05703125 0.9796875 0.0953125 0.040625
0 0.7484375 0.80078125 0.08125 0.0828125
0 0.71796875 0.85390625 0.0625 0.0671875
0 0.61015625 0.84296875 0.0890625 0.0625
0 0.68046875 0.90546875 0.05078125 0.05546875
0 0.62734375 0.95859375 0.0859375 0.0828125
0 0.73828125 0.95 0.07421875 0.0578125
0 0.8140625 0.90234375 0.0625 0.0578125
0 0.88046875 0.97734375 0.2390625 0.0453125