0 0.475 0.6609375 0.05 0.05625
0 0.43515625 0.6609375 0.0796875 0.05625
0 0.33515625 0.6734375 0.0796875 0.03125
0 0.0703125 0.66640625 0.071875 0.0453125
0 0.025 0.6 0.05 0.053125
0 0.01953125 0.5546875 0.0390625 0.084375
0 0.07421875 0.5171875 0.0671875 0.0625
0 0.3375 0.45234375 0.178125 0.1875
0 0.43984375 0.46953125 0.06953125 0.0671875
0 0.46796875 0.3828125 0.0640625 0.146875
0 0.4375 0.309375 0.06953125 0.08203125
0 0.415625 0.2328125 0.06484375 0.06015625
0 0.4078125 0.11484375 0.184375 0.2296875
0 0.240625 0.08828125 0.165625 0.1765625
0 0.26015625 0.2765625 0.071875 0.08203125
0 0.0375 0.2703125 0.075 0.08125
0 0.02578125 0.40234375 0.0515625 0.0515625
0 0.0859375 0.3890625 0.05546875 0.05546875
0 0.08046875 0.059375 0.09140625 0.115625
0 0.20390625 0.63125 0.0484375 0.0453125
0 0.228125 0.4046875 0.06484375 0.0578125
0 0.3015625 0.59921875 0.06015625 0.06015625
0 0.93046875 0.0703125 0.11328125 0.1078125
0 0.52265625 0.21796875 0.0453125 0.0953125
0 0.5828125 0.41953125 0.06015625 0.06484375
0 0.93515625 0.2921875 0.0484375 0.0453125
0 0.95546875 0.603125 0.0890625 0.115625
0 0.67421875 0.4546875 0.06484375 0.10078125
0 0.77890625 0.44140625 0.06015625 0.07421875
0 0.63671875 0.6 0.06953125 0.0796875
0 0.71171875 0.5640625 0.04296875 0.05078125
0 0.67734375 0.6703125 0.0578125 0.0375
0 0.13359375 0.71484375 0.1265625 0.0515625
0 0.15234375 0.775 0.08671875 0.0625
0 0.35390625 0.815625 0.09375 0.09140625
0 0.44765625 0.99140625 0.0671875 0.0171875
0 0.03359375 0.97578125 0.0671875 0.0484375
0 0.57890625 0.7453125 0.1578125 0.1125
0 0.7625 0.92265625 0.12265625 0.1296875
0 0.89765625 0.91171875 0.2015625 0.1765625
0 0.97265625 0.76875 0.0546875 0.159375