0 0.0515625 0.16484375 0.103125 0.1234375
0 0.1 0.08203125 0.084375 0.10078125
0 0.36953125 0.06015625 0.1640625 0.1203125
0 0.2765625 0.02421875 0.0625 0.0484375
0 0.21015625 0.0984375 0.1390625 0.1390625
0 0.27890625 0.1671875 0.0625 0.0765625
0 0.2984375 0.240625 0.0578125 0.0578125
0 0.13125 0.24609375 0.0578125 0.06015625
0 0.03515625 0.3015625 0.05546875 0.05546875
0 0.0203125 0.3703125 0.040625 0.05625
0 0.01640625 0.47734375 0.0328125 0.1078125
0 0.03515625 0.565625 0.0703125 0.10625
0 0.10859375 0.52265625 0.06484375 0.0796875
0 0.21328125 0.58359375 0.0609375 0.0703125
0 0.2515625 0.515625 0.06484375 0.0890625
0 0.48125 0.59375 0.071875 0.05
0 0.42578125 0.55546875 0.053125 0.053125
0 0.4125 0.475 0.06015625 0.053125
0 0.2921875 0.36171875 0.1921875 0.23828125
0 0.4578125 0.3796875 0.1515625 0.1734375
0 0.44140625 0.196875 0.06484375 0.0765625
0 0.4703125 0.078125 0.0578125 0.05546875
0 0.8234375 0.45859375 0.125 0.125
0 0.60859375 0.2578125 0.0671875 0.06953125
0 0.66640625 0.3140625 0.0796875 0.0765625
0 0.76953125 0.27578125 0.06015625 0.06015625
0 0.803125 0.18671875 0.06953125 0.0671875
0 0.6953125 0.159375 0.06953125 0.06484375
0 0.65546875 0.121875 0.053125 0.0484375
0 0.615625 0.05 0.04296875 0.0453125
0 0.62421875 0.0203125 0.0515625 0.040625
0 0.93515625 0.51640625 0.053125 0.0484375
0 0.39453125 0.88203125 0.3484375 0.2359375
0 0.19921875 0.975 0.0734375 0.05
0 0.325 0.8578125 0.06484375 0.0765625
0 0.06640625 0.8640625 0.1078125 0.12734375
0 0.03203125 0.7578125 0.0640625 0.075
0 0.0078125 0.7 0.015625 0.071875
0 0.30390625 0.6328125 0.0890625 0.028125
0 0.20078125 0.6703125 0.06015625 0.06484375
0 0.1296875 0.6546875 0.06015625 0.06484375
0 0.11640625 0.9421875 0.084375 0.08671875
0 0.17578125 0.853125 0.06015625 0.06015625
0 0.259375 0.71171875 0.06015625 0.06484375
0 0.41875 0.66015625 0.03125 0.03828125
0 0.94765625 0.66484375 0.1046875 0.0921875
0 0.6609375 0.62890625 0.075 0.0203125
0 0.70625 0.6953125 0.0625 0.0765625
0 0.6578125 0.76015625 0.06484375 0.0484375
0 0.5765625 0.93671875 0.015625 0.0421875
0 0.97578125 0.99140625 0.0390625 0.0171875
0 0.87109375 0.8984375 0.03359375 0.0453125
0 0.659375 0.98984375 0.03125 0.0203125
0 0.68125 0.825 0.03828125 0.04296875