0 0.01953125 0.028125 0.0390625 0.05625
0 0.0421875 0.41484375 0.084375 0.1453125
0 0.08125 0.31484375 0.09375 0.11796875
0 0.08359375 0.15703125 0.13203125 0.15859375
0 0.1515625 0.03203125 0.071875 0.0640625
0 0.2234375 0.0265625 0.084375 0.053125
0 0.28046875 0.02734375 0.0828125 0.0546875
0 0.38125 0.0125 0.08125 0.025
0 0.38046875 0.25703125 0.18046875 0.209375
0 0.27734375 0.2390625 0.06953125 0.07421875
0 0.203125 0.33515625 0.15390625 0.165625
0 0.2796875 0.41640625 0.06953125 0.09140625
0 0.30078125 0.47890625 0.0640625 0.0203125
0 0.1140625 0.48125 0.065625 0.015625
0 0.4578125 0.44765625 0.071875 0.0828125
0 0.47890625 0.31015625 0.0421875 0.0640625
0 0.41640625 0.09375 0.06015625 0.0671875
0 0.809375 0.45 0.103125 0.078125
0 0.8703125 0.40703125 0.084375 0.09140625
0 0.83671875 0.27109375 0.084375 0.09609375
0 0.94140625 0.153125 0.0671875 0.08203125
0 0.56171875 0.215625 0.0765625 0.08203125
0 0.06328125 0.9640625 0.03359375 0.0265625
0 0.1796875 0.965625 0.053125 0.06875
0 0.42734375 0.95234375 0.0890625 0.0953125
0 0.29609375 0.98671875 0.0484375 0.0265625
0 0.2640625 0.8078125 0.115625 0.11796875
0 0.20703125 0.70546875 0.15625 0.15625
0 0.0734375 0.65390625 0.06953125 0.07421875
0 0.02578125 0.571875 0.0515625 0.0625
0 0.32109375 0.67890625 0.053125 0.05078125
0 0.3984375 0.87578125 0.103125 0.05546875
0 0.3984375 0.796875 0.09609375 0.06484375
0 0.44609375 0.82421875 0.0453125 0.0359375
0 0.43203125 0.69453125 0.05078125 0.03828125
0 0.3828125 0.64609375 0.03359375 0.03125
0 0.3046875 0.5921875 0.03828125 0.03359375
0 0.309375 0.5453125 0.040625 0.0359375
0 0.03203125 0.79296875 0.0578125 0.04296875
0 0.665625 0.87109375 0.14921875 0.1421875
0 0.72578125 0.94765625 0.1703125 0.1046875
0 0.57265625 0.9390625 0.1453125 0.121875
0 0.9421875 0.84609375 0.115625 0.1703125
0 0.8171875 0.79453125 0.0578125 0.08203125
0 0.58671875 0.6640625 0.06953125 0.0625