0 0.5265625 0.3703125 0.025 0.071875
0 0.484375 0.3875 0.0796875 0.09375
0 0.4328125 0.3796875 0.0765625 0.08203125
0 0.34140625 0.4046875 0.0765625 0.090625
0 0.09375 0.434375 0.071875 0.03125
0 0.07109375 0.4015625 0.084375 0.06484375
0 0.09765625 0.36640625 0.06953125 0.05546875
0 0.0484375 0.296875 0.0671875 0.053125
0 0.03671875 0.253125 0.0734375 0.08125
0 0.10625 0.2203125 0.0625 0.06015625
0 0.35 0.1671875 0.16796875 0.18046875
0 0.4421875 0.18515625 0.06484375 0.06484375
0 0.48828125 0.10546875 0.1015625 0.1453125
0 0.44375 0.03671875 0.065625 0.0734375
0 0.28359375 0.01875 0.0671875 0.0375
0 0.03203125 0.0546875 0.0640625 0.109375
0 0.075 0.01328125 0.08125 0.0265625
0 0.0625 0.1109375 0.053125 0.05078125
0 0.121875 0.1 0.05078125 0.053125
0 0.22109375 0.33203125 0.0453125 0.0453125
0 0.2515625 0.11796875 0.06015625 0.05546875
0 0.3125 0.30390625 0.05546875 0.0578125
0 0.8359375 0.03046875 0.125 0.0609375
0 0.9671875 0.01640625 0.065625 0.0328125
0 0.628125 0.03671875 0.071875 0.0734375
0 0.45078125 0.47578125 0.0765625 0.0515625
0 0.26015625 0.6234375 0.0765625 0.0796875
0 0.39375 0.6265625 0.0796875 0.0890625
0 0.425 0.678125 0.05546875 0.0671875
0 0.334375 0.73984375 0.1078125 0.13203125
0 0.2609375 0.80703125 0.07421875 0.0796875
0 0.35 0.88671875 0.09140625 0.08671875
0 0.2125 0.984375 0.11875 0.03125
0 0.10546875 0.965625 0.0828125 0.06875
0 0.0578125 0.76953125 0.071875 0.0796875
0 0.96328125 0.93984375 0.0734375 0.1203125
0 0.88359375 0.921875 0.0671875 0.0578125
0 0.8578125 0.97109375 0.065625 0.0578125
0 0.83046875 0.60703125 0.05078125 0.05546875