0 0.23203125 0.26640625 0.0546875 0.0828125
0 0.025 0.365625 0.05 0.046875
0 0.1421875 0.30078125 0.234375 0.1765625
0 0.0734375 0.27578125 0.146875 0.2265625
0 0.16015625 0.14609375 0.0984375 0.10078125
0 0.02265625 0.03828125 0.0453125 0.0765625
0 0.21015625 0.03671875 0.0796875 0.0734375
0 0.6078125 0.0859375 0.0890625 0.0890625
0 0.840625 0.16796875 0.1109375 0.10078125
0 0.8421875 0.28359375 0.0796875 0.08203125
0 0.59453125 0.17890625 0.0671875 0.053125
0 0.4984375 0.228125 0.04296875 0.0484375
0 0.5953125 0.24765625 0.0578125 0.05546875
0 0.040625 0.41953125 0.08125 0.0609375
0 0.35859375 0.559375 0.1984375 0.2375
0 0.35625 0.41796875 0.084375 0.0578125
0 0.5625 0.890625 0.06484375 0.06953125
0 0.50234375 0.8125 0.0796875 0.10078125
0 0.5515625 0.8140625 0.0484375 0.06484375
0 0.3640625 0.8203125 0.0484375 0.05078125
0 0.29296875 0.79609375 0.0671875 0.0640625
0 0.28671875 0.89375 0.0546875 0.103125
0 0.68984375 0.8703125 0.071875 0.06953125
0 0.73046875 0.92734375 0.040625 0.05078125
0 0.7640625 0.74765625 0.03828125 0.040625
0 0.75 0.7109375 0.06484375 0.06953125
0 0.77734375 0.63828125 0.0484375 0.0484375
0 0.796875 0.6828125 0.0578125 0.0625
0 0.81953125 0.6171875 0.03359375 0.03828125
0 0.86171875 0.61796875 0.05546875 0.0625
0 0.9 0.95234375 0.0359375 0.040625
0 0.93203125 0.4015625 0.0671875 0.025
0 0.62265625 0.41171875 0.0921875 0.0453125
0 0.4484375 0.68671875 0.0765625 0.0578125
0 0.93046875 0.74296875 0.03359375 0.0484375