0 0.11171875 0.06328125 0.1671875 0.1265625
0 0.02578125 0.02578125 0.0515625 0.0515625
0 0.025 0.16953125 0.05 0.0765625
0 0.034375 0.24296875 0.06015625 0.0578125
0 0.0625 0.325 0.125 0.16875
0 0.1890625 0.35390625 0.159375 0.1109375
0 0.17890625 0.20546875 0.0671875 0.0765625
0 0.2109375 0.08671875 0.06015625 0.05546875
0 0.96015625 0.07421875 0.0796875 0.1484375
0 0.46484375 0.23828125 0.08671875 0.09609375
0 0.43359375 0.14921875 0.0765625 0.0796875
0 0.38203125 0.0953125 0.06484375 0.07421875
0 0.81328125 0.40078125 0.0703125 0.0171875
0 0.50390625 0.38203125 0.0765625 0.0546875
0 0.5671875 0.3125 0.053125 0.05546875
0 0.109375 0.94375 0.053125 0.053125
0 0.16640625 0.778125 0.0578125 0.0578125
0 0.01171875 0.79921875 0.0234375 0.0578125
0 0.06484375 0.5859375 0.040625 0.071875
0 0.38203125 0.8546875 0.0796875 0.10078125
0 0.6109375 0.83671875 0.0578125 0.0796875
0 0.9078125 0.85 0.08203125 0.071875
0 0.7078125 0.9125 0.04296875 0.05078125
0 0.60234375 0.62890625 0.0796875 0.0578125
0 0.58671875 0.53125 0.0984375 0.08671875
0 0.43515625 0.553125 0.0765625 0.053125
0 0.490625 0.44375 0.08671875 0.0625
0 0.32109375 0.50234375 0.0421875 0.0484375