0 0.7296875 0.296875 0.121875 0.290625
0 0.765625 0.1390625 0.0765625 0.071875
0 0.95703125 0.1 0.0859375 0.1125
0 0.96875 0.28828125 0.0625 0.0421875
0 0.9203125 0.3421875 0.08671875 0.07421875
0 0.26171875 0.690625 0.2953125 0.121875
0 0.3984375 0.828125 0.11328125 0.1109375
0 0.49609375 0.8359375 0.10078125 0.1203125
0 0.48515625 0.71328125 0.0984375 0.10078125
0 0.578125 0.66328125 0.084375 0.0671875
0 0.25078125 0.828125 0.07421875 0.08203125
0 0.65625 0.8546875 0.025 0.084375
0 0.58046875 0.85390625 0.0796875 0.08671875
0 0.12578125 0.8875 0.0890625 0.0890625
0 0.00625 0.9734375 0.0125 0.053125