0 0.91796875 0.66484375 0.1046875 0.0296875
0 0.96015625 0.459375 0.071875 0.0796875
0 0.71484375 0.490625 0.0796875 0.0671875
0 0.01171875 0.78828125 0.0234375 0.0578125
0 0.2375 0.82265625 0.053125 0.06484375
0 0.31796875 0.82109375 0.0984375 0.134375
0 0.3828125 0.71015625 0.096875 0.0609375
0 0.44140625 0.75 0.05078125 0.0578125
0 0.5609375 0.95859375 0.084375 0.0828125
0 0.51015625 0.91875 0.06015625 0.0578125
0 0.49765625 0.97578125 0.0671875 0.0484375
0 0.58359375 0.83125 0.0703125 0.071875
0 0.07890625 0.971875 0.0890625 0.05625
0 0.1578125 0.73125 0.0578125 0.0671875
0 0.753125 0.7265625 0.071875 0.09140625
0 0.8984375 0.94140625 0.146875 0.1171875
0 0.953125 0.80703125 0.09375 0.0953125
0 0.7984375 0.834375 0.0796875 0.06953125
0 0.6734375 0.8625 0.0671875 0.05546875
0 0.9765625 0.709375 0.046875 0.059375