0 0.60390625 0.01640625 0.1140625 0.0328125
0 0.8453125 0.18828125 0.09375 0.09140625
0 0.8171875 0.38515625 0.1390625 0.134375
0 0.58203125 0.6078125 0.0796875 0.04375
0 0.48515625 0.26328125 0.0328125 0.1171875
0 0.67578125 0.1171875 0.1109375 0.0984375
0 0.953125 0.1875 0.09375 0.1125
0 0.98671875 0.33828125 0.0265625 0.0640625
0 0.2734375 0.9578125 0.084375 0.084375
0 0.17890625 0.96328125 0.0796875 0.0734375
0 0.1765625 0.72734375 0.0890625 0.09609375
0 0.2921875 0.7125 0.06015625 0.0671875
0 0.06484375 0.6703125 0.0984375 0.08125
0 0.0640625 0.73359375 0.05546875 0.06015625
0 0.01953125 0.86328125 0.0390625 0.0671875
0 0.97109375 0.8046875 0.0578125 0.153125
0 0.93828125 0.87265625 0.084375 0.10078125
0 0.4828125 0.9234375 0.028125 0.075
0 0.7125 0.7453125 0.084375 0.0796875
0 0.7625 0.71953125 0.071875 0.0671875
0 0.88046875 0.6984375 0.0578125 0.05546875
0 0.90859375 0.74609375 0.09375 0.09140625