0 0.82421875 0.2390625 0.259375 0.2640625
0 0.58984375 0.05390625 0.1609375 0.1078125
0 0.48515625 0.915625 0.0484375 0.125
0 0.1546875 0.97890625 0.071875 0.0421875
0 0.1890625 0.9671875 0.05546875 0.0578125
0 0.27578125 0.95703125 0.06015625 0.0578125
0 0.40546875 0.9 0.0453125 0.053125
0 0.3578125 0.89453125 0.06484375 0.0671875
0 0.31953125 0.8921875 0.07421875 0.071875
0 0.0796875 0.803125 0.05078125 0.05078125
0 0.09453125 0.6734375 0.084375 0.08203125
0 0.11015625 0.60625 0.1078125 0.09375
0 0.0453125 0.496875 0.0625 0.05625
0 0.3828125 0.6171875 0.1078125 0.0984375
0 0.2796875 0.66171875 0.0671875 0.06015625
0 0.1265625 0.8921875 0.1515625 0.146875
0 0.2328125 0.76640625 0.21875 0.22109375
0 0.94921875 0.7390625 0.0984375 0.10546875
0 0.7234375 0.66328125 0.115625 0.11796875
0 0.57265625 0.9265625 0.1265625 0.125
0 0.6171875 0.86875 0.08203125 0.08203125
0 0.72421875 0.9078125 0.06953125 0.071875
0 0.55859375 0.76953125 0.0984375 0.2203125
0 0.5515625 0.5640625 0.084375 0.0875
0 0.6640625 0.725 0.08671875 0.08671875
0 0.69453125 0.496875 0.0890625 0.05625
0 0.878125 0.57421875 0.08203125 0.08203125