0 0.03671875 0.20390625 0.0734375 0.0703125
0 0.17734375 0.25234375 0.10078125 0.08203125
0 0.1859375 0.334375 0.10078125 0.0984375
0 0.39609375 0.2484375 0.0859375 0.15
0 0.00859375 0.44609375 0.0171875 0.0578125
0 0.109375 0.03671875 0.075 0.0734375
0 0.21953125 0.05234375 0.1078125 0.1046875
0 0.0203125 0.0171875 0.040625 0.034375
0 0.2640625 0.46875 0.125 0.1
0 0.85546875 0.33125 0.2890625 0.375
0 0.77578125 0.44140625 0.1203125 0.115625
0 0.5296875 0.2390625 0.18125 0.225
0 0.52734375 0.3671875 0.1703125 0.1609375
0 0.59921875 0.07421875 0.1703125 0.1484375
0 0.66171875 0.11953125 0.0765625 0.08203125
0 0.6765625 0.0296875 0.184375 0.059375
0 0.4796875 0.028125 0.08125 0.05625
0 0.94609375 0.01640625 0.0859375 0.0328125
0 0.96796875 0.20859375 0.0640625 0.1328125
0 0.965625 0.4875 0.06875 0.0625
0 0.7234375 0.5109375 0.115625 0.015625
0 0.56328125 0.503125 0.0609375 0.03125
0 0.4796875 0.4890625 0.059375 0.059375
0 0.92109375 0.14375 0.08671875 0.0890625
0 0.3015625 0.54140625 0.0625 0.0453125
0 0.13515625 0.590625 0.1703125 0.13671875
0 0.11953125 0.73984375 0.1515625 0.1609375
0 0.39140625 0.93203125 0.06484375 0.0578125
0 0.8125 0.8953125 0.375 0.209375
0 0.48671875 0.8859375 0.0953125 0.225
0 0.4828125 0.96640625 0.0875 0.0671875
0 0.51875 0.70703125 0.159375 0.1765625
0 0.57578125 0.76640625 0.0765625 0.08203125
0 0.615625 0.546875 0.09375 0.05625
0 0.59140625 0.6125 0.18515625 0.1875
0 0.80703125 0.5375 0.1015625 0.0375
0 0.8609375 0.6375 0.08671875 0.08671875
0 0.97265625 0.57734375 0.0546875 0.1171875
0 0.915625 0.85625 0.1296875 0.13203125
0 0.83515625 0.790625 0.08671875 0.0890625