0 0.14765625 0.078125 0.0890625 0.07421875
0 0.31015625 0.03515625 0.1140625 0.0703125
0 0.584375 0.0546875 0.15 0.109375
0 0.2328125 0.2484375 0.084375 0.0625
0 0.359375 0.2328125 0.121875 0.09375
0 0.1234375 0.2703125 0.0625 0.01875
0 0.76484375 0.0203125 0.0765625 0.040625
0 0.97109375 0.03046875 0.0578125 0.0609375
0 0.865625 0.14453125 0.08203125 0.0890625
0 0.7953125 0.12578125 0.07421875 0.0796875
0 0.73046875 0.13046875 0.0765625 0.08671875
0 0.71796875 0.221875 0.1171875 0.115625
0 0.9734375 0.23671875 0.053125 0.0734375
0 0.31875 0.95625 0.1875 0.0875
0 0.39375 0.8421875 0.0890625 0.09140625
0 0.321875 0.80703125 0.0890625 0.08203125
0 0.17421875 0.7171875 0.08203125 0.06484375
0 0.1625 0.67265625 0.08671875 0.0765625
0 0.47578125 0.58828125 0.1296875 0.1296875
0 0.39765625 0.60078125 0.06484375 0.0671875
0 0.45390625 0.39375 0.16796875 0.15625
0 0.56796875 0.353125 0.1390625 0.146875
0 0.50234375 0.2890625 0.0796875 0.01875
0 0.13515625 0.32578125 0.0984375 0.0921875
0 0.19921875 0.3796875 0.0671875 0.0765625
0 0.2078125 0.45 0.0671875 0.071875
0 0.253125 0.51015625 0.0625 0.06484375
0 0.2125 0.3078125 0.0625 0.05625
0 0.353125 0.40625 0.0484375 0.053125
0 0.34140625 0.46015625 0.03828125 0.04296875
0 0.065625 0.840625 0.0625 0.06015625
0 0.15390625 0.91796875 0.071875 0.071875
0 0.5765625 0.6765625 0.1421875 0.12734375
0 0.4984375 0.840625 0.0484375 0.053125
0 0.71875 0.6140625 0.11875 0.14375
0 0.67890625 0.35703125 0.0390625 0.1453125
0 0.90625 0.7875 0.10546875 0.1109375
0 0.76015625 0.95546875 0.1109375 0.0890625