0 0.02890625 0.39921875 0.0578125 0.0515625
0 0.0171875 0.4234375 0.034375 0.0125
0 0.1671875 0.3640625 0.0453125 0.0359375
0 0.3828125 0.40546875 0.075 0.0484375
0 0.4375 0.40859375 0.05 0.0421875
0 0.60234375 0.41015625 0.0734375 0.0390625
0 0.5453125 0.321875 0.11328125 0.1109375
0 0.3828125 0.228125 0.10078125 0.103125
0 0.303125 0.19609375 0.14453125 0.240625
0 0.08828125 0.19765625 0.1765625 0.3296875
0 0.37265625 0.0171875 0.0609375 0.034375
0 0.47265625 0.046875 0.0796875 0.09140625
0 0.5578125 0.04296875 0.053125 0.06015625
0 0.8671875 0.2359375 0.16328125 0.16796875
0 0.6640625 0.1390625 0.05 0.1375
0 0.82421875 0.34453125 0.1796875 0.1703125
0 0.9515625 0.20078125 0.096875 0.1078125
0 0.92421875 0.0609375 0.1421875 0.121875
0 0.36796875 0.91953125 0.3078125 0.1296875
0 0.0203125 0.8453125 0.040625 0.0625
0 0.60390625 0.58359375 0.0703125 0.0859375
0 0.5046875 0.571875 0.0765625 0.08203125
0 0.4390625 0.44453125 0.13125 0.0296875
0 0.971875 0.93828125 0.05625 0.1140625
0 0.934375 0.7109375 0.0765625 0.09140625
0 0.8296875 0.65546875 0.134375 0.13671875
0 0.6703125 0.7390625 0.0625 0.146875
0 0.96015625 0.471875 0.0796875 0.084375