0 0.16015625 0.4015625 0.134375 0.134375
0 0.11015625 0.33671875 0.2203125 0.2796875
0 0.184375 0.096875 0.0890625 0.09609375
0 0.25390625 0.18828125 0.0890625 0.09609375
0 0.3203125 0.27734375 0.11328125 0.11796875
0 0.390625 0.31015625 0.05625 0.0765625
0 0.3984375 0.17109375 0.040625 0.0859375
0 0.34296875 0.01640625 0.0984375 0.0328125
0 0.909375 0.21875 0.1515625 0.16328125
0 0.97109375 0.33828125 0.0578125 0.0671875
0 0.57578125 0.41640625 0.071875 0.06953125
0 0.7171875 0.4265625 0.084375 0.08671875
0 0.75 0.17578125 0.084375 0.084375
0 0.45625 0.17265625 0.075 0.0796875
0 0.03359375 0.84140625 0.0671875 0.1734375
0 0.1828125 0.89375 0.125 0.09375
0 0.1609375 0.7640625 0.08671875 0.09609375
0 0.32578125 0.71328125 0.06484375 0.04296875
0 0.65 0.675 0.1078125 0.125
0 0.9171875 0.884375 0.09140625 0.115625
0 0.91640625 0.97265625 0.0921875 0.0546875
0 0.47734375 0.83984375 0.05546875 0.06484375