0 0.459375 0.42109375 0.0796875 0.06484375
0 0.10625 0.103125 0.10078125 0.103125
0 0.1859375 0.13515625 0.14453125 0.240625
0 0.46484375 0.1484375 0.3078125 0.296875
0 0.21796875 0.3875 0.06015625 0.0765625
0 0.115625 0.33515625 0.06015625 0.0765625
0 0.028125 0.28359375 0.05625 0.0921875
0 0.0109375 0.5296875 0.021875 0.040625
0 0.2875 0.6 0.053125 0.0375
0 0.12421875 0.55859375 0.07421875 0.0765625
0 0.70859375 0.0078125 0.0734375 0.015625
0 0.7765625 0.04375 0.09375 0.0765625
0 0.89140625 0.0328125 0.0953125 0.065625
0 0.66875 0.15234375 0.08671875 0.13203125
0 0.8171875 0.41796875 0.13203125 0.15390625
0 0.890625 0.309375 0.0984375 0.1078125
0 0.0484375 0.77421875 0.096875 0.0890625
0 0.24609375 0.953125 0.1140625 0.09375
0 0.46953125 0.8953125 0.1703125 0.18046875
0 0.50234375 0.64921875 0.0953125 0.0609375
0 0.38203125 0.63828125 0.0765625 0.0390625
0 0.975 0.80625 0.05 0.08125
0 0.8203125 0.74453125 0.14921875 0.15859375
0 0.75546875 0.878125 0.1734375 0.1703125
0 0.646875 0.740625 0.05625 0.0875