0 0.06953125 0.0171875 0.0453125 0.034375
0 0.2859375 0.153125 0.10078125 0.103125
0 0.20625 0.18515625 0.14453125 0.240625
0 0.03984375 0.18203125 0.0796875 0.3296875
0 0.27578125 0.378125 0.0609375 0.0625
0 0.3625 0.33359375 0.053125 0.0921875
0 0.5890625 0.04921875 0.06953125 0.07421875
0 0.52421875 0.053125 0.06015625 0.0578125
0 0.4859375 0.3265625 0.125 0.1109375
0 0.66875 0.1703125 0.21171875 0.1921875
0 0.82734375 0.2796875 0.12734375 0.11328125
0 0.853125 0.35703125 0.1109375 0.0890625
0 0.58984375 0.38828125 0.0515625 0.0421875
0 0.928125 0.15 0.08203125 0.09375
0 0.965625 0.19375 0.06484375 0.06484375
0 0.81953125 0.0328125 0.0796875 0.065625
0 0.3609375 0.853125 0.05625 0.0625
0 0.359375 0.80625 0.059375 0.0625
0 0.29921875 0.85390625 0.053125 0.04296875
0 0.38125 0.77578125 0.015625 0.0484375
0 0.24375 0.671875 0.11796875 0.1078125
0 0.30859375 0.696875 0.07421875 0.07421875
0 0.2046875 0.97734375 0.084375 0.0453125
0 0.06484375 0.80625 0.1296875 0.159375
0 0.025 0.7546875 0.05 0.071875
0 0.08515625 0.721875 0.0765625 0.0625
0 0.16875 0.596875 0.07421875 0.06953125
0 0.11484375 0.55390625 0.071875 0.0625
0 0.18984375 0.46953125 0.071875 0.071875
0 0.29296875 0.528125 0.07421875 0.0671875
0 0.15859375 0.9015625 0.2171875 0.196875
0 0.01015625 0.96171875 0.0203125 0.0453125
0 0.56640625 0.43515625 0.1234375 0.0515625
0 0.73046875 0.41640625 0.0578125 0.0140625
0 0.6046875 0.7390625 0.0671875 0.08203125
0 0.53515625 0.80859375 0.2046875 0.28359375
0 0.9828125 0.80625 0.034375 0.0625
0 0.79453125 0.7828125 0.07421875 0.09375
0 0.978125 0.60234375 0.04375 0.0765625
0 0.90234375 0.57734375 0.084375 0.08203125
0 0.73046875 0.61640625 0.0765625 0.071875
0 0.65390625 0.49609375 0.07421875 0.08671875