0 0.4421875 0.1421875 0.053125 0.065625
0 0.31875 0.596875 0.0453125 0.0359375
0 0.103125 0.4609375 0.10078125 0.103125
0 0.1828125 0.42890625 0.14453125 0.240625
0 0.38828125 0.43046875 0.1609375 0.3296875
0 0.21484375 0.1765625 0.06015625 0.0765625
0 0.1125 0.22890625 0.06015625 0.0765625
0 0.0265625 0.27890625 0.053125 0.0921875
0 0.009375 0.0328125 0.01875 0.040625
0 0.1203125 0.021875 0.075 0.04375
0 0.65 0.578125 0.1125 0.08125
0 0.98984375 0.45078125 0.0203125 0.0828125
0 0.959375 0.29453125 0.08125 0.1359375
0 0.92890625 0.09296875 0.1421875 0.1859375
0 0.58359375 0.09609375 0.06953125 0.071875
0 0.684375 0.01640625 0.06875 0.0328125
0 0.68515625 0.459375 0.0625 0.05078125
0 0.82265625 0.590625 0.0609375 0.05625
0 0.48359375 0.66640625 0.0296875 0.0953125
0 0.61796875 0.9734375 0.0578125 0.053125
0 0.57421875 0.9421875 0.0671875 0.0765625
0 0.51328125 0.871875 0.0890625 0.09375
0 0.59375 0.8078125 0.13203125 0.1296875
0 0.80546875 0.6640625 0.1078125 0.090625
0 0.92578125 0.7359375 0.08203125 0.08203125
0 0.9640625 0.82734375 0.071875 0.1015625
0 0.6890625 0.7296875 0.06015625 0.06484375
0 0.6703125 0.67578125 0.06953125 0.071875
0 0.86640625 0.68046875 0.05546875 0.06015625