0 0.09140625 0.30390625 0.08671875 0.071875
0 0.47109375 0.0375 0.1078125 0.075
0 0.38984375 0.08515625 0.1640625 0.1703125
0 0.13984375 0.096875 0.2796875 0.19375
0 0.33515625 0.29375 0.0671875 0.08203125
0 0.4421875 0.25 0.0671875 0.08203125
0 0.5296875 0.20703125 0.059375 0.0984375
0 0.55 0.3515625 0.01875 0.06875
0 0.5375 0.45546875 0.04375 0.0453125
0 0.41328125 0.46015625 0.0796875 0.0578125
0 0.8515625 0.06171875 0.296875 0.1234375
0 0.95078125 0.39609375 0.0984375 0.1171875
0 0.6140625 0.44921875 0.08125 0.0796875
0 0.86015625 0.17421875 0.06953125 0.08671875
0 0.6609375 0.01875 0.0625 0.0375
0 0.68359375 0.19609375 0.084375 0.0890625
0 0.6234375 0.103125 0.06015625 0.0765625
0 0.42265625 0.81953125 0.2734375 0.3609375
0 0.26796875 0.83984375 0.06484375 0.0765625
0 0.37734375 0.7203125 0.0578125 0.0671875
0 0.1515625 0.72578125 0.09375 0.1109375
0 0.11875 0.63359375 0.06484375 0.06484375
0 0.084375 0.5828125 0.05078125 0.0625
0 0.35859375 0.51171875 0.0765625 0.0453125
0 0.26953125 0.55625 0.053125 0.0578125
0 0.2078125 0.54296875 0.053125 0.0578125
0 0.0546875 0.98984375 0.05625 0.0203125
0 0.1390625 0.98828125 0.146875 0.0234375
0 0.2046875 0.94453125 0.040625 0.0453125
0 0.2765625 0.93046875 0.0484375 0.053125
0 0.19609375 0.7953125 0.071875 0.0765625
0 0.24765625 0.7171875 0.053125 0.053125
0 0.32109375 0.5921875 0.053125 0.0578125
0 0.459375 0.546875 0.0265625 0.03359375
0 0.87578125 0.75390625 0.125 0.103125
0 0.90546875 0.965625 0.0796875 0.06875
0 0.80703125 0.93828125 0.05078125 0.040625
0 0.771875 0.8421875 0.0578125 0.0765625
0 0.596875 0.978125 0.0625 0.04375
0 0.58671875 0.78671875 0.0546875 0.1515625
0 0.63359375 0.64921875 0.053125 0.0578125
0 0.80078125 0.65078125 0.05546875 0.05546875
0 0.7796875 0.52890625 0.11875 0.0796875
0 0.6625 0.9859375 0.053125 0.028125