0 0.85625 0.53515625 0.084375 0.0484375
0 0.94140625 0.48515625 0.071875 0.06953125
0 0.803125 0.2484375 0.071875 0.0578125
0 0.8234375 0.06328125 0.05078125 0.084375
0 0.78515625 0.5375 0.0484375 0.04375
0 0.74296875 0.05 0.03828125 0.040625
0 0.78515625 0.06328125 0.03125 0.0359375
0 0.715625 0.2390625 0.03125 0.04375
0 0.74453125 0.3234375 0.0453125 0.040625
0 0.1 0.88046875 0.2 0.1921875
0 0.6265625 0.58984375 0.146875 0.0609375
0 0.64453125 0.69921875 0.1109375 0.1515625
0 0.459375 0.8875 0.11328125 0.11796875
0 0.65546875 0.9796875 0.0890625 0.040625
0 0.30234375 0.94296875 0.09140625 0.08203125
0 0.33828125 0.8265625 0.0984375 0.0890625
0 0.28984375 0.709375 0.14453125 0.14921875
0 0.01484375 0.78828125 0.0296875 0.0859375
0 0.7640625 0.8328125 0.08671875 0.0796875
0 0.953125 0.84609375 0.071875 0.0765625
0 0.8984375 0.63359375 0.07421875 0.06484375
0 0.8015625 0.575 0.08125 0.03125
0 0.76875 0.71328125 0.1375 0.1453125