0 0.93359375 0.2828125 0.1328125 0.209375
0 0.94296875 0.43359375 0.0578125 0.0328125
0 0.915625 0.0625 0.0890625 0.071875
0 0.82421875 0.01171875 0.0671875 0.0234375
0 0.73984375 0.0296875 0.0796875 0.059375
0 0.72421875 0.396875 0.1921875 0.10625
0 0.28203125 0.46171875 0.0640625 0.0234375
0 0.334375 0.73359375 0.41796875 0.428125
0 0.065625 0.946875 0.071875 0.10625
0 0.01171875 0.97109375 0.0234375 0.0578125
0 0.5921875 0.8734375 0.053125 0.13125
0 0.5375 0.94296875 0.053125 0.0578125
0 0.984375 0.50625 0.03125 0.071875