0 0.05 0.0265625 0.0625 0.053125
0 0.89296875 0.02734375 0.1859375 0.0546875
0 0.86171875 0.1796875 0.2359375 0.2453125
0 0.89375 0.4078125 0.146875 0.04375
0 0.390625 0.8828125 0.296875 0.234375
0 0.28203125 0.975 0.0703125 0.05
0 0.2875 0.9046875 0.0890625 0.0890625
0 0.36796875 0.846875 0.071875 0.07421875
0 0.5 0.8390625 0.0578125 0.06015625
0 0.52421875 0.8078125 0.0296875 0.053125
0 0.4953125 0.78671875 0.084375 0.08671875
0 0.521875 0.7375 0.034375 0.103125
0 0.5109375 0.66015625 0.05625 0.0796875
0 0.44453125 0.52265625 0.1890625 0.1859375
0 0.3765625 0.56328125 0.09140625 0.09609375
0 0.38359375 0.70078125 0.09609375 0.10078125
0 0.303125 0.75234375 0.05546875 0.05546875
0 0.22734375 0.77890625 0.115625 0.12265625
0 0.234375 0.7015625 0.0765625 0.08203125
0 0.1671875 0.671875 0.13671875 0.1421875
0 0.10625 0.65234375 0.09140625 0.09140625
0 0.05 0.596875 0.08203125 0.08203125
0 0.0109375 0.80859375 0.021875 0.0671875
0 0.2109375 0.55234375 0.41875 0.2453125
0 0.0703125 0.86484375 0.0625 0.0625
0 0.92265625 0.60078125 0.10546875 0.1109375
0 0.95078125 0.78046875 0.0984375 0.2546875
0 0.9046875 0.92734375 0.190625 0.1453125
0 0.8484375 0.759375 0.0984375 0.10078125
0 0.859375 0.459375 0.084375 0.059375
0 0.64765625 0.92109375 0.1765625 0.1578125
0 0.696875 0.62109375 0.315625 0.3828125