0 0.65 0.359375 0.0890625 0.0671875
0 0.6921875 0.20703125 0.08203125 0.0625
0 0.69140625 0.05 0.1140625 0.1
0 0.60625 0.48046875 0.034375 0.0390625
0 0.5953125 0.27421875 0.0125 0.0578125
0 0.84609375 0.028125 0.053125 0.0484375
0 0.91640625 0.0828125 0.0453125 0.05078125
0 0.14921875 0.91171875 0.084375 0.0765625
0 0.28046875 0.965625 0.0484375 0.05546875
0 0.47734375 0.89375 0.05546875 0.0625
0 0.5265625 0.89453125 0.04296875 0.04296875
0 0.5765625 0.875 0.025 0.06875
0 0.32578125 0.64375 0.06015625 0.0671875
0 0.2984375 0.7578125 0.0578125 0.05546875
0 0.35625 0.771875 0.0453125 0.0453125
0 0.15546875 0.67578125 0.04296875 0.03828125
0 0.03984375 0.709375 0.04296875 0.0359375
0 0.01328125 0.690625 0.0265625 0.040625
0 0.9171875 0.9421875 0.084375 0.071875
0 0.96484375 0.88203125 0.0703125 0.1078125
0 0.7171875 0.928125 0.178125 0.14375
0 0.62421875 0.81953125 0.0703125 0.0953125