0 0.05078125 0.2890625 0.1015625 0.134375
0 0.09453125 0.3765625 0.0765625 0.09375
0 0.14375 0.42109375 0.06484375 0.0890625
0 0.209375 0.35625 0.06484375 0.06953125
0 0.32421875 0.50859375 0.06484375 0.084375
0 0.42578125 0.43828125 0.0671875 0.1546875
0 0.22109375 0.53671875 0.0796875 0.0640625
0 0.1109375 0.10859375 0.14921875 0.1296875
0 0.03203125 0.05625 0.0640625 0.084375
0 0.35390625 0.0421875 0.06484375 0.06484375
0 0.93125 0.296875 0.09140625 0.10078125
0 0.634375 0.17265625 0.08671875 0.071875
0 0.68984375 0.36015625 0.11796875 0.11796875
0 0.778125 0.0109375 0.08125 0.021875
0 0.53984375 0.34140625 0.06484375 0.0765625
0 0.71796875 0.13671875 0.04296875 0.05078125
0 0.840625 0.125 0.05078125 0.0453125
0 0.7828125 0.85625 0.11328125 0.10546875
0 0.59375 0.89453125 0.0796875 0.09140625
0 0.49375 0.909375 0.0625 0.0796875
0 0.51171875 0.82890625 0.06484375 0.0671875
0 0.60546875 0.81328125 0.07421875 0.0671875
0 0.84765625 0.61484375 0.08203125 0.08671875
0 0.89140625 0.58828125 0.0796875 0.0390625
0 0.65390625 0.57734375 0.0765625 0.0171875
0 0.9171875 0.784375 0.165625 0.43125