0 0.28515625 0.05546875 0.1265625 0.1109375
0 0.3578125 0.22578125 0.14921875 0.1296875
0 0.265625 0.278125 0.09140625 0.084375
0 0.20234375 0.346875 0.0671875 0.025
0 0.36328125 0.346875 0.0515625 0.025
0 0.07421875 0.13203125 0.0765625 0.071875
0 0.56171875 0.2484375 0.084375 0.08671875
0 0.49609375 0.10234375 0.0734375 0.0984375
0 0.7234375 0.1453125 0.071875 0.0765625
0 0.25703125 0.4484375 0.3953125 0.178125
0 0.1890625 0.4578125 0.0796875 0.08203125
0 0.42421875 0.4171875 0.0703125 0.0875
0 0.43984375 0.43515625 0.0390625 0.1390625
0 0.4 0.98125 0.11875 0.0375
0 0.04375 0.98359375 0.0875 0.0328125
0 0.19609375 0.95078125 0.1015625 0.0984375
0 0.2125 0.83515625 0.1109375 0.1109375
0 0.35390625 0.72578125 0.10078125 0.10078125
0 0.40078125 0.65 0.08671875 0.084375
0 0.39609375 0.51171875 0.0796875 0.08203125
0 0.1796875 0.6078125 0.09375 0.09375
0 0.05703125 0.60625 0.1140625 0.115625
0 0.12578125 0.759375 0.21640625 0.2140625
0 0.0359375 0.84765625 0.071875 0.0734375
0 0.4296875 0.69296875 0.059375 0.0765625
0 0.59765625 0.5375 0.1203125 0.115625
0 0.73671875 0.43984375 0.15625 0.1609375
0 0.85390625 0.4890625 0.14921875 0.14921875
0 0.94609375 0.48125 0.1078125 0.1125
0 0.91875 0.36875 0.08125 0.01875
0 0.63515625 0.728125 0.1109375 0.11796875
0 0.5796875 0.75859375 0.071875 0.0796875
0 0.5421875 0.8078125 0.07421875 0.0796875
0 0.48125 0.65 0.04375 0.084375
0 0.490625 0.5734375 0.0625 0.08125
0 0.778125 0.940625 0.06953125 0.071875
0 0.8453125 0.8640625 0.0984375 0.09375
0 0.79453125 0.72734375 0.071875 0.07421875
0 0.50078125 0.378125 0.0703125 0.0375