0 0.58515625 0.08203125 0.0296875 0.1015625
0 0.55703125 0.03984375 0.0703125 0.0796875
0 0.478125 0.1 0.06953125 0.0765625
0 0.184375 0.0359375 0.16875 0.071875
0 0.54765625 0.38359375 0.1046875 0.1390625
0 0.29375 0.4390625 0.071875 0.059375
0 0.12265625 0.4171875 0.1046875 0.103125
0 0.109375 0.25703125 0.0984375 0.1203125
0 0.02421875 0.13671875 0.0484375 0.1265625
0 0.771875 0.0375 0.125 0.075
0 0.99375 0.26484375 0.0125 0.0484375
0 0.71328125 0.4 0.06015625 0.06015625
0 0.7203125 0.3171875 0.071875 0.071875
0 0.615625 0.33515625 0.03125 0.0796875
0 0.6375 0.4296875 0.075 0.078125
0 0.734375 0.4546875 0.065625 0.028125
0 0.6859375 0.01171875 0.0625 0.0234375
0 0.76484375 0.12109375 0.0484375 0.05546875
0 0.54609375 0.79296875 0.1078125 0.2046875
0 0.58671875 0.928125 0.0265625 0.13125
0 0.3875 0.6796875 0.14453125 0.15859375
0 0.36953125 0.77734375 0.06015625 0.0796875
0 0.18203125 0.57421875 0.084375 0.0765625
0 0.2578125 0.6375 0.15625 0.1703125
0 0.48046875 0.51796875 0.1265625 0.0984375
0 0.015625 0.6765625 0.03125 0.09375
0 0.03046875 0.83828125 0.0609375 0.0765625
0 0.1453125 0.96484375 0.071875 0.0703125
0 0.58359375 0.6 0.0328125 0.06875
0 0.659375 0.86015625 0.11875 0.1203125
0 0.65703125 0.7265625 0.08671875 0.0890625
0 0.7125 0.525 0.125 0.1125
0 0.62578125 0.56875 0.0515625 0.2
0 0.8 0.734375 0.4 0.53125
0 0.721875 0.68125 0.084375 0.08671875