0 0.32734375 0.034375 0.0828125 0.06875
0 0.3234375 0.1265625 0.0890625 0.0890625
0 0.271875 0.27890625 0.07421875 0.08203125
0 0.16328125 0.32734375 0.12265625 0.115625
0 0.07578125 0.26953125 0.084375 0.09375
0 0.03046875 0.0671875 0.0609375 0.09375
0 0.98125 0.2703125 0.0375 0.06875
0 0.82734375 0.40078125 0.1390625 0.0359375
0 0.72890625 0.21484375 0.11328125 0.103125
0 0.58984375 0.2125 0.08671875 0.08671875
0 0.48828125 0.2578125 0.11796875 0.1078125
0 0.8796875 0.09765625 0.240625 0.1953125
0 0.790625 0.3359375 0.0625 0.0671875
0 0.8359375 0.3 0.071875 0.0765625
0 0.66875 0.19765625 0.0578125 0.0625
0 0.01171875 0.49609375 0.0234375 0.0515625
0 0.196875 0.534375 0.2015625 0.15859375
0 0.29921875 0.64296875 0.1390625 0.1296875
0 0.34765625 0.478125 0.0421875 0.05
0 0.3328125 0.853125 0.071875 0.115625
0 0.24765625 0.90234375 0.06484375 0.08671875
0 0.1875 0.7484375 0.1734375 0.165625
0 0.06328125 0.9046875 0.06953125 0.07421875
0 0.0578125 0.81953125 0.040625 0.0484375
0 0.0625 0.978125 0.075 0.04375
0 0.66953125 0.93828125 0.06484375 0.0671875
0 0.70703125 0.8796875 0.0578125 0.0578125
0 0.71171875 0.82890625 0.0484375 0.05546875
0 0.678125 0.79296875 0.0671875 0.071875
0 0.51328125 0.78828125 0.040625 0.053125
0 0.37578125 0.803125 0.0140625 0.040625
0 0.41796875 0.68125 0.0671875 0.06484375
0 0.8140625 0.87109375 0.06484375 0.071875
0 0.90234375 0.7703125 0.071875 0.084375
0 0.86328125 0.6453125 0.0765625 0.0890625
0 0.740625 0.6203125 0.09375 0.10078125
0 0.6828125 0.50234375 0.0765625 0.103125
0 0.44375 0.4953125 0.0796875 0.0984375
0 0.5453125 0.43671875 0.040625 0.0359375
0 0.41015625 0.42890625 0.0515625 0.0203125