0 0.13828125 0.059375 0.1703125 0.11875
0 0.2859375 0.178125 0.1875 0.178125
0 0.22109375 0.2703125 0.11796875 0.11328125
0 0.19765625 0.37890625 0.0890625 0.0796875
0 0.34921875 0.30859375 0.0609375 0.0671875
0 0.3390625 0.378125 0.0765625 0.0796875
0 0.01171875 0.21015625 0.0234375 0.0984375
0 0.95234375 0.18125 0.06015625 0.0625
0 0.94375 0.27734375 0.0578125 0.053125
0 0.59296875 0.27734375 0.0671875 0.06484375
0 0.54609375 0.175 0.1734375 0.1421875
0 0.68984375 0.1375 0.09609375 0.11796875
0 0.5578125 0.0453125 0.084375 0.090625
0 0.3890625 0.2640625 0.01875 0.04375
0 0.14453125 0.6515625 0.1703125 0.19921875
0 0.34609375 0.6828125 0.0671875 0.09609375
0 0.365625 0.5421875 0.028125 0.09375
0 0.09296875 0.46953125 0.1015625 0.1015625
0 0.3203125 0.97890625 0.11875 0.0421875
0 0.16953125 0.88359375 0.17578125 0.196875
0 0.73359375 0.9578125 0.2140625 0.084375
0 0.62890625 0.821875 0.1109375 0.115625
0 0.815625 0.75703125 0.165625 0.196875
0 0.953125 0.66015625 0.09375 0.1515625
0 0.60234375 0.53515625 0.0671875 0.0890625
0 0.86875 0.46328125 0.090625 0.0890625