0 0.240625 0.2328125 0.13203125 0.134375
0 0.40546875 0.1828125 0.13203125 0.1296875
0 0.3015625 0.27890625 0.115625 0.1296875
0 0.1921875 0.34140625 0.0625 0.07421875
0 0.14453125 0.284375 0.0453125 0.05546875
0 0.18515625 0.40390625 0.0625 0.06953125
0 0.59375 0.06484375 0.15 0.1296875
0 0.6375 0.1484375 0.16328125 0.1390625
0 0.68984375 0.0265625 0.0609375 0.053125
0 0.7359375 0.05078125 0.115625 0.1015625
0 0.81953125 0.04765625 0.1296875 0.0953125
0 0.815625 0.1515625 0.15625 0.15390625
0 0.91484375 0.16875 0.1703125 0.175
0 0.975 0.15234375 0.05 0.1328125
0 0.8515625 0.2515625 0.09375 0.0890625
0 0.53125 0.20859375 0.103125 0.0984375
0 0.50625 0.29375 0.053125 0.09375
0 0.509375 0.3671875 0.059375 0.084375
0 0.5390625 0.4375 0.053125 0.025
0 0.5875 0.42578125 0.071875 0.0484375
0 0.89453125 0.35078125 0.1921875 0.1984375
0 0.9578125 0.41796875 0.084375 0.0640625
0 0.9796875 0.37421875 0.040625 0.1046875
0 0.91328125 0.43671875 0.0765625 0.0265625
0 0.75 0.42734375 0.06875 0.0453125
0 0.69765625 0.36953125 0.07421875 0.0765625
0 0.62578125 0.325 0.0625 0.0578125
0 0.68984375 0.23203125 0.05078125 0.053125
0 0.3875 0.853125 0.184375 0.290625
0 0.45859375 0.73359375 0.0421875 0.0671875
0 0.28828125 0.5625 0.0625 0.0796875
0 0.1984375 0.5953125 0.05546875 0.08203125
0 0.18515625 0.74296875 0.0625 0.053125
0 0.13203125 0.72109375 0.0578125 0.0625
0 0.04453125 0.490625 0.06015625 0.0625
0 0.24140625 0.9421875 0.0453125 0.06015625
0 0.11640625 0.86484375 0.2328125 0.2703125
0 0.56875 0.70234375 0.103125 0.09375
0 0.6578125 0.78125 0.11796875 0.12734375
0 0.7609375 0.79609375 0.178125 0.2328125
0 0.92421875 0.47578125 0.1296875 0.0515625
0 0.509375 0.575 0.059375 0.084375
0 0.7578125 0.57578125 0.10546875 0.1296875
0 0.8875 0.84375 0.14453125 0.15390625
0 0.83359375 0.953125 0.1140625 0.09375
0 0.71796875 0.96640625 0.0578125 0.0671875