0 0.31171875 0.3734375 0.2640625 0.171875
0 0.228125 0.24765625 0.09375 0.09375
0 0.121875 0.228125 0.09609375 0.09609375
0 0.090625 0.27890625 0.07421875 0.07421875
0 0.01171875 0.34140625 0.0234375 0.2328125
0 0.496875 0.07890625 0.084375 0.1296875
0 0.1171875 0.06875 0.0796875 0.0796875
0 0.1765625 0.0359375 0.0578125 0.0578125
0 0.33359375 0.128125 0.4109375 0.25625
0 0.50078125 0.20234375 0.0765625 0.1078125
0 0.24609375 0.59140625 0.08203125 0.07421875
0 0.0375 0.7734375 0.075 0.134375
0 0.8484375 0.9625 0.0875 0.075
0 0.73671875 0.9609375 0.1390625 0.078125
0 0.7171875 0.890625 0.115625 0.09140625
0 0.63203125 0.79296875 0.08671875 0.0796875
0 0.6390625 0.64765625 0.0671875 0.084375
0 0.5625 0.5984375 0.046875 0.08125
0 0.87109375 0.64765625 0.1390625 0.134375
0 0.9703125 0.7328125 0.059375 0.071875