0 0.2 0.27421875 0.184375 0.1296875
0 0.0484375 0.275 0.09375 0.12265625
0 0.0171875 0.09921875 0.034375 0.1328125
0 0.4078125 0.2640625 0.04375 0.084375
0 0.7578125 0.16953125 0.484375 0.3390625
0 0.76015625 0.28671875 0.4796875 0.1046875
0 0.63203125 0.0703125 0.11796875 0.11796875
0 0.4578125 0.0296875 0.05625 0.059375
0 0.5203125 0.325 0.0875 0.028125
0 0.58203125 0.29765625 0.1015625 0.0828125
0 0.70078125 0.03984375 0.1171875 0.0796875
0 0.68359375 0.22734375 0.084375 0.08671875
0 0.77265625 0.215625 0.09375 0.10078125
0 0.7421875 0.16953125 0.08203125 0.084375
0 0.03359375 0.621875 0.0671875 0.09375
0 0.33515625 0.75234375 0.06015625 0.0796875
0 0.0625 0.80390625 0.0796875 0.103125
0 0.1140625 0.9421875 0.05078125 0.0625
0 0.36171875 0.3609375 0.0515625 0.04375
0 0.3578125 0.4640625 0.0359375 0.0578125
0 0.39765625 0.56484375 0.04296875 0.071875
0 0.21953125 0.58984375 0.0484375 0.0671875
0 0.95625 0.40625 0.0796875 0.08203125
0 0.96640625 0.87734375 0.0671875 0.2453125
0 0.96640625 0.8046875 0.0671875 0.115625
0 0.5625 0.6875 0.18046875 0.18046875
0 0.53203125 0.59921875 0.07421875 0.0765625
0 0.5890625 0.5390625 0.09140625 0.09140625
0 0.46640625 0.54453125 0.0734375 0.0953125
0 0.54921875 0.93828125 0.1765625 0.1234375
0 0.5203125 0.8859375 0.0796875 0.0796875
0 0.825 0.90078125 0.29375 0.1984375
0 0.75546875 0.79453125 0.09375 0.09609375
0 0.46015625 0.38515625 0.0609375 0.0921875
0 0.60546875 0.40625 0.0765625 0.0765625
0 0.6859375 0.39609375 0.0765625 0.0765625