0 0.34375 0.19765625 0.18515625 0.18046875
0 0.190625 0.4 0.16328125 0.17578125
0 0.34921875 0.403125 0.103125 0.115625
0 0.39921875 0.45 0.0765625 0.0765625
0 0.54140625 0.43671875 0.1828125 0.1453125
0 0.2 0.16640625 0.09375 0.1203125
0 0.1421875 0.03125 0.115625 0.0625
0 0.6234375 0.08515625 0.053125 0.0953125
0 0.55703125 0.1734375 0.0765625 0.084375
0 0.05078125 0.14140625 0.0671875 0.0671875
0 0.1890625 0.2625 0.05078125 0.0484375
0 0.8203125 0.17109375 0.1296875 0.125
0 0.80625 0.47421875 0.0625 0.0703125
0 0.89375 0.4703125 0.05546875 0.0578125
0 0.0390625 0.85859375 0.078125 0.0921875
0 0.56640625 0.8953125 0.06953125 0.08671875
0 0.16953125 0.86875 0.0578125 0.0578125
0 0.41328125 0.95703125 0.0703125 0.0859375
0 0.340625 0.9859375 0.0625 0.028125
0 0.20234375 0.81015625 0.04296875 0.03828125
0 0.615625 0.62109375 0.0484375 0.05078125
0 0.6390625 0.8296875 0.021875 0.059375
0 0.6765625 0.7140625 0.053125 0.065625
0 0.7296875 0.70625 0.10078125 0.10078125
0 0.6796875 0.84375 0.059375 0.115625
0 0.76015625 0.821875 0.1078125 0.1078125
0 0.771875 0.76171875 0.09140625 0.0890625
0 0.79375 0.9359375 0.18125 0.128125
0 0.8625 0.8609375 0.115625 0.11796875
0 0.859375 0.98828125 0.0625 0.0234375
0 0.89375 0.9765625 0.075 0.046875
0 0.93828125 0.5390625 0.0734375 0.059375
0 0.96875 0.55859375 0.0625 0.0734375
0 0.96953125 0.60703125 0.0609375 0.0640625
0 0.9609375 0.72265625 0.078125 0.1203125