0 0.328125 0.325 0.175 0.15
0 0.47421875 0.3125 0.0890625 0.115625
0 0.54140625 0.1453125 0.1078125 0.125
0 0.03984375 0.2078125 0.0796875 0.090625
0 0.1171875 0.3015625 0.07421875 0.0796875
0 0.10390625 0.03125 0.04296875 0.05078125
0 0.62109375 0.2921875 0.0578125 0.065625
0 0.48046875 0.3921875 0.0484375 0.015625
0 0.71875 0.19453125 0.0578125 0.0625
0 0.90078125 0.06796875 0.0453125 0.03828125
0 0.42734375 0.8703125 0.15390625 0.1421875
0 0.61171875 0.83671875 0.0765625 0.1203125
0 0.01796875 0.96328125 0.0359375 0.0609375
0 0.01484375 0.80234375 0.0296875 0.0765625
0 0.19375 0.78984375 0.071875 0.06953125
0 0.209375 0.83203125 0.0765625 0.06484375
0 0.2921875 0.84921875 0.0625 0.0484375
0 0.30703125 0.98046875 0.0515625 0.0390625
0 0.325 0.640625 0.65 0.48125
0 0.821875 0.8421875 0.34375 0.315625
0 0.98984375 0.88515625 0.0203125 0.0765625
0 0.90390625 0.765625 0.0578125 0.0671875
0 0.77890625 0.42265625 0.0734375 0.0453125
0 0.921875 0.5390625 0.0765625 0.08203125
0 0.9921875 0.60078125 0.015625 0.0578125
0 0.98984375 0.97421875 0.0203125 0.0515625
0 0.96015625 0.6375 0.053125 0.0578125
0 0.7703125 0.50234375 0.0453125 0.0578125
0 0.821875 0.5921875 0.0265625 0.03359375