0 0.12421875 0.225 0.17578125 0.1703125
0 0.028125 0.05 0.05625 0.1
0 0.13828125 0.0375 0.0984375 0.075
0 0.33359375 0.03125 0.1703125 0.0625
0 0.01171875 0.2484375 0.0234375 0.115625
0 0.40625 0.3515625 0.065625 0.090625
0 0.3359375 0.259375 0.07421875 0.0796875
0 0.5125 0.128125 0.0625 0.06015625
0 0.5765625 0.05234375 0.071875 0.0578125
0 0.7984375 0.13203125 0.103125 0.11796875
0 0.7328125 0.2546875 0.09375 0.0796875
0 0.92265625 0.2890625 0.1546875 0.178125
0 0.36640625 0.77890625 0.1453125 0.2078125
0 0.20859375 0.67421875 0.11796875 0.12265625
0 0.12578125 0.88828125 0.1296875 0.1296875
0 0.1046875 0.81484375 0.06015625 0.0625
0 0.4234375 0.58046875 0.03125 0.0765625
0 0.34296875 0.490625 0.0890625 0.04375
0 0.49296875 0.56171875 0.1078125 0.1859375
0 0.4984375 0.9453125 0.11875 0.109375
0 0.84140625 0.5140625 0.1703125 0.090625
0 0.98515625 0.7078125 0.0296875 0.11875
0 0.66015625 0.959375 0.1140625 0.08125