0 0.4828125 0.1625 0.071875 0.07421875
0 0.284375 0.02109375 0.1125 0.0421875
0 0.1 0.1703125 0.06015625 0.0625
0 0.02890625 0.21640625 0.0578125 0.0671875
0 0.27421875 0.33046875 0.1078125 0.1203125
0 0.29765625 0.52734375 0.0984375 0.0890625
0 0.39609375 0.4828125 0.06015625 0.06015625
0 0.2796875 0.6390625 0.178125 0.121875
0 0.29453125 0.69296875 0.0515625 0.0140625
0 0.5421875 0.5375 0.134375 0.146875
0 0.61171875 0.4296875 0.0359375 0.0625
0 0.4765625 0.2859375 0.071875 0.06484375
0 0.2828125 0.21171875 0.06953125 0.06015625
0 0.25390625 0.1390625 0.06953125 0.07421875
0 0.32734375 0.0890625 0.0671875 0.0765625
0 0.2015625 0.475 0.05078125 0.05546875
0 0.15703125 0.39453125 0.053125 0.053125
0 0.56640625 0.32109375 0.03828125 0.040625
0 0.746875 0.57421875 0.234375 0.2515625
0 0.93671875 0.17890625 0.08203125 0.11328125
0 0.84296875 0.15546875 0.06015625 0.08671875
0 0.65234375 0.3515625 0.0453125 0.0625
0 0.8046875 0.40390625 0.071875 0.0796875
0 0.53203125 0.75234375 0.1296875 0.1046875
0 0.609375 0.7078125 0.040625 0.015625
0 0.36640625 0.95546875 0.1265625 0.0890625
0 0.44140625 0.93203125 0.05078125 0.0671875
0 0.19296875 0.9640625 0.1203125 0.071875
0 0.15390625 0.81640625 0.1578125 0.2328125
0 0.059375 0.91796875 0.11875 0.1640625
0 0.3125 0.71796875 0.0625 0.0359375
0 0.86796875 0.98203125 0.1234375 0.0359375
0 0.9140625 0.91328125 0.0671875 0.071875
0 0.9046875 0.82734375 0.09140625 0.09609375