0 0.046875 0.28046875 0.06015625 0.06015625
0 0.26171875 0.32109375 0.0765625 0.07421875
0 0.22734375 0.03515625 0.0765625 0.0703125
0 0.3203125 0.0234375 0.071875 0.046875
0 0.02578125 0.04765625 0.0515625 0.0453125
0 0.0515625 0.1 0.05078125 0.0484375
0 0.2484375 0.1890625 0.1703125 0.146875
0 0.46640625 0.49453125 0.1703125 0.0890625
0 0.7734375 0.2390625 0.12734375 0.15625
0 0.88125 0.159375 0.1109375 0.1203125
0 0.7859375 0.51875 0.071875 0.040625
0 0.88203125 0.52109375 0.0859375 0.0359375
0 0.81640625 0.4765625 0.0984375 0.09609375
0 0.97578125 0.453125 0.0484375 0.084375
0 0.9671875 0.27265625 0.065625 0.0703125
0 0.6515625 0.41640625 0.0796875 0.0625
0 0.5859375 0.52578125 0.06875 0.0265625
0 0.56640625 0.4046875 0.05546875 0.0484375
0 0.6890625 0.07890625 0.08203125 0.09140625
0 0.78671875 0.09296875 0.05546875 0.06953125
0 0.83359375 0.07734375 0.071875 0.0765625
0 0.48984375 0.03125 0.0609375 0.0625
0 0.56640625 0.0125 0.0671875 0.025
0 0.59921875 0.12109375 0.0625 0.0578125
0 0.53671875 0.346875 0.05078125 0.0453125
0 0.1109375 0.67890625 0.1078125 0.10546875
0 0.1125 0.83828125 0.084375 0.09609375
0 0.23984375 0.6890625 0.10546875 0.1109375
0 0.2328125 0.5578125 0.146875 0.0375
0 0.34375 0.7765625 0.071875 0.0875
0 0.3265625 0.71328125 0.0765625 0.0796875
0 0.36640625 0.62421875 0.0265625 0.0796875
0 0.209375 0.95625 0.09375 0.0875
0 0.8484375 0.9734375 0.09375 0.053125
0 0.7203125 0.91015625 0.28125 0.1796875
0 0.56015625 0.8640625 0.10078125 0.1078125
0 0.6203125 0.8296875 0.103125 0.10546875
0 0.6234375 0.63515625 0.0890625 0.0890625
0 0.5375 0.5984375 0.21875 0.11875
0 0.396875 0.6609375 0.034375 0.10625
0 0.4140625 0.71015625 0.06484375 0.06015625
0 0.48671875 0.88046875 0.0796875 0.08671875
0 0.4859375 0.978125 0.153125 0.04375
0 0.95234375 0.92890625 0.0953125 0.1421875