0 0.51484375 0.221875 0.0703125 0.10625
0 0.32109375 0.03671875 0.1078125 0.0734375
0 0.178125 0.16484375 0.071875 0.06953125
0 0.23046875 0.1875 0.06953125 0.06953125
0 0.4375 0.12890625 0.225 0.2203125
0 0.64140625 0.053125 0.1109375 0.10625
0 0.5734375 0.0984375 0.046875 0.090625
0 0.68828125 0.234375 0.0953125 0.090625
0 0.80625 0.2578125 0.125 0.04375
0 0.72578125 0.01328125 0.1203125 0.0265625
0 0.19921875 0.6140625 0.21875 0.22109375
0 0.21875 0.74765625 0.09140625 0.09140625
0 0.20625 0.890625 0.15390625 0.14921875
0 0.078125 0.91953125 0.11796875 0.11796875
0 0.50078125 0.94921875 0.0984375 0.1015625
0 0.428125 0.88203125 0.115625 0.115625
0 0.478125 0.66875 0.1203125 0.1203125
0 0.30390625 0.484375 0.11796875 0.11796875
0 0.5171875 0.321875 0.065625 0.084375
0 0.60078125 0.88125 0.06484375 0.06484375
0 0.67265625 0.50625 0.2453125 0.325
0 0.603125 0.6765625 0.08203125 0.09375
0 0.70390625 0.646875 0.0625 0.0671875
0 0.7625 0.578125 0.0765625 0.08671875
0 0.74921875 0.46875 0.0625 0.071875
0 0.66171875 0.35703125 0.05078125 0.05546875
0 0.65703125 0.303125 0.0515625 0.046875
0 0.7046875 0.32109375 0.071875 0.0828125
0 0.84921875 0.340625 0.0796875 0.10078125
0 0.8671875 0.44453125 0.0484375 0.05078125
0 0.90078125 0.525 0.09609375 0.12265625
0 0.95390625 0.459375 0.0625 0.084375
0 0.9828125 0.48828125 0.034375 0.1390625
0 0.8140625 0.884375 0.0625 0.06953125
0 0.784375 0.834375 0.0671875 0.0796875
0 0.87109375 0.93984375 0.0671875 0.08203125
0 0.9109375 0.93671875 0.0578125 0.084375
0 0.96953125 0.89609375 0.0609375 0.0890625
0 0.946875 0.71875 0.053125 0.06015625