0 0.12890625 0.06015625 0.2140625 0.1203125
0 0.55078125 0.05234375 0.0359375 0.0828125
0 0.196875 0.25625 0.0984375 0.09375
0 0.23671875 0.29453125 0.0703125 0.0296875
0 0.3953125 0.28046875 0.075 0.0578125
0 0.10859375 0.1453125 0.0796875 0.07421875
0 0.4703125 0.746875 0.09375 0.0890625
0 0.54296875 0.75234375 0.0515625 0.0671875
0 0.53828125 0.946875 0.0609375 0.071875
0 0.253125 0.79375 0.084375 0.0796875
0 0.4046875 0.70390625 0.06953125 0.07421875
0 0.2421875 0.5203125 0.0796875 0.0796875
0 0.11484375 0.41640625 0.1390625 0.1421875
0 0.496875 0.4015625 0.14375 0.184375
0 0.09296875 0.71796875 0.146875 0.15390625
0 0.053125 0.834375 0.10625 0.165625
0 0.29453125 0.98515625 0.1859375 0.0296875
0 0.3046875 0.93125 0.1078125 0.10546875
0 0.15 0.35390625 0.153125 0.0890625
0 0.7390625 0.83828125 0.125 0.1078125
0 0.65546875 0.94921875 0.09375 0.071875
0 0.79765625 0.4609375 0.06015625 0.06015625
0 0.790625 0.54375 0.071875 0.071875
0 0.91875 0.52578125 0.0765625 0.0796875
0 0.8875 0.4265625 0.103125 0.08671875
0 0.9578125 0.35625 0.084375 0.09375
0 0.77578125 0.39375 0.06484375 0.053125
0 0.825 0.87109375 0.0625 0.06953125
0 0.74609375 0.73984375 0.0484375 0.05546875