0 0.08671875 0.3359375 0.08671875 0.09140625
0 0.15390625 0.028125 0.0796875 0.05625
0 0.3453125 0.05078125 0.08203125 0.09140625
0 0.41484375 0.03671875 0.03359375 0.040625
0 0.396875 0.26953125 0.0796875 0.0484375
0 0.4890625 0.01640625 0.071875 0.0328125
0 0.53671875 0.07109375 0.0671875 0.06484375
0 0.6203125 0.01796875 0.0625 0.0359375
0 0.97421875 0.11328125 0.0515625 0.1296875
0 0.93828125 0.0984375 0.07421875 0.06484375
0 0.88515625 0.02890625 0.0640625 0.0578125
0 0.93046875 0.0140625 0.0578125 0.028125
0 0.8953125 0.1859375 0.0671875 0.05078125
0 0.9546875 0.3234375 0.090625 0.115625
0 0.73671875 0.10390625 0.2640625 0.2078125
0 0.6609375 0.14921875 0.084375 0.08671875
0 0.6296875 0.2453125 0.08671875 0.084375
0 0.72421875 0.2296875 0.0578125 0.0578125
0 0.6921875 0.3328125 0.06484375 0.0671875
0 0.734375 0.38046875 0.0875 0.0390625
0 0.484375 0.2296875 0.06484375 0.07421875
0 0.5265625 0.27734375 0.05546875 0.0453125
0 0.53671875 0.30625 0.040625 0.040625
0 0.19453125 0.62421875 0.1296875 0.14453125
0 0.33515625 0.66875 0.125 0.14921875
0 0.21484375 0.76015625 0.09375 0.10546875
0 0.0484375 0.63203125 0.096875 0.1234375
0 0.0328125 0.71171875 0.065625 0.1265625
0 0.09375 0.85078125 0.1421875 0.12265625
0 0.23359375 0.96015625 0.1171875 0.0796875
0 0.4171875 0.946875 0.04375 0.103125
0 0.42109375 0.7546875 0.0359375 0.09375
0 0.3390625 0.4578125 0.084375 0.115625
0 0.38359375 0.41640625 0.0546875 0.0328125
0 0.62421875 0.96328125 0.1421875 0.0734375
0 0.59296875 0.9453125 0.07421875 0.0796875
0 0.7296875 0.76875 0.11328125 0.11328125
0 0.640625 0.634375 0.1078125 0.1078125
0 0.70078125 0.5390625 0.134375 0.1390625
0 0.78515625 0.471875 0.09140625 0.09375
0 0.9421875 0.578125 0.115625 0.134375
0 0.94375 0.48046875 0.084375 0.08203125
0 0.47109375 0.6421875 0.0640625 0.24375
0 0.5515625 0.778125 0.1078125 0.1109375
0 0.47265625 0.86484375 0.0671875 0.0890625
0 0.73125 0.90078125 0.06953125 0.071875