0 0.50234375 0.3046875 0.125 0.12734375
0 0.546875 0.24140625 0.0984375 0.10078125
0 0.59140625 0.1390625 0.103125 0.103125
0 0.65234375 0.446875 0.0546875 0.09375
0 0.3015625 0.23125 0.14453125 0.14453125
0 0.4375 0.10859375 0.09140625 0.09140625
0 0.03203125 0.0328125 0.0640625 0.065625
0 0.0734375 0.6140625 0.10078125 0.10078125
0 0.25 0.59296875 0.10546875 0.10546875
0 0.29921875 0.5234375 0.209375 0.209375
0 0.01953125 0.40234375 0.0390625 0.0984375
0 0.43828125 0.3953125 0.1875 0.1875
0 0.859375 0.11328125 0.05546875 0.040625
0 0.7078125 0.06171875 0.05625 0.0453125
0 0.73671875 0.11796875 0.0484375 0.03359375
0 0.7015625 0.16015625 0.04375 0.0515625
0 0.86953125 0.17578125 0.04296875 0.03359375
0 0.8859375 0.2125 0.03359375 0.040625
0 0.83203125 0.2359375 0.05078125 0.053125
0 0.7890625 0.2546875 0.03359375 0.0453125
0 0.77890625 0.2984375 0.071875 0.0671875
0 0.69609375 0.29375 0.0328125 0.0375
0 0.74765625 0.35234375 0.04296875 0.0453125
0 0.84765625 0.40390625 0.0578125 0.05546875
0 0.95 0.61171875 0.0578125 0.03828125
0 0.98828125 0.36953125 0.0234375 0.0390625
0 0.04609375 0.67578125 0.0828125 0.0140625
0 0.1671875 0.73828125 0.0671875 0.06953125
0 0.15390625 0.82578125 0.0625 0.0578125
0 0.046875 0.88046875 0.09375 0.1109375
0 0.46015625 0.89921875 0.071875 0.071875
0 0.52265625 0.8171875 0.18046875 0.16328125
0 0.4046875 0.75390625 0.1109375 0.125
0 0.53984375 0.7078125 0.0953125 0.078125
0 0.66484375 0.8828125 0.0296875 0.0875
0 0.653125 0.93359375 0.053125 0.0484375
0 0.8296875 0.834375 0.3 0.33125