0 0.4359375 0.065625 0.028125 0.090625
0 0.41953125 0.16796875 0.0609375 0.0890625
0 0.228125 0.25703125 0.0765625 0.1109375
0 0.03125 0.303125 0.0625 0.10625
0 0.5921875 0.103125 0.125 0.125
0 0.56796875 0.3015625 0.13203125 0.13671875
0 0.659375 0.24609375 0.08671875 0.09140625
0 0.53671875 0.41484375 0.10546875 0.11796875
0 0.58046875 0.46015625 0.0609375 0.0578125
0 0.471875 0.28984375 0.04375 0.1140625
0 0.46953125 0.0890625 0.0390625 0.075
0 0.72421875 0.13125 0.10546875 0.1078125
0 0.059375 0.69921875 0.11875 0.1671875
0 0.2734375 0.50859375 0.175 0.0390625
0 0.25703125 0.584375 0.09140625 0.11328125
0 0.38203125 0.69296875 0.1359375 0.1921875
0 0.328125 0.8296875 0.053125 0.0625
0 0.2703125 0.85390625 0.09140625 0.0765625
0 0.1453125 0.840625 0.1078125 0.10546875
0 0.15625 0.93828125 0.0625 0.0671875
0 0.13515625 0.984375 0.0671875 0.03125
0 0.3609375 0.96796875 0.084375 0.0640625
0 0.5296875 0.53984375 0.08203125 0.09140625
0 0.79140625 0.715625 0.071875 0.06953125
0 0.99296875 0.77890625 0.0140625 0.0578125
0 0.6609375 0.75859375 0.04296875 0.04296875
0 0.52265625 0.62421875 0.05546875 0.03125
0 0.4625 0.69921875 0.025 0.0453125
0 0.65234375 0.825 0.03359375 0.02890625