0 0.0890625 0.56171875 0.053125 0.0359375
0 0.0578125 0.4796875 0.0625 0.05078125
0 0.0328125 0.29375 0.065625 0.121875
0 0.2203125 0.5640625 0.040625 0.03125
0 0.34609375 0.40625 0.0265625 0.071875
0 0.3359375 0.03203125 0.046875 0.0640625
0 0.00859375 0.03515625 0.0171875 0.0421875
0 0.88125 0.25 0.1296875 0.1390625
0 0.44140625 0.3234375 0.1640625 0.275
0 0.3734375 0.43515625 0.028125 0.0828125
0 0.37421875 0.52578125 0.0296875 0.1078125
0 0.92109375 0.565625 0.0984375 0.028125
0 0.59140625 0.44140625 0.12265625 0.125
0 0.559375 0.1875 0.06953125 0.08203125
0 0.80703125 0.14765625 0.06484375 0.06484375
0 0.79453125 0.23671875 0.06484375 0.071875
0 0.97734375 0.06171875 0.0453125 0.1234375
0 0.43203125 0.01484375 0.0953125 0.0296875
0 0.503125 0.0765625 0.0625 0.071875
0 0.046875 0.8890625 0.09375 0.221875
0 0.21015625 0.84453125 0.2546875 0.28125
0 0.2921875 0.68046875 0.12265625 0.13671875
0 0.0203125 0.59765625 0.040625 0.0359375
0 0.55859375 0.896875 0.3609375 0.20625
0 0.45 0.85859375 0.10078125 0.084375
0 0.52421875 0.73359375 0.06484375 0.0625
0 0.5234375 0.65703125 0.0625 0.0625
0 0.3890625 0.65234375 0.059375 0.0671875
0 0.97734375 0.81484375 0.0453125 0.0953125
0 0.87265625 0.6578125 0.0578125 0.053125