0 0.09921875 0.54453125 0.1703125 0.0703125
0 0.13125 0.36953125 0.1421875 0.12734375
0 0.04765625 0.4265625 0.0953125 0.09375
0 0.06171875 0.32421875 0.1234375 0.1390625
0 0.13125 0.02421875 0.115625 0.0484375
0 0.19140625 0.1890625 0.0890625 0.09375
0 0.19765625 0.28203125 0.1390625 0.125
0 0.42578125 0.26640625 0.0859375 0.1328125
0 0.53046875 0.5203125 0.1234375 0.11875
0 0.68984375 0.5046875 0.11796875 0.11796875
0 0.73203125 0.4484375 0.0984375 0.09375
0 0.684375 0.35 0.0765625 0.0765625
0 0.63828125 0.36953125 0.0796875 0.07421875
0 0.5515625 0.28984375 0.1296875 0.13671875
0 0.50546875 0.01953125 0.0734375 0.0390625
0 0.48671875 0.0484375 0.0359375 0.096875
0 0.553125 0.0859375 0.1078125 0.10078125
0 0.56875 0.184375 0.084375 0.0890625
0 0.73671875 0.18984375 0.09375 0.10078125
0 0.840625 0.28046875 0.0984375 0.09609375
0 0.7109375 0.10625 0.0984375 0.0984375
0 0.6734375 0.03671875 0.1375 0.0734375
0 0.8859375 0.18203125 0.08671875 0.0890625
0 0.921875 0.23359375 0.0796875 0.0796875
0 0.95859375 0.07109375 0.0828125 0.1421875
0 0.9625 0.03125 0.075 0.0625
0 0.6109375 0.046875 0.06953125 0.07421875
0 0.91328125 0.29609375 0.1734375 0.4453125
0 0.28671875 0.9578125 0.05546875 0.06484375
0 0.1109375 0.959375 0.0578125 0.0625
0 0.1328125 0.78515625 0.125 0.1609375
0 0.425 0.85546875 0.0875 0.1609375
0 0.446875 0.73203125 0.04375 0.1046875
0 0.3859375 0.63671875 0.165625 0.1140625
0 0.51875 0.86875 0.1 0.1
0 0.95859375 0.95703125 0.0796875 0.0859375