0 0.16484375 0.39375 0.1328125 0.03125
0 0.07265625 0.290625 0.08671875 0.09140625
0 0.14140625 0.34375 0.13203125 0.125
0 0.2640625 0.171875 0.11328125 0.125
0 0.403125 0.04921875 0.125 0.0984375
0 0.984375 0.0328125 0.03125 0.065625
0 0.6453125 0.16796875 0.10078125 0.115625
0 0.5515625 0.2625 0.06484375 0.0890625
0 0.75703125 0.353125 0.0796875 0.06015625
0 0.26640625 0.5640625 0.1390625 0.14453125
0 0.32421875 0.4625 0.08203125 0.10078125
0 0.37734375 0.434375 0.0703125 0.05
0 0.45546875 0.47890625 0.0671875 0.0765625
0 0.3578125 0.7640625 0.16328125 0.1390625
0 0.25546875 0.828125 0.0984375 0.09140625
0 0.18828125 0.9328125 0.07421875 0.07421875
0 0.39453125 0.98984375 0.0515625 0.0203125
0 0.3734375 0.9171875 0.05546875 0.0578125
0 0.3328125 0.9734375 0.0625 0.053125
0 0.03515625 0.67578125 0.0703125 0.0796875
0 0.74453125 0.5859375 0.5109375 0.353125
0 0.52421875 0.7828125 0.0703125 0.1375
0 0.98046875 0.66640625 0.0390625 0.1421875
0 0.5078125 0.97109375 0.0375 0.0578125