0 0.378125 0.02265625 0.165625 0.0453125
0 0.0421875 0.315625 0.084375 0.128125
0 0.04375 0.01640625 0.053125 0.0328125
0 0.23984375 0.06796875 0.08671875 0.0890625
0 0.5171875 0.121875 0.13203125 0.12734375
0 0.52578125 0.03671875 0.0984375 0.0734375
0 0.565625 0.09296875 0.0875 0.1390625
0 0.5875 0.27265625 0.04375 0.0921875
0 0.54140625 0.2203125 0.13203125 0.125
0 0.41796875 0.3546875 0.1140625 0.05
0 0.89375 0.02421875 0.09375 0.0484375
0 0.9796875 0.071875 0.040625 0.0875
0 0.9234375 0.209375 0.0984375 0.10078125
0 0.81875 0.18046875 0.30078125 0.31015625
0 0.68203125 0.09765625 0.1453125 0.1953125
0 0.253125 0.63671875 0.1296875 0.1390625
0 0.22890625 0.559375 0.0890625 0.09609375
0 0.23671875 0.45234375 0.1609375 0.1453125
0 0.1921875 0.40859375 0.11875 0.0578125
0 0.16171875 0.38671875 0.0640625 0.0140625
0 0.06796875 0.3953125 0.0765625 0.03125
0 0.0140625 0.42265625 0.028125 0.0859375
0 0.03671875 0.5625 0.0734375 0.159375
0 0.33359375 0.94375 0.1109375 0.1125
0 0.15859375 0.990625 0.0734375 0.01875
0 0.02265625 0.96953125 0.0453125 0.0609375
0 0.465625 0.68203125 0.0796875 0.08671875
0 0.3984375 0.7375 0.10546875 0.10078125
0 0.07578125 0.7953125 0.1515625 0.190625
0 0.4796875 0.57890625 0.25703125 0.2640625
0 0.17265625 0.68828125 0.321875 0.3171875
0 0.58203125 0.8375 0.0546875 0.221875
0 0.7484375 0.5765625 0.0796875 0.11328125
0 0.66171875 0.58828125 0.1046875 0.2140625
0 0.61875 0.45546875 0.01875 0.0453125
0 0.696875 0.8078125 0.0625 0.06484375
0 0.76953125 0.9921875 0.1015625 0.015625
0 0.85546875 0.96484375 0.0828125 0.0703125
0 0.95703125 0.87265625 0.0859375 0.2546875
0 0.9796875 0.66796875 0.040625 0.0578125
0 0.93359375 0.765625 0.03125 0.0453125
0 0.878125 0.6453125 0.0765625 0.09140625
0 0.9609375 0.534375 0.05546875 0.0578125
0 0.98125 0.54453125 0.0375 0.0671875
0 0.85859375 0.425 0.04296875 0.0625
0 0.7890625 0.45390625 0.0484375 0.0453125