0 0.38515625 0.53828125 0.0578125 0.0234375
0 0.43046875 0.37734375 0.103125 0.115625
0 0.09765625 0.48203125 0.06015625 0.0671875
0 0.11328125 0.1109375 0.06953125 0.103125
0 0.303125 0.0671875 0.084375 0.10078125
0 0.4875 0.16953125 0.0578125 0.053125
0 0.44609375 0.1359375 0.05078125 0.040625
0 0.87109375 0.0390625 0.1296875 0.078125
0 0.5484375 0.12421875 0.01875 0.0796875
0 0.5671875 0.32578125 0.05625 0.0765625
0 0.6265625 0.390625 0.0625 0.0796875
0 0.33125 0.7875 0.115625 0.12265625
0 0.3296875 0.6734375 0.15390625 0.14921875
0 0.41953125 0.6953125 0.0796875 0.09375
0 0.47890625 0.82265625 0.06015625 0.0671875
0 0.1375 0.6984375 0.1078125 0.103125
0 0.4078125 0.94609375 0.0671875 0.06015625
0 0.32890625 0.97265625 0.0546875 0.0546875
0 0.9015625 0.565625 0.071875 0.03125
0 0.7171875 0.6078125 0.05546875 0.0578125
0 0.8125 0.634375 0.06484375 0.071875