0 0.17734375 0.15 0.1109375 0.13203125
0 0.39921875 0.1765625 0.12734375 0.13203125
0 0.565625 0.34765625 0.0796875 0.07421875
0 0.5328125 0.2984375 0.06953125 0.06015625
0 0.70234375 0.34765625 0.0828125 0.0828125
0 0.9640625 0.17578125 0.071875 0.0703125
0 0.834375 0.13359375 0.04296875 0.04296875
0 0.69609375 0.26796875 0.05546875 0.03125
0 0.82578125 0.0671875 0.03359375 0.02890625
0 0.24609375 0.415625 0.1078125 0.053125
0 0.03984375 0.515625 0.06015625 0.06484375
0 0.1265625 0.95390625 0.08671875 0.08671875
0 0.41171875 0.6859375 0.06484375 0.071875
0 0.4671875 0.42578125 0.08125 0.0734375
0 0.60625 0.45546875 0.0796875 0.0765625
0 0.62734375 0.97890625 0.0640625 0.0421875
0 0.49140625 0.9765625 0.0703125 0.046875
0 0.4125 0.93984375 0.084375 0.0796875
0 0.5796875 0.87109375 0.0625 0.06484375
0 0.41171875 0.55 0.1296875 0.165625
0 0.18671875 0.64921875 0.0890625 0.0796875
0 0.053125 0.65 0.06015625 0.06015625