0 0.42109375 0.2390625 0.5234375 0.359375
0 0.25234375 0.3875 0.1328125 0.0625
0 0.47734375 0.103125 0.09375 0.09609375
0 0.3890625 0.12265625 0.09609375 0.12734375
0 0.58671875 0.15859375 0.07421875 0.071875
0 0.12265625 0.25859375 0.10546875 0.1078125
0 0.76640625 0.33046875 0.0453125 0.1015625
0 0.9234375 0.14140625 0.08671875 0.07421875
0 0.8234375 0.03046875 0.06875 0.0609375
0 0.87890625 0.40703125 0.0796875 0.0234375
0 0.33828125 0.4375 0.0796875 0.0375
0 0.43359375 0.4390625 0.0453125 0.040625
0 0.465625 0.47890625 0.06484375 0.06015625
0 0.70234375 0.6234375 0.071875 0.08671875
0 0.77265625 0.97890625 0.0328125 0.0421875
0 0.65234375 0.91796875 0.06953125 0.09140625
0 0.51328125 0.97578125 0.0671875 0.0484375
0 0.07109375 0.646875 0.1421875 0.228125
0 0.0171875 0.9171875 0.034375 0.08125
0 0.24765625 0.99140625 0.1421875 0.0171875
0 0.37578125 0.834375 0.06015625 0.09140625
0 0.4609375 0.784375 0.05078125 0.06484375
0 0.4390625 0.67265625 0.04296875 0.053125
0 0.44296875 0.71484375 0.0453125 0.0484375
0 0.2234375 0.440625 0.05 0.04375