0 0.3953125 0.2703125 0.0625 0.0796875
0 0.3375 0.24375 0.07421875 0.0984375
0 0.2484375 0.21171875 0.04296875 0.03828125
0 0.21875 0.175 0.06015625 0.053125
0 0.01484375 0.05078125 0.0296875 0.0734375
0 0.56875 0.0640625 0.1 0.128125
0 0.24375 0.015625 0.040625 0.03125
0 0.44453125 0.21484375 0.0484375 0.05078125
0 0.96875 0.16328125 0.0625 0.0734375
0 0.8375 0.225 0.321875 0.321875
0 0.83984375 0.0421875 0.05546875 0.0578125
0 0.70546875 0.04296875 0.1234375 0.0859375
0 0.6921875 0.29609375 0.0578125 0.0578125
0 0.6484375 0.36875 0.059375 0.0625
0 0.7046875 0.403125 0.12734375 0.12734375
0 0.8796875 0.36171875 0.08203125 0.084375
0 0.98359375 0.44140625 0.0328125 0.0953125
0 0.96171875 0.41171875 0.0765625 0.0890625
0 0.81328125 0.40546875 0.3265625 0.1671875
0 0.64453125 0.4640625 0.0515625 0.05
0 0.04140625 0.5171875 0.0828125 0.05625
0 0.05234375 0.5109375 0.0796875 0.04375
0 0.55546875 0.66328125 0.11796875 0.12265625
0 0.475 0.77734375 0.1109375 0.08671875
0 0.2828125 0.8015625 0.09140625 0.0890625
0 0.3453125 0.67890625 0.08671875 0.0796875
0 0.0625 0.95625 0.0765625 0.08203125
0 0.16484375 0.89140625 0.0890625 0.084375
0 0.025 0.5765625 0.05 0.053125
0 0.0625 0.5546875 0.06484375 0.06953125
0 0.6015625 0.584375 0.034375 0.1125
0 0.9875 0.91640625 0.025 0.0703125
0 0.89921875 0.96171875 0.0984375 0.0765625
0 0.6453125 0.98046875 0.053125 0.0390625