0 0.54609375 0.1984375 0.0671875 0.09140625
0 0.48359375 0.1671875 0.0796875 0.11328125
0 0.38828125 0.13046875 0.0453125 0.0453125
0 0.35625 0.08828125 0.06484375 0.06015625
0 0.5953125 0.36796875 0.03125 0.0640625
0 0.59375 0.2234375 0.028125 0.05
0 0.3046875 0.953125 0.09375 0.08671875
0 0.05 0.71875 0.09140625 0.1078125
0 0.11171875 0.60703125 0.10078125 0.115625
0 0.1390625 0.5296875 0.05078125 0.0578125
0 0.32265625 0.41640625 0.0515625 0.0140625
0 0.40703125 0.43671875 0.0765625 0.0546875
0 0.54296875 0.5 0.053125 0.0484375
0 0.34921875 0.64296875 0.40390625 0.415625
0 0.54765625 0.959375 0.0640625 0.08125
0 0.7296875 0.478125 0.11328125 0.11328125
0 0.81875 0.6125 0.1078125 0.1078125
0 0.75859375 0.7078125 0.134375 0.1390625
0 0.67421875 0.775 0.09140625 0.09375
0 0.68515625 0.90703125 0.2109375 0.1859375
0 0.6328125 0.99140625 0.065625 0.0171875
0 0.9078125 0.46875 0.1078125 0.1109375