0 0.61015625 0.20703125 0.1796875 0.2765625
0 0.54296875 0.35703125 0.06484375 0.06953125
0 0.34921875 0.50703125 0.0484375 0.0640625
0 0.3609375 0.39296875 0.10546875 0.1078125
0 0.29296875 0.26875 0.06953125 0.08671875
0 0.321875 0.21015625 0.0359375 0.05078125
0 0.3671875 0.2140625 0.05546875 0.040625
0 0.409375 0.1640625 0.07421875 0.071875
0 0.11484375 0.525 0.0640625 0.028125
0 0.0359375 0.25234375 0.071875 0.1046875
0 0.13828125 0.03515625 0.1421875 0.0703125
0 0.1078125 0.175 0.06015625 0.06953125
0 0.7375 0.128125 0.075 0.153125
0 0.88671875 0.41015625 0.18515625 0.18046875
0 0.31640625 0.95078125 0.1140625 0.0984375
0 0.50546875 0.9734375 0.0796875 0.053125
0 0.60625 0.98359375 0.0625 0.0328125
0 0.58828125 0.92734375 0.06484375 0.0671875
0 0.49453125 0.91171875 0.07421875 0.0671875
0 0.25234375 0.71328125 0.08203125 0.08671875
0 0.2078125 0.66171875 0.0796875 0.0890625
0 0.3171875 0.6359375 0.0671875 0.06953125
0 0.4453125 0.6484375 0.0765625 0.071875
0 0.621875 0.55234375 0.1125 0.0265625
0 0.1578125 0.57421875 0.103125 0.0703125
0 0.1328125 0.76953125 0.265625 0.4609375
0 0.7328125 0.6015625 0.065625 0.125
0 0.91171875 0.92421875 0.1078125 0.125
0 0.95234375 0.63515625 0.0671875 0.0796875