0 0.0453125 0.1125 0.090625 0.225
0 0.38828125 0.3875 0.0765625 0.06953125
0 0.125 0.38125 0.071875 0.06015625
0 0.10703125 0.328125 0.0671875 0.0578125
0 0.01171875 0.33125 0.0234375 0.059375
0 0.04296875 0.47734375 0.0625 0.084375
0 0.0109375 0.47421875 0.021875 0.0703125
0 0.22421875 0.58203125 0.0890625 0.0359375
0 0.4484375 0.21171875 0.0765625 0.084375
0 0.70625 0.25625 0.1078125 0.0984375
0 0.82578125 0.33125 0.08203125 0.08203125
0 0.8859375 0.4234375 0.115625 0.10078125
0 0.6921875 0.08125 0.184375 0.1625
0 0.903125 0.01640625 0.090625 0.0328125
0 0.609375 0.32421875 0.01875 0.0640625
0 0.76640625 0.27578125 0.05546875 0.06015625
0 0.17265625 0.7203125 0.2578125 0.240625
0 0.21796875 0.95 0.1484375 0.1
0 0.57578125 0.9265625 0.0484375 0.09375
0 0.0375 0.9484375 0.0578125 0.05546875
0 0.0515625 0.8953125 0.053125 0.05078125
0 0.1265625 0.87109375 0.06484375 0.06484375
0 0.10234375 0.96015625 0.0453125 0.05546875
0 0.57578125 0.67890625 0.0484375 0.1046875
0 0.46484375 0.92421875 0.07421875 0.0765625
0 0.9046875 0.771875 0.190625 0.334375