0 0.48125 0.3125 0.275 0.396875
0 0.23125 0.3609375 0.36875 0.3375
0 0.41015625 0.41796875 0.1109375 0.08203125
0 0.56953125 0.1453125 0.0984375 0.290625
0 0.19765625 0.103125 0.09140625 0.09609375
0 0.7296875 0.4640625 0.1375 0.13125
0 0.84609375 0.02890625 0.0671875 0.0578125
0 0.7953125 0.1515625 0.0671875 0.0796875
0 0.74453125 0.0953125 0.0890625 0.08671875
0 0.63203125 0.28046875 0.0265625 0.0828125
0 0.6421875 0.1796875 0.046875 0.071875
0 0.7796875 0.2265625 0.05546875 0.05078125
0 0.7984375 0.30078125 0.06484375 0.06484375
0 0.72265625 0.32109375 0.0453125 0.0484375
0 0.24296875 0.75078125 0.05078125 0.0671875
0 0.39375 0.76015625 0.071875 0.06015625
0 0.41640625 0.953125 0.103125 0.0671875
0 0.19765625 0.98984375 0.0265625 0.0203125
0 0.32265625 0.86015625 0.03828125 0.02890625
0 0.70625 0.61875 0.1515625 0.1515625
0 0.92421875 0.62734375 0.0765625 0.0765625
0 0.94296875 0.58046875 0.0671875 0.0671875
0 0.6859375 0.734375 0.0671875 0.06484375
0 0.875 0.690625 0.06484375 0.06484375