0 0.18125 0.18984375 0.3625 0.3796875
0 0.178125 0.49140625 0.228125 0.1546875
0 0.1875 0.35390625 0.1390625 0.134375
0 0.4234375 0.29921875 0.134375 0.14453125
0 0.484375 0.32890625 0.109375 0.1265625
0 0.403125 0.46171875 0.1203125 0.1296875
0 0.4875 0.4640625 0.103125 0.103125
0 0.76953125 0.06328125 0.3921875 0.1265625
0 0.89453125 0.0421875 0.1390625 0.084375
0 0.9390625 0.44375 0.121875 0.25
0 0.659375 0.5109375 0.15625 0.115625
0 0.62265625 0.3515625 0.1109375 0.1078125
0 0.78046875 0.271875 0.14453125 0.14453125
0 0.8640625 0.16640625 0.1203125 0.1203125
0 0.69375 0.1 0.13671875 0.13671875
0 0.58125 0.1796875 0.084375 0.103125
0 0.0734375 0.95234375 0.0765625 0.071875
0 0.01875 0.89921875 0.0375 0.1046875
0 0.0359375 0.84140625 0.06015625 0.0578125
0 0.36015625 0.921875 0.1515625 0.14921875
0 0.44609375 0.73515625 0.1859375 0.2609375
0 0.39453125 0.60078125 0.1203125 0.0640625
0 0.059375 0.6125 0.11875 0.0875
0 0.76875 0.965625 0.115625 0.06875
0 0.8359375 0.65703125 0.271875 0.1765625
0 0.828125 0.81875 0.165625 0.16328125
0 0.7328125 0.80546875 0.15859375 0.14921875
0 0.57265625 0.8640625 0.0671875 0.084375
0 0.6546875 0.70078125 0.09375 0.09375
0 0.66953125 0.60390625 0.0921875 0.0703125
0 0.959375 0.94609375 0.08125 0.1078125
0 0.9171875 0.971875 0.09375 0.05625