0 0.184375 0.19453125 0.36875 0.3890625
0 0.4625 0.22890625 0.146875 0.1296875
0 0.6078125 0.221875 0.103125 0.09609375
0 0.70859375 0.29609375 0.1421875 0.11796875
0 0.80390625 0.1046875 0.053125 0.071875
0 0.86015625 0.10703125 0.071875 0.0671875
0 0.96640625 0.184375 0.053125 0.07421875
0 0.38046875 0.35390625 0.0234375 0.0703125
0 0.2890625 0.41171875 0.05625 0.0453125
0 0.35078125 0.43359375 0.0359375 0.0796875
0 0.3265625 0.49375 0.02890625 0.04296875
0 0.27890625 0.521875 0.0765625 0.0578125
0 0.35703125 0.61328125 0.0234375 0.0421875
0 0.89921875 0.4125 0.0953125 0.046875
0 0.559375 0.48515625 0.09375 0.0796875
0 0.84921875 0.5109375 0.12734375 0.1203125
0 0.79765625 0.65 0.08671875 0.09609375
0 0.909375 0.6390625 0.1390625 0.12265625
0 0.9296875 0.7328125 0.115625 0.09140625
0 0.98515625 0.83046875 0.0296875 0.0796875
0 0.98671875 0.96640625 0.0265625 0.0671875
0 0.77578125 0.95390625 0.1390625 0.0921875
0 0.6734375 0.890625 0.06484375 0.071875
0 0.5453125 0.959375 0.146875 0.08125
0 0.47578125 0.85 0.09375 0.0890625
0 0.4125 0.83984375 0.0875 0.0890625
0 0.4078125 0.92421875 0.071875 0.08671875
0 0.534375 0.6234375 0.12265625 0.1390625