0 0.0671875 0.1 0.134375 0.2
0 0.3828125 0.22890625 0.3125 0.4578125
0 0.5109375 0.61640625 0.05625 0.1046875
0 0.4953125 0.50234375 0.0875 0.1296875
0 0.27109375 0.54453125 0.12734375 0.1421875
0 0.21796875 0.6015625 0.115625 0.125
0 0.35234375 0.65078125 0.1046875 0.0359375
0 0.6421875 0.43125 0.1515625 0.1515625
0 0.7515625 0.43984375 0.11796875 0.12734375
0 0.775 0.59765625 0.240625 0.1421875
0 0.596875 0.17421875 0.0890625 0.08671875
0 0.628125 0.275 0.0984375 0.10546875
0 0.73046875 0.309375 0.09375 0.0890625
0 0.921875 0.5734375 0.15625 0.190625
0 0.7171875 0.06796875 0.146875 0.1359375
0 0.83828125 0.040625 0.0765625 0.0765625
0 0.86875 0.0125 0.115625 0.025
0 0.5546875 0.259375 0.03125 0.0875
0 0.73828125 0.20390625 0.115625 0.1109375
0 0.6734375 0.175 0.084375 0.0890625
0 0.87109375 0.39765625 0.071875 0.071875
0 0.84921875 0.43359375 0.05078125 0.05078125
0 0.79609375 0.30703125 0.0671875 0.06953125
0 0.5515625 0.10546875 0.025 0.0578125
0 0.5625 0.13671875 0.046875 0.0734375
0 0.08671875 0.78203125 0.1734375 0.2265625
0 0.490625 0.9078125 0.06484375 0.06484375
0 0.29453125 0.79765625 0.053125 0.071875
0 0.27265625 0.9 0.07421875 0.0796875
0 0.87578125 0.9546875 0.1109375 0.090625
0 0.57734375 0.80234375 0.0765625 0.0953125
0 0.85 0.8390625 0.1515625 0.14453125
0 0.82890625 0.7078125 0.1046875 0.078125
0 0.92734375 0.73359375 0.1453125 0.1296875
0 0.58984375 0.70546875 0.1015625 0.0734375
0 0.79765625 0.9859375 0.1609375 0.028125