0 0.26171875 0.23984375 0.4765625 0.4796875
0 0.959375 0.4578125 0.08125 0.04375
0 0.76484375 0.14375 0.125 0.1203125
0 0.7609375 0.24453125 0.1078125 0.0984375
0 0.709375 0.44765625 0.084375 0.0640625
0 0.534375 0.28046875 0.06875 0.0796875
0 0.6171875 0.296875 0.071875 0.06953125
0 0.5546875 0.378125 0.09140625 0.103125
0 0.06171875 0.95859375 0.1234375 0.0828125
0 0.01953125 0.825 0.0390625 0.065625
0 0.09765625 0.88203125 0.06015625 0.0578125
0 0.171875 0.89765625 0.0765625 0.0765625
0 0.146875 0.75859375 0.06953125 0.06953125
0 0.046875 0.603125 0.0671875 0.06484375
0 0.43515625 0.5671875 0.1296875 0.175
0 0.271875 0.6453125 0.0796875 0.07421875
0 0.31875 0.6 0.08671875 0.09375
0 0.41953125 0.8546875 0.11796875 0.115625
0 0.9765625 0.98671875 0.046875 0.0265625
0 0.91171875 0.821875 0.09609375 0.1109375
0 0.62265625 0.6125 0.07421875 0.06953125
0 0.6421875 0.68203125 0.06015625 0.0625
0 0.65625 0.721875 0.05546875 0.053125
0 0.7515625 0.8 0.07421875 0.0890625
0 0.69140625 0.79765625 0.071875 0.084375
0 0.74765625 0.8734375 0.0578125 0.06484375
0 0.51015625 0.9703125 0.0203125 0.059375