0 0.2640625 0.05 0.178125 0.1
0 0.0859375 0.2515625 0.12734375 0.12734375
0 0.18828125 0.15625 0.115625 0.11796875
0 0.03984375 0.1484375 0.0796875 0.121875
0 0.61796875 0.065625 0.0234375 0.0875
0 0.4953125 0.3578125 0.1515625 0.19921875
0 0.31484375 0.2515625 0.08203125 0.09140625
0 0.3984375 0.22734375 0.0578125 0.0796875
0 0.21796875 0.5265625 0.0828125 0.065625
0 0.16171875 0.49375 0.0671875 0.08203125
0 0.4796875 0.0671875 0.05546875 0.0578125
0 0.725 0.07578125 0.103125 0.11328125
0 0.6765625 0.246875 0.09375 0.175
0 0.834375 0.45859375 0.06953125 0.09140625
0 0.796875 0.790625 0.146875 0.1515625