0 0.215625 0.025 0.21875 0.05
0 0.14921875 0.2 0.1515625 0.146875
0 0.20234375 0.08671875 0.1390625 0.13671875
0 0.0640625 0.14609375 0.128125 0.1421875
0 0.06640625 0.36171875 0.1328125 0.1765625
0 0.34296875 0.11328125 0.10078125 0.103125
0 0.39296875 0.0625 0.0515625 0.084375
0 0.3609375 0.37421875 0.0984375 0.0984375
0 0.2984375 0.3625 0.08671875 0.0890625
0 0.7078125 0.225 0.534375 0.45
0 0.45546875 0.0734375 0.0734375 0.146875
0 0.165625 0.5703125 0.33125 0.240625
0 0.38125 0.7171875 0.0578125 0.08203125
0 0.27734375 0.89296875 0.146875 0.1296875
0 0.2796875 0.96640625 0.0578125 0.05078125
0 0.10390625 0.96875 0.1109375 0.0625
0 0.79140625 0.4765625 0.0734375 0.053125
0 0.51796875 0.57890625 0.06953125 0.0671875
0 0.42734375 0.58515625 0.0171875 0.1078125
0 0.7484375 0.675 0.053125 0.0796875
0 0.8546875 0.725 0.13671875 0.1296875
0 0.665625 0.78046875 0.06953125 0.0625
0 0.61015625 0.896875 0.12734375 0.134375
0 0.4671875 0.95390625 0.096875 0.0921875
0 0.484375 0.64609375 0.06015625 0.0453125