0 0.328125 0.2 0.0625 0.103125
0 0.20546875 0.1859375 0.13671875 0.1921875
0 0.12109375 0.2125 0.0453125 0.0671875
0 0.07890625 0.02578125 0.0734375 0.0515625
0 0.3140625 0.4265625 0.053125 0.046875
0 0.79921875 0.428125 0.2109375 0.04375
0 0.8984375 0.2046875 0.203125 0.190625
0 0.3984375 0.27734375 0.05078125 0.09140625
0 0.5265625 0.18125 0.06484375 0.06953125
0 0.45078125 0.071875 0.103125 0.09375
0 0.10546875 0.73828125 0.2109375 0.5234375
0 0.38125 0.75859375 0.04375 0.0984375
0 0.41875 0.89375 0.11875 0.11875
0 0.50625 0.8171875 0.0671875 0.08671875
0 0.80703125 0.9484375 0.08671875 0.0796875
0 0.6359375 0.6390625 0.13203125 0.134375
0 0.975 0.95703125 0.05 0.0859375