0 0.3046875 0.22578125 0.16796875 0.1703125
0 0.41015625 0.13984375 0.0625 0.09140625
0 0.5265625 0.1515625 0.12734375 0.1703125
0 0.60625 0.12734375 0.04296875 0.06015625
0 0.64453125 0.3046875 0.0703125 0.06875
0 0.37421875 0.32265625 0.1078125 0.0328125
0 0.53671875 0.31875 0.1203125 0.040625
0 0.1015625 0.28125 0.053125 0.053125
0 0.1625 0.2 0.06953125 0.06484375
0 0.16875 0.09296875 0.05546875 0.0671875
0 0.85 0.1703125 0.3 0.3375
0 0.05625 0.4140625 0.1125 0.13125
0 0.034375 0.56328125 0.06875 0.0859375
0 0.01171875 0.57890625 0.0234375 0.0984375
0 0.08203125 0.73515625 0.1640625 0.2171875
0 0.16171875 0.60703125 0.125 0.19453125
0 0.221875 0.43515625 0.1515625 0.1609375
0 0.59296875 0.3828125 0.0890625 0.0875
0 0.64921875 0.53984375 0.0671875 0.0796875
0 0.6375 0.90078125 0.125 0.1984375
0 0.4703125 0.65546875 0.21875 0.25234375
0 0.74296875 0.35625 0.0828125 0.034375
0 0.74921875 0.61875 0.0578125 0.04296875
0 0.8015625 0.6765625 0.084375 0.1515625
0 0.7921875 0.88984375 0.184375 0.2203125
0 0.9265625 0.97421875 0.03359375 0.0453125
0 0.9671875 0.54609375 0.065625 0.0671875
0 0.9578125 0.434375 0.040625 0.0578125
0 0.93828125 0.69296875 0.05078125 0.053125