0 0.040625 0.04140625 0.08125 0.0828125
0 0.14921875 0.05859375 0.1453125 0.1171875
0 0.1765625 0.13203125 0.17578125 0.1609375
0 0.06328125 0.24140625 0.1265625 0.1515625
0 0.37734375 0.1375 0.071875 0.08671875
0 0.36796875 0.22265625 0.09140625 0.103125
0 0.25078125 0.29609375 0.2265625 0.1078125
0 0.2875 0.0109375 0.059375 0.021875
0 0.915625 0.29140625 0.103125 0.1171875
0 0.95859375 0.19296875 0.0828125 0.1078125
0 0.78828125 0.0140625 0.0828125 0.028125
0 0.2734375 0.83828125 0.353125 0.3234375
0 0.46875 0.89609375 0.0625 0.1203125
0 0.48984375 0.784375 0.0203125 0.071875
0 0.34609375 0.75078125 0.071875 0.071875
0 0.31328125 0.98671875 0.0796875 0.0265625
0 0.1578125 0.3796875 0.075 0.059375
0 0.4 0.59921875 0.09609375 0.09609375
0 0.46953125 0.665625 0.0609375 0.103125
0 0.221875 0.65234375 0.06953125 0.08203125
0 0.878125 0.38203125 0.071875 0.0640625
0 0.9140625 0.5546875 0.0890625 0.09140625