0 0.09453125 0.2484375 0.11796875 0.12265625
0 0.14140625 0.328125 0.14921875 0.12734375
0 0.3375 0.284375 0.05546875 0.0765625
0 0.34765625 0.36875 0.071875 0.0890625
0 0.30625 0.1078125 0.05078125 0.06015625
0 0.49140625 0.1921875 0.0765625 0.13125
0 0.215625 0.16171875 0.0453125 0.06015625
0 0.81875 0.409375 0.075 0.01875
0 0.57734375 0.23515625 0.08203125 0.08671875
0 0.55078125 0.18359375 0.0421875 0.0890625
0 0.6421875 0.1578125 0.0671875 0.06953125
0 0.7703125 0.1703125 0.0765625 0.071875
0 0.9453125 0.04375 0.109375 0.0875
0 0.6640625 0.04453125 0.103125 0.0890625
0 0.10703125 0.73046875 0.2140625 0.5390625
0 0.4765625 0.92734375 0.10625 0.1453125
0 0.278125 0.6 0.1109375 0.12265625
0 0.21640625 0.43984375 0.0890625 0.0421875
0 0.2796875 0.4765625 0.0578125 0.0625
0 0.2359375 0.88671875 0.06953125 0.0796875
0 0.703125 0.903125 0.196875 0.19375
0 0.9640625 0.909375 0.071875 0.115625
0 0.81953125 0.66015625 0.12265625 0.1203125
0 0.89375 0.64921875 0.08671875 0.08671875
0 0.8921875 0.57578125 0.09609375 0.09609375
0 0.8875 0.7546875 0.178125 0.18046875
0 0.540625 0.9140625 0.021875 0.084375
0 0.5484375 0.7953125 0.0375 0.175