0 0.39296875 0.36875 0.11796875 0.12265625
0 0.34609375 0.2890625 0.14921875 0.12734375
0 0.42265625 0.15 0.0921875 0.121875
0 0.15 0.3328125 0.05546875 0.0765625
0 0.13984375 0.2484375 0.071875 0.0890625
0 0.21796875 0.09140625 0.1828125 0.1828125
0 0.18125 0.509375 0.05078125 0.06015625
0 0.01640625 0.4234375 0.0328125 0.13125
0 0.271875 0.45546875 0.0453125 0.06015625
0 0.70234375 0.259375 0.15390625 0.1609375
0 0.940625 0.028125 0.115625 0.05625
0 0.58125 0.29921875 0.0765625 0.0765625
0 0.62421875 0.21953125 0.0796875 0.08203125
0 0.92109375 0.28671875 0.1578125 0.2671875
0 0.70390625 0.48515625 0.1546875 0.1296875
0 0.38359375 0.63125 0.06015625 0.05546875
0 0.3390625 0.70703125 0.0578125 0.06015625
0 0.16015625 0.65859375 0.0671875 0.0796875
0 0.096875 0.6453125 0.0484375 0.0578125
0 0.146875 0.759375 0.07421875 0.0796875
0 0.053125 0.81953125 0.053125 0.0484375
0 0.04453125 0.88203125 0.0578125 0.0578125
0 0.1109375 0.88671875 0.05078125 0.04296875
0 0.31171875 0.9765625 0.0984375 0.046875
0 0.24296875 0.775 0.05546875 0.05546875
0 0.65 0.9453125 0.0578125 0.06484375
0 0.80390625 0.775 0.3921875 0.45
0 0.50703125 0.81171875 0.0578125 0.05546875