0 0.08359375 0.22109375 0.1203125 0.1078125
0 0.03984375 0.3078125 0.0796875 0.071875
0 0.19375 0.6796875 0.125 0.040625
0 0.1625 0.628125 0.09609375 0.0765625
0 0.21484375 0.5625 0.053125 0.053125
0 0.14609375 0.53203125 0.0625 0.053125
0 0.15546875 0.4765625 0.0578125 0.071875
0 0.340625 0.109375 0.125 0.12734375
0 0.415625 0.3859375 0.0578125 0.05078125
0 0.94765625 0.1484375 0.1046875 0.296875
0 0.69765625 0.1921875 0.4765625 0.384375
0 0.734375 0.53671875 0.334375 0.3265625
0 0.846875 0.57265625 0.30625 0.2546875
0 0.48671875 0.3359375 0.0546875 0.125
0 0.47109375 0.49609375 0.0234375 0.0765625
0 0.521875 0.653125 0.11875 0.09375
0 0.4078125 0.93515625 0.103125 0.1296875
0 0.2796875 0.765625 0.0671875 0.07421875
0 0.1484375 0.9015625 0.0796875 0.071875
0 0.0703125 0.86875 0.06953125 0.0671875
0 0.4046875 0.7828125 0.103125 0.09375
0 0.6109375 0.85 0.303125 0.3
0 0.83046875 0.7609375 0.1265625 0.121875
0 0.9 0.85078125 0.0578125 0.071875
0 0.9078125 0.93203125 0.0671875 0.0671875