0 0.22890625 0.31484375 0.1203125 0.1078125
0 0.45625 0.20234375 0.065625 0.1265625
0 0.46015625 0.04609375 0.0578125 0.0921875
0 0.03515625 0.13046875 0.0625 0.06015625
0 0.12421875 0.13203125 0.040625 0.0484375
0 0.03046875 0.03125 0.0609375 0.0625
0 0.8625 0.12578125 0.275 0.2515625
0 0.8359375 0.3359375 0.090625 0.065625
0 0.69296875 0.35234375 0.0859375 0.0328125
0 0.66328125 0.153125 0.10546875 0.1078125
0 0.45234375 0.98125 0.0734375 0.0375
0 0.46796875 0.9140625 0.0421875 0.071875
0 0.4734375 0.74453125 0.03125 0.0984375
0 0.459375 0.51171875 0.059375 0.1234375
0 0.41484375 0.428125 0.10546875 0.10078125
0 0.1546875 0.409375 0.125 0.08125
0 0.38125 0.73671875 0.0453125 0.0359375
0 0.171875 0.7578125 0.115625 0.11328125
0 0.0859375 0.72890625 0.071875 0.08203125
0 0.21171875 0.63828125 0.07421875 0.071875
0 0.15859375 0.65859375 0.0578125 0.0578125
0 0.8953125 0.76953125 0.071875 0.08671875
0 0.834375 0.840625 0.0625 0.09140625
0 0.7546875 0.75 0.06484375 0.08203125
0 0.86328125 0.39453125 0.0609375 0.0515625
0 0.70078125 0.91015625 0.103125 0.11328125
0 0.78984375 0.53828125 0.06484375 0.06484375
0 0.534375 0.57578125 0.05078125 0.03828125