0 0.12578125 0.03125 0.1203125 0.0625
0 0.17265625 0.0953125 0.08671875 0.071875
0 0.0390625 0.49453125 0.078125 0.0953125
0 0.046875 0.41484375 0.09375 0.0765625
0 0.325 0.47109375 0.028125 0.0890625
0 0.2546875 0.37734375 0.05078125 0.05078125
0 0.01015625 0.35 0.0203125 0.053125
0 0.06328125 0.31953125 0.0625 0.053125
0 0.05390625 0.2640625 0.0578125 0.071875
0 0.32734375 0.128125 0.0234375 0.04375
0 0.5984375 0.07734375 0.125 0.1078125
0 0.346875 0.39453125 0.015625 0.0796875
0 0.3609375 0.31953125 0.04375 0.0484375
0 0.65703125 0.4546875 0.06015625 0.06015625
0 0.65 0.371875 0.071875 0.071875
0 0.778125 0.38984375 0.0765625 0.0796875
0 0.746875 0.4890625 0.103125 0.08671875
0 0.83984375 0.56015625 0.1296875 0.0984375
0 0.64453125 0.60234375 0.0671875 0.0140625
0 0.63515625 0.521875 0.06484375 0.053125
0 0.97421875 0.09296875 0.0515625 0.0703125
0 0.9140625 0.1984375 0.08203125 0.06484375
0 0.684375 0.04453125 0.0625 0.06953125
0 0.60546875 0.17578125 0.0484375 0.05546875
0 0.0890625 0.75 0.178125 0.221875
0 0.275 0.69921875 0.128125 0.1328125
0 0.25625 0.88984375 0.07421875 0.0765625
0 0.4296875 0.80390625 0.18125 0.3578125
0 0.5359375 0.7796875 0.12734375 0.16328125
0 0.628125 0.67734375 0.125 0.1359375
0 0.921875 0.62265625 0.084375 0.0265625
0 0.884375 0.82421875 0.10078125 0.103125
0 0.97578125 0.78515625 0.0484375 0.1515625
0 0.67734375 0.984375 0.0859375 0.03125
0 0.9484375 0.88671875 0.084375 0.07421875