0 0.0953125 0.4390625 0.190625 0.121875
0 0.10546875 0.21796875 0.09375 0.10546875
0 0.296875 0.24453125 0.084375 0.09140625
0 0.49140625 0.321875 0.07421875 0.07421875
0 0.02265625 0.30078125 0.0453125 0.0703125
0 0.06875 0.0203125 0.053125 0.040625
0 0.66328125 0.11171875 0.11328125 0.10546875
0 0.971875 0.459375 0.05625 0.08125
0 0.7203125 0.34921875 0.0765625 0.08203125
0 0.32421875 0.51015625 0.0484375 0.0203125
0 0.50234375 0.5171875 0.0546875 0.034375
0 0.4875 0.57109375 0.0484375 0.053125
0 0.3984375 0.63125 0.04296875 0.05546875
0 0.02109375 0.50625 0.0359375 0.0125
0 0.08046875 0.52109375 0.0546875 0.0421875
0 0.128125 0.53515625 0.03828125 0.0484375
0 0.1390625 0.5796875 0.0796875 0.06953125
0 0.23046875 0.57578125 0.0359375 0.040625
0 0.17421875 0.6359375 0.0484375 0.0484375
0 0.06328125 0.690625 0.0625 0.05546875
0 0.41953125 0.77421875 0.05078125 0.0671875
0 0.453125 0.8984375 0.040625 0.05078125
0 0.3890625 0.96796875 0.071875 0.0640625
0 0.05625 0.9796875 0.03828125 0.0359375
0 0.1 0.9921875 0.05 0.015625
0 0.009375 0.978125 0.01875 0.04375
0 0.83203125 0.73203125 0.3359375 0.4640625
0 0.97734375 0.53984375 0.0453125 0.0796875
0 0.62421875 0.91796875 0.1890625 0.1640625
0 0.63828125 0.52578125 0.0765625 0.0515625
0 0.5671875 0.56875 0.06015625 0.071875
0 0.86328125 0.98046875 0.0515625 0.0390625