0 0.0640625 0.20078125 0.128125 0.3390625
0 0.1296875 0.1546875 0.13671875 0.134375
0 0.125 0.08203125 0.0984375 0.0984375
0 0.125 0.35625 0.25 0.40625
0 0.27109375 0.303125 0.0421875 0.065625
0 0.334375 0.34375 0.084375 0.084375
0 0.7078125 0.475 0.25 0.16875
0 0.828125 0.42421875 0.084375 0.084375
0 0.72265625 0.34765625 0.06015625 0.0578125
0 0.7671875 0.32421875 0.06953125 0.0671875
0 0.31875 0.26953125 0.07421875 0.07421875
0 0.38125 0.24140625 0.0671875 0.0671875
0 0.3765625 0.03515625 0.13125 0.0703125
0 0.51171875 0.04296875 0.0859375 0.0859375
0 0.44609375 0.12890625 0.07421875 0.07421875
0 0.98046875 0.40546875 0.0390625 0.0828125
0 0.4390625 0.515625 0.06484375 0.0671875
0 0.3390625 0.4734375 0.0671875 0.06484375
0 0.278125 0.0796875 0.05625 0.0625
0 0.28203125 0.00546875 0.0515625 0.0109375
0 0.725 0.03125 0.06015625 0.06015625
0 0.421875 0.43515625 0.053125 0.053125
0 0.47109375 0.39453125 0.0484375 0.0484375
0 0.86875 0.5 0.06484375 0.0671875
0 0.934375 0.45078125 0.0484375 0.0484375
0 0.20859375 0.6203125 0.0828125 0.121875
0 0.17734375 0.959375 0.0765625 0.08125
0 0.040625 0.96875 0.08125 0.0625
0 0.14140625 0.58984375 0.0671875 0.0609375
0 0.225 0.7328125 0.05 0.0625
0 0.71640625 0.7796875 0.5671875 0.440625