0 0.3375 0.25703125 0.084375 0.09140625
0 0.14296875 0.334375 0.07421875 0.07421875
0 0.01328125 0.43203125 0.0265625 0.0765625
0 0.61953125 0.49140625 0.0890625 0.0671875
0 0.625 0.36484375 0.07421875 0.07421875
0 0.953125 0.41484375 0.09375 0.1265625
0 0.9734375 0.11015625 0.053125 0.1734375
0 0.88515625 0.1765625 0.12734375 0.16796875
0 0.5359375 0.128125 0.0671875 0.06953125
0 0.18203125 0.63359375 0.15390625 0.14921875
0 0.13515625 0.709375 0.09609375 0.08203125
0 0.08984375 0.5640625 0.1796875 0.06875
0 0.03046875 0.96953125 0.0609375 0.0609375
0 0.178125 0.94296875 0.115625 0.1140625
0 0.50078125 0.95234375 0.0640625 0.0953125
0 0.6046875 0.965625 0.084375 0.06875
0 0.5578125 0.9140625 0.06015625 0.0625
0 0.73984375 0.871875 0.0796875 0.08203125
0 0.78046875 0.73125 0.06953125 0.0796875
0 0.88515625 0.58984375 0.1203125 0.1203125
0 0.72890625 0.5875 0.0890625 0.09609375
0 0.7 0.6609375 0.06953125 0.08203125
0 0.5375 0.8265625 0.05078125 0.05546875
0 0.5109375 0.603125 0.0578125 0.0625
0 0.56796875 0.6078125 0.0578125 0.0671875