0 0.21328125 0.3 0.0625 0.071875
0 0.14609375 0.2015625 0.0890625 0.0984375
0 0.50546875 0.0875 0.0890625 0.146875
0 0.4796875 0.021875 0.125 0.04375
0 0.03515625 0.20859375 0.0703125 0.1359375
0 0.30234375 0.1046875 0.0890625 0.1203125
0 0.34921875 0.05234375 0.0921875 0.1046875
0 0.06953125 0.4734375 0.0703125 0.0125
0 0.35 0.4671875 0.0625 0.025
0 0.2625 0.36796875 0.0359375 0.040625
0 0.2453125 0.3953125 0.02890625 0.0359375
0 0.1234375 0.3796875 0.05546875 0.0484375
0 0.05546875 0.31484375 0.05078125 0.053125
0 0.00625 0.4171875 0.0125 0.040625
0 0.4078125 0.29765625 0.0671875 0.0625
0 0.76328125 0.0484375 0.1734375 0.096875
0 0.73203125 0.1328125 0.1828125 0.178125
0 0.671875 0.26015625 0.1109375 0.1109375
0 0.61015625 0.26875 0.103125 0.10546875
0 0.7046875 0.3796875 0.309375 0.2
0 0.0890625 0.790625 0.178125 0.271875
0 0.0984375 0.628125 0.071875 0.08671875
0 0.08671875 0.5265625 0.0921875 0.09375
0 0.51875 0.9359375 0.0625 0.06015625
0 0.24453125 0.96328125 0.0671875 0.0734375
0 0.3109375 0.90234375 0.06484375 0.06953125
0 0.53828125 0.75 0.0234375 0.071875
0 0.52421875 0.578125 0.0515625 0.071875
0 0.24609375 0.5125 0.0796875 0.065625
0 0.93671875 0.67890625 0.10078125 0.1109375
0 0.82890625 0.6328125 0.09609375 0.10078125
0 0.65625 0.6015625 0.2125 0.24375
0 0.6328125 0.8109375 0.05546875 0.06015625
0 0.71484375 0.83515625 0.06015625 0.06484375
0 0.8109375 0.92890625 0.08203125 0.084375
0 0.7578125 0.9578125 0.0484375 0.06015625
0 0.8609375 0.80859375 0.0578125 0.0625