0 0.26953125 0.5515625 0.0671875 0.015625
0 0.34140625 0.48125 0.09609375 0.10078125
0 0.02421875 0.26171875 0.0484375 0.1140625
0 0.03984375 0.090625 0.0796875 0.18125
0 0.2140625 0.1703125 0.09375 0.09375
0 0.1640625 0.0859375 0.1109375 0.115625
0 0.29375 0.09296875 0.06953125 0.0765625
0 0.24765625 0.05234375 0.071875 0.06484375
0 0.43984375 0.48828125 0.0390625 0.1421875
0 0.17421875 0.38046875 0.09609375 0.12265625
0 0.121875 0.3234375 0.0984375 0.115625
0 0.88203125 0.0328125 0.05078125 0.040625
0 0.840625 0.10859375 0.06484375 0.06015625
0 0.75859375 0.53203125 0.0921875 0.0546875
0 0.98359375 0.24375 0.0328125 0.0625
0 0.5734375 0.27265625 0.06484375 0.06953125
0 0.60234375 0.38671875 0.06015625 0.05546875
0 0.53984375 0.40234375 0.05078125 0.0484375
0 0.75625 0.30625 0.0484375 0.040625
0 0.87890625 0.3421875 0.0484375 0.03828125
0 0.9125 0.32421875 0.04296875 0.04296875
0 0.96640625 0.48046875 0.05546875 0.0484375
0 0.1359375 0.971875 0.146875 0.05625
0 0.07421875 0.90546875 0.053125 0.06015625
0 0.0296875 0.88203125 0.059375 0.0765625
0 0.0375 0.62734375 0.075 0.1359375
0 0.10390625 0.75078125 0.08203125 0.0984375
0 0.228125 0.77109375 0.0765625 0.0796875
0 0.42109375 0.734375 0.0765625 0.2375
0 0.965625 0.81796875 0.06875 0.1078125
0 0.9296875 0.86796875 0.0796875 0.0796875
0 0.95 0.96796875 0.0875 0.0640625
0 0.990625 0.68359375 0.01875 0.0765625
0 0.8703125 0.615625 0.0984375 0.0984375
0 0.71015625 0.6140625 0.103125 0.103125
0 0.7296875 0.7796875 0.540625 0.440625