0 0.3421875 0.39375 0.084375 0.0890625
0 0.4390625 0.32421875 0.11796875 0.12265625
0 0.109375 0.08828125 0.190625 0.1765625
0 0.1953125 0.040625 0.153125 0.08125
0 0.42890625 0.02890625 0.1140625 0.0578125
0 0.59140625 0.2109375 0.0765625 0.25
0 0.55625 0.3734375 0.146875 0.165625
0 0.325 0.17890625 0.125 0.1421875
0 0.29765625 0.1109375 0.12265625 0.134375
0 0.084375 0.54765625 0.09140625 0.10078125
0 0.21796875 0.6109375 0.09609375 0.09140625
0 0.40703125 0.62265625 0.0859375 0.0734375
0 0.15078125 0.51875 0.0796875 0.07421875
0 0.271875 0.4390625 0.0484375 0.05078125
0 0.2796875 0.471875 0.03828125 0.04296875
0 0.39921875 0.4984375 0.0671875 0.0625
0 0.48515625 0.46015625 0.06484375 0.06484375
0 0.50859375 0.57734375 0.053125 0.053125
0 0.159375 0.32421875 0.084375 0.08203125
0 0.88984375 0.0109375 0.1328125 0.021875
0 0.75 0.5921875 0.240625 0.134375
0 0.93515625 0.51328125 0.0765625 0.084375
0 0.8125 0.13203125 0.040625 0.03828125
0 0.665625 0.11953125 0.071875 0.0578125
0 0.38828125 0.88828125 0.053125 0.0484375
0 0.00859375 0.87734375 0.0171875 0.0328125
0 0.24921875 0.6953125 0.06484375 0.0453125
0 0.91015625 0.94296875 0.0671875 0.071875
0 0.8546875 0.790625 0.09375 0.09609375
0 0.915625 0.67265625 0.0875 0.0265625
0 0.93671875 0.7625 0.10078125 0.11796875
0 0.6421875 0.89453125 0.025 0.1015625
0 0.6953125 0.75859375 0.13125 0.1921875