0 0.24296875 0.3921875 0.09140625 0.084375
0 0.0796875 0.3375 0.0890625 0.09609375
0 0.1671875 0.1640625 0.1203125 0.1203125
0 0.08515625 0.0921875 0.06015625 0.06015625
0 0.11015625 0.02578125 0.0765625 0.0515625
0 0.946875 0.4640625 0.07421875 0.09609375
0 0.54453125 0.27265625 0.1109375 0.1359375
0 0.70078125 0.04921875 0.1265625 0.0984375
0 0.62734375 0.07890625 0.05078125 0.0671875
0 0.87578125 0.04140625 0.1203125 0.0828125
0 0.9140625 0.22421875 0.15859375 0.29296875
0 0.75546875 0.31484375 0.0625 0.0796875
0 0.30390625 0.7578125 0.09140625 0.0796875
0 0.1359375 0.703125 0.11796875 0.09375
0 0.12578125 0.6328125 0.1171875 0.065625
0 0.37890625 0.61640625 0.0796875 0.0328125
0 0.215625 0.95 0.08671875 0.08671875
0 0.084375 0.9359375 0.128125 0.128125
0 0.32734375 0.97578125 0.0640625 0.0484375
0 0.71015625 0.871875 0.1109375 0.06953125
0 0.60078125 0.66875 0.103125 0.09609375
0 0.88125 0.7109375 0.11328125 0.084375
0 0.9765625 0.6265625 0.040625 0.053125
0 0.86875 0.828125 0.06015625 0.0578125