0 0.34921875 0.50859375 0.0515625 0.0421875
0 0.078125 0.390625 0.06953125 0.0578125
0 0.109375 0.15078125 0.08671875 0.0890625
0 0.06953125 0.04921875 0.04296875 0.04296875
0 0.6375 0.18671875 0.025 0.0453125
0 0.12265625 0.0078125 0.0578125 0.015625
0 0.9640625 0.36171875 0.071875 0.2078125
0 0.77578125 0.51796875 0.0890625 0.0234375
0 0.703125 0.36796875 0.0625 0.071875
0 0.21875 0.98359375 0.125 0.0328125
0 0.64140625 0.9234375 0.0171875 0.08125
0 0.2046875 0.6609375 0.08671875 0.10078125
0 0.11875 0.71953125 0.0453125 0.06015625
0 0.15703125 0.8171875 0.06484375 0.0578125
0 0.07265625 0.9203125 0.05078125 0.06484375
0 0.3109375 0.9671875 0.03125 0.04296875
0 0.46640625 0.9859375 0.0546875 0.028125
0 0.52109375 0.84609375 0.03359375 0.03828125
0 0.45859375 0.80859375 0.03359375 0.04296875
0 0.6953125 0.78046875 0.090625 0.0953125
0 0.684375 0.6484375 0.06875 0.15625
0 0.7390625 0.60078125 0.09375 0.09609375
0 0.92890625 0.6890625 0.09140625 0.09609375