0 0.59765625 0.25 0.07421875 0.06015625
0 0.7203125 0.12265625 0.0625 0.0796875
0 0.56484375 0.02265625 0.0921875 0.0453125
0 0.009375 0.03671875 0.01875 0.0484375
0 0.8671875 0.01953125 0.06875 0.0390625
0 0.15078125 0.94765625 0.3015625 0.1046875
0 0.203125 0.640625 0.40625 0.525
0 0.4390625 0.3796875 0.278125 0.159375
0 0.09296875 0.340625 0.1453125 0.08125
0 0.03046875 0.3515625 0.0609375 0.103125
0 0.65078125 0.609375 0.0765625 0.08671875
0 0.64765625 0.4328125 0.08671875 0.09609375
0 0.5828125 0.89375 0.103125 0.1203125
0 0.51640625 0.859375 0.06953125 0.05078125
0 0.4671875 0.77421875 0.0578125 0.053125
0 0.43828125 0.7390625 0.06015625 0.0578125
0 0.5046875 0.72734375 0.0625 0.06953125
0 0.390625 0.9828125 0.08125 0.034375
0 0.47109375 0.56953125 0.084375 0.0671875
0 0.97890625 0.66953125 0.0421875 0.1203125
0 0.95625 0.75390625 0.0875 0.1203125
0 0.87421875 0.9171875 0.0890625 0.0890625
0 0.81796875 0.9859375 0.0578125 0.028125
0 0.92109375 0.821875 0.09140625 0.09140625