0 0.4640625 0.2046875 0.23125 0.209375
0 0.303125 0.1796875 0.07421875 0.1203125
0 0.19453125 0.23671875 0.0796875 0.103125
0 0.03125 0.04453125 0.0625 0.0671875
0 0.56796875 0.04765625 0.0234375 0.0421875
0 0.84375 0.28515625 0.071875 0.0484375
0 0.8828125 0.2421875 0.06953125 0.06953125
0 0.9703125 0.29375 0.059375 0.03125
0 0.259375 0.96953125 0.10625 0.0609375
0 0.18359375 0.96875 0.0859375 0.0625
0 0.2359375 0.8859375 0.0453125 0.0625
0 0.30703125 0.9015625 0.03125 0.0453125
0 0.20625 0.8359375 0.0453125 0.0578125
0 0.1375 0.7453125 0.0453125 0.0453125
0 0.04375 0.52890625 0.03125 0.040625
0 0.05 0.58046875 0.0359375 0.02890625
0 0.04765625 0.4640625 0.03359375 0.03359375
0 0.22265625 0.43515625 0.06484375 0.05546875
0 0.33203125 0.37578125 0.05546875 0.06953125
0 0.2046875 0.36015625 0.05078125 0.0359375
0 0.25546875 0.3265625 0.0484375 0.034375
0 0.93125 0.40625 0.1375 0.19375
0 0.83359375 0.35 0.1078125 0.08125
0 0.7609375 0.51015625 0.06953125 0.06953125
0 0.66015625 0.58125 0.12265625 0.1296875
0 0.84375 0.62890625 0.08203125 0.0890625
0 0.9828125 0.64375 0.034375 0.103125
0 0.878125 0.7609375 0.084375 0.084375
0 0.903125 0.85234375 0.1109375 0.08203125
0 0.815625 0.96640625 0.06953125 0.06484375
0 0.72890625 0.9015625 0.05546875 0.0671875
0 0.5890625 0.325 0.01875 0.03125