0 0.50859375 0.51953125 0.0609375 0.1203125
0 0.40703125 0.57734375 0.0796875 0.103125
0 0.05859375 0.61484375 0.1015625 0.0703125
0 0.14140625 0.5515625 0.06015625 0.0484375
0 0.24140625 0.38515625 0.06953125 0.0671875
0 0.11953125 0.378125 0.0796875 0.1078125
0 0.01953125 0.39765625 0.0390625 0.0578125
0 0.471875 0.2890625 0.053125 0.0796875
0 0.52421875 0.23828125 0.0296875 0.1296875
0 0.3890625 0.18359375 0.06953125 0.0625
0 0.33359375 0.0671875 0.12734375 0.134375
0 0.1875 0.028125 0.103125 0.05625
0 0.2078125 0.31796875 0.06015625 0.0453125
0 0.009375 0.47734375 0.01875 0.0578125
0 0.034375 0.5515625 0.05546875 0.03828125
0 0.7625 0.040625 0.06484375 0.0765625
0 0.98359375 0.0484375 0.0328125 0.096875
0 0.95859375 0.59921875 0.0484375 0.05546875
0 0.55078125 0.6078125 0.0234375 0.0625
0 0.628125 0.5171875 0.06484375 0.071875
0 0.62109375 0.446875 0.08671875 0.084375
0 0.78359375 0.2984375 0.0890625 0.09375
0 0.88671875 0.228125 0.06015625 0.06484375
0 0.9578125 0.24375 0.06015625 0.06484375
0 0.946875 0.36484375 0.10625 0.1296875
0 0.83046875 0.6234375 0.0578125 0.053125
0 0.91171875 0.0453125 0.06015625 0.06015625
0 0.828125 0.18671875 0.06015625 0.06484375
0 0.609375 0.340625 0.053125 0.06484375
0 0.66875 0.23828125 0.03125 0.03828125
0 0.30234375 0.82578125 0.084375 0.0765625
0 0.4078125 0.69453125 0.07421875 0.0796875
0 0.17109375 0.771875 0.0484375 0.05546875
0 0.53046875 0.77734375 0.0171875 0.0578125
0 0.15234375 0.97578125 0.0578125 0.0484375
0 0.0953125 0.965625 0.0453125 0.0453125
0 0.49453125 0.8921875 0.053125 0.0484375
0 0.9578125 0.846875 0.084375 0.303125
0 0.5671875 0.8875 0.05625 0.1375
0 0.56953125 0.70859375 0.0609375 0.1171875
0 0.77578125 0.9859375 0.0765625 0.028125
0 0.715625 0.746875 0.14921875 0.1828125