0 0.04453125 0.65703125 0.0734375 0.0859375
0 0.41875 0.690625 0.059375 0.01875
0 0.31953125 0.53984375 0.06953125 0.0671875
0 0.44140625 0.5328125 0.0796875 0.1078125
0 0.0890625 0.44375 0.053125 0.0796875
0 0.025 0.39296875 0.05 0.1296875
0 0.171875 0.33828125 0.06953125 0.0625
0 0.22734375 0.221875 0.12734375 0.134375
0 0.37265625 0.1484375 0.103125 0.125
0 0.17421875 0.075 0.0796875 0.0578125
0 0.1109375 0.046875 0.0484375 0.0578125
0 0.0140625 0.03671875 0.028125 0.0734375
0 0.4921875 0.00625 0.065625 0.0125
0 0.353125 0.47265625 0.06015625 0.0453125
0 0.5140625 0.69296875 0.03125 0.0140625
0 0.4953125 0.09140625 0.053125 0.053125
0 0.70390625 0.2578125 0.115625 0.11796875
0 0.640625 0.2375 0.09140625 0.09140625
0 0.80390625 0.62734375 0.0765625 0.0765625
0 0.678125 0.0125 0.1125 0.025
0 0.75859375 0.39609375 0.0625 0.0625
0 0.77265625 0.346875 0.0578125 0.0578125
0 0.9328125 0.45390625 0.0765625 0.07421875
0 0.90390625 0.4140625 0.0671875 0.06484375
0 0.61171875 0.63828125 0.084375 0.08203125
0 0.565625 0.615625 0.071875 0.0875
0 0.20625 0.71796875 0.103125 0.0359375
0 0.47890625 0.94375 0.10078125 0.0890625
0 0.22578125 0.921875 0.0796875 0.084375
0 0.3640625 0.7921875 0.08203125 0.0890625
0 0.50234375 0.71484375 0.0546875 0.0296875
0 0.55703125 0.9375 0.0546875 0.08125
0 0.67265625 0.9484375 0.1328125 0.103125
0 0.82890625 0.7578125 0.3421875 0.115625
0 0.57578125 0.85703125 0.0921875 0.0984375
0 0.9328125 0.9203125 0.10546875 0.103125