0 0.30390625 0.359375 0.3109375 0.159375
0 0.17109375 0.35 0.1078125 0.14453125
0 0.05078125 0.3765625 0.1015625 0.125
0 0.19921875 0.0984375 0.07421875 0.09609375
0 0.31640625 0.08203125 0.1734375 0.1640625
0 0.45390625 0.28984375 0.0109375 0.0546875
0 0.75390625 0.36640625 0.0625 0.06484375
0 0.928125 0.0203125 0.128125 0.040625
0 0.57421875 0.19453125 0.10078125 0.0984375
0 0.6390625 0.1609375 0.0625 0.06484375
0 0.62109375 0.02578125 0.0484375 0.0515625
0 0.75234375 0.10078125 0.0578125 0.053125
0 0.7390625 0.0171875 0.053125 0.034375
0 0.6828125 0.01796875 0.06875 0.0359375
0 0.54296875 0.0109375 0.0578125 0.021875
0 0.5015625 0.03828125 0.0625 0.06953125
0 0.8890625 0.33203125 0.07421875 0.0625
0 0.93984375 0.11328125 0.071875 0.0671875
0 0.88125 0.271875 0.0578125 0.05546875
0 0.67578125 0.4015625 0.053125 0.0625
0 0.65859375 0.353125 0.06015625 0.053125
0 0.7546875 0.265625 0.05078125 0.053125
0 0.73671875 0.21015625 0.04296875 0.04296875
0 0.803125 0.1984375 0.10546875 0.103125
0 0.5984375 0.35 0.0578125 0.0625
0 0.121875 0.95703125 0.10625 0.0859375
0 0.07734375 0.640625 0.09609375 0.09375
0 0.23359375 0.93515625 0.07421875 0.071875
0 0.671875 0.5921875 0.425 0.30625
0 0.80078125 0.46875 0.1203125 0.059375
0 0.5984375 0.7078125 0.084375 0.0796875
0 0.678125 0.69375 0.08671875 0.103125
0 0.5015625 0.66328125 0.0671875 0.0578125
0 0.57109375 0.9515625 0.1296875 0.096875
0 0.91015625 0.83984375 0.1796875 0.3203125
0 0.91953125 0.58046875 0.09609375 0.0890625