0 0.5828125 0.12421875 0.071875 0.0765625
0 0.34296875 0.18046875 0.06484375 0.08671875
0 0.23125 0.21171875 0.15625 0.1515625
0 0.05078125 0.02890625 0.040625 0.0484375
0 0.03671875 0.30078125 0.0734375 0.0890625
0 0.02734375 0.38671875 0.0546875 0.0890625
0 0.05 0.17421875 0.05078125 0.040625
0 0.40625 0.2984375 0.0796875 0.07421875
0 0.44140625 0.421875 0.14921875 0.15390625
0 0.56484375 0.50390625 0.1078125 0.1109375
0 0.36484375 0.540625 0.0890625 0.0375
0 0.29765625 0.55078125 0.0578125 0.0171875
0 0.1859375 0.5421875 0.06875 0.034375
0 0.596875 0.1953125 0.04375 0.05625
0 0.7796875 0.009375 0.084375 0.01875
0 0.853125 0.02265625 0.084375 0.0453125
0 0.69921875 0.05 0.071875 0.06953125
0 0.64921875 0.16953125 0.0609375 0.0703125
0 0.71484375 0.184375 0.06953125 0.0796875
0 0.7265625 0.3046875 0.1421875 0.1421875
0 0.9875 0.40546875 0.025 0.0796875
0 0.91328125 0.3203125 0.071875 0.071875
0 0.884375 0.08125 0.115625 0.10546875
0 0.1859375 0.91796875 0.0671875 0.0765625
0 0.26171875 0.90234375 0.0578125 0.05546875
0 0.14140625 0.87734375 0.06015625 0.05546875
0 0.13515625 0.78125 0.08203125 0.084375
0 0.2546875 0.7859375 0.06953125 0.05546875
0 0.5734375 0.7046875 0.090625 0.15
0 0.74765625 0.93671875 0.2578125 0.1265625
0 0.9421875 0.9390625 0.053125 0.05546875
0 0.6453125 0.6296875 0.053125 0.084375