0 0.084375 0.4984375 0.16875 0.103125
0 0.21484375 0.5078125 0.0734375 0.084375
0 0.48984375 0.39140625 0.06953125 0.0671875
0 0.259375 0.2953125 0.053125 0.0796875
0 0.153125 0.2453125 0.13671875 0.1296875
0 0.3421875 0.18984375 0.06953125 0.0625
0 0.39765625 0.0734375 0.12734375 0.134375
0 0.5203125 0.03125 0.059375 0.0625
0 0.52109375 0.32421875 0.0578125 0.0453125
0 0.61640625 0.33828125 0.1328125 0.1390625
0 0.72265625 0.0234375 0.1796875 0.046875
0 0.02578125 0.7 0.0515625 0.125
0 0.03984375 0.9921875 0.0578125 0.015625
0 0.1015625 0.89140625 0.0671875 0.0671875
0 0.2265625 0.90234375 0.1109375 0.1109375
0 0.17109375 0.609375 0.06953125 0.06953125
0 0.18828125 0.6640625 0.0625 0.0625
0 0.5015625 0.63828125 0.096875 0.1765625
0 0.48515625 0.9171875 0.0625 0.0625
0 0.49375 0.978125 0.06875 0.04375
0 0.790625 0.86328125 0.278125 0.2734375
0 0.62734375 0.8921875 0.09375 0.0796875
0 0.696875 0.56953125 0.05 0.0390625
0 0.9890625 0.59375 0.021875 0.0625
0 0.94296875 0.81015625 0.09140625 0.0984375
0 0.90859375 0.71171875 0.06015625 0.0671875