0 0.20390625 0.21328125 0.2046875 0.20703125
0 0.34296875 0.2875 0.10546875 0.10546875
0 0.0109375 0.29375 0.021875 0.075
0 0.08984375 0.0734375 0.1796875 0.146875
0 0.03359375 0.10625 0.0671875 0.146875
0 0.87890625 0.0390625 0.2015625 0.078125
0 0.96953125 0.05703125 0.0609375 0.0859375
0 0.8984375 0.42265625 0.071875 0.0765625
0 0.0265625 0.98671875 0.053125 0.0265625
0 0.10078125 0.90859375 0.0578125 0.06484375
0 0.11484375 0.8765625 0.0625 0.0671875
0 0.13671875 0.840625 0.0625 0.0625
0 0.05 0.575 0.08203125 0.08203125
0 0.3609375 0.77734375 0.25625 0.2671875
0 0.6140625 0.5984375 0.228125 0.23828125
0 0.8390625 0.9203125 0.321875 0.159375
0 0.61484375 0.80625 0.103125 0.1109375
0 0.7609375 0.8234375 0.071875 0.0796875
0 0.5203125 0.90703125 0.0625 0.0765625
0 0.52421875 0.66328125 0.0703125 0.0796875
0 0.78359375 0.678125 0.0890625 0.09609375
0 0.9375 0.571875 0.09140625 0.09609375