0 0.15859375 0.0265625 0.1046875 0.053125
0 0.190625 0.0984375 0.03828125 0.04296875
0 0.28671875 0.2203125 0.0765625 0.084375
0 0.3890625 0.3515625 0.021875 0.08125
0 0.34296875 0.365625 0.0359375 0.06015625
0 0.29140625 0.34609375 0.0359375 0.0359375
0 0.284375 0.47109375 0.0625 0.071875
0 0.3828125 0.58359375 0.034375 0.0609375
0 0.17578125 0.546875 0.05078125 0.071875
0 0.296875 0.74375 0.059375 0.071875
0 0.14140625 0.73828125 0.06953125 0.0625
0 0.0421875 0.62734375 0.040625 0.0671875
0 0.42109375 0.40078125 0.0421875 0.0984375
0 0.44453125 0.07109375 0.08671875 0.09375
0 0.64765625 0.09609375 0.09140625 0.0984375
0 0.7203125 0.07734375 0.03828125 0.04296875
0 0.97578125 0.4359375 0.0484375 0.134375
0 0.7984375 0.49765625 0.06953125 0.06484375
0 0.871875 0.41953125 0.08203125 0.08203125
0 0.665625 0.5953125 0.071875 0.06953125
0 0.5875 0.58203125 0.146875 0.13671875
0 0.66796875 0.74296875 0.0828125 0.0734375
0 0.78359375 0.7484375 0.0671875 0.0625
0 0.896875 0.72109375 0.06953125 0.06953125
0 0.97421875 0.2203125 0.0515625 0.084375
0 0.8375 0.1359375 0.0625 0.0671875
0 0.71640625 0.31484375 0.084375 0.053125
0 0.4359375 0.58828125 0.071875 0.1296875
0 0.38125 0.8015625 0.0375 0.04375
0 0.23671875 0.95546875 0.1171875 0.0890625
0 0.58125 0.81328125 0.0625 0.0671875
0 0.63515625 0.99375 0.0546875 0.0125
0 0.96796875 0.990625 0.0640625 0.01875
0 0.896875 0.940625 0.0625 0.0578125
0 0.809375 0.7921875 0.05625 0.025