0 0.26328125 0.0203125 0.0546875 0.040625
0 0.4359375 0.0796875 0.05546875 0.053125
0 0.359375 0.10625 0.04296875 0.053125
0 0.171875 0.07890625 0.0453125 0.0625
0 0.28203125 0.25390625 0.053125 0.0765625
0 0.1453125 0.24453125 0.0625 0.05546875
0 0.3109375 0.340625 0.06484375 0.0625
0 0.421875 0.32734375 0.0671875 0.06015625
0 0.40390625 0.3890625 0.0546875 0.021875
0 0.0578125 0.15078125 0.0359375 0.06015625
0 0.75390625 0.2 0.4703125 0.4
0 0.846875 0.1828125 0.209375 0.21640625
0 0.57890625 0.34140625 0.1203125 0.1171875
0 0.87421875 0.36640625 0.1484375 0.0671875
0 0.5078125 0.8828125 0.021875 0.125
0 0.4890625 0.7203125 0.059375 0.071875
0 0.5109375 0.6453125 0.015625 0.04375
0 0.10703125 0.79296875 0.06953125 0.05078125
0 0.1640625 0.97734375 0.0625 0.0453125
0 0.275 0.93203125 0.06953125 0.071875
0 0.3546875 0.93984375 0.04296875 0.05078125
0 0.3078125 0.56953125 0.05078125 0.06015625
0 0.66640625 0.4234375 0.1703125 0.046875
0 0.7609375 0.51796875 0.0796875 0.0796875
0 0.6953125 0.5640625 0.0796875 0.071875
0 0.56171875 0.67421875 0.07421875 0.05546875
0 0.5578125 0.71953125 0.078125 0.0671875
0 0.87890625 0.75625 0.11328125 0.115625
0 0.80078125 0.75625 0.0578125 0.06015625
0 0.88515625 0.94140625 0.1484375 0.1171875
0 0.97265625 0.9546875 0.0546875 0.090625
0 0.63515625 0.984375 0.0578125 0.03125
0 0.63359375 0.9328125 0.0578125 0.0625
0 0.67109375 0.86640625 0.05546875 0.0578125
0 0.78359375 0.95546875 0.040625 0.0484375
0 0.76484375 0.90390625 0.03359375 0.03828125
0 0.53125 0.478125 0.025 0.0625
0 0.95078125 0.65546875 0.0984375 0.1078125
0 0.8640625 0.50390625 0.040625 0.0484375