0 0.3859375 0.45234375 0.03125 0.0140625
0 0.33671875 0.38515625 0.053125 0.0578125
0 0.5015625 0.315625 0.053125 0.05078125
0 0.42734375 0.29140625 0.040625 0.05078125
0 0.0484375 0.33359375 0.096875 0.0734375
0 0.0296875 0.14375 0.0359375 0.05078125
0 0.2453125 0.32265625 0.04296875 0.0578125
0 0.34921875 0.153125 0.05078125 0.071875
0 0.215625 0.1640625 0.0578125 0.053125
0 0.37578125 0.0703125 0.06015625 0.0578125
0 0.48359375 0.0796875 0.0625 0.0578125
0 0.4640625 0.015625 0.053125 0.03125
0 0.1328125 0.25546875 0.03359375 0.0578125
0 0.0390625 0.43515625 0.053125 0.0484375
0 0.79140625 0.4265625 0.1390625 0.065625
0 0.78984375 0.3859375 0.1078125 0.1109375
0 0.77578125 0.02109375 0.1515625 0.0421875
0 0.0984375 0.8890625 0.196875 0.221875
0 0.17578125 0.76796875 0.06484375 0.06953125
0 0.01640625 0.6890625 0.0328125 0.125
0 0.02890625 0.54765625 0.0578125 0.1109375
0 0.4125 0.52578125 0.0578125 0.06015625
0 0.36953125 0.615625 0.0484375 0.0671875
0 0.3578125 0.73203125 0.10546875 0.1078125
0 0.42578125 0.85625 0.06953125 0.08671875
0 0.396875 0.91484375 0.0359375 0.05078125
0 0.3515625 0.9109375 0.05546875 0.040625
0 0.309375 0.9609375 0.07421875 0.071875
0 0.55859375 0.4921875 0.0203125 0.065625
0 0.7796875 0.84453125 0.1203125 0.1203125
0 0.98125 0.74453125 0.0375 0.1453125
0 0.9375 0.68125 0.11796875 0.146875
0 0.821875 0.59921875 0.10546875 0.125
0 0.8515625 0.5078125 0.0765625 0.06953125
0 0.97265625 0.5671875 0.0546875 0.13125
0 0.63671875 0.5203125 0.1359375 0.121875
0 0.7109375 0.5859375 0.0578125 0.08671875
0 0.63203125 0.9875 0.0984375 0.025
0 0.8140625 0.98671875 0.071875 0.0265625