0 0.31484375 0.58125 0.0578125 0.06953125
0 0.375 0.52109375 0.17578125 0.240625
0 0.51484375 0.2546875 0.05078125 0.06484375
0 0.3875 0.2421875 0.06015625 0.06015625
0 0.04140625 0.19453125 0.0828125 0.1296875
0 0.09296875 0.0875 0.084375 0.09140625
0 0.15078125 0.54296875 0.06484375 0.0796875
0 0.0578125 0.7109375 0.071875 0.05625
0 0.20546875 0.6859375 0.0671875 0.06015625
0 0.978125 0.4 0.04375 0.228125
0 0.91328125 0.2671875 0.1734375 0.209375
0 0.846875 0.10546875 0.209375 0.2109375
0 0.6078125 0.0265625 0.0875 0.053125
0 0.58828125 0.365625 0.0765625 0.11875
0 0.58828125 0.53359375 0.0765625 0.0984375
0 0.78984375 0.5671875 0.303125 0.31953125
0 0.60859375 0.14921875 0.0984375 0.103125
0 0.23828125 0.96953125 0.1640625 0.0609375
0 0.4171875 0.9640625 0.15625 0.071875
0 0.490625 0.95 0.11875 0.1
0 0.453125 0.90625 0.09375 0.0890625
0 0.1328125 0.94921875 0.103125 0.0984375
0 0.04140625 0.86484375 0.0828125 0.1078125
0 0.09296875 0.8640625 0.084375 0.09375
0 0.0328125 0.79609375 0.065625 0.0796875
0 0.0984375 0.78984375 0.08671875 0.084375
0 0.1890625 0.746875 0.071875 0.015625
0 0.475 0.82265625 0.15 0.1671875
0 0.29921875 0.78828125 0.07421875 0.0765625
0 0.22734375 0.8328125 0.0625 0.0578125
0 0.29140625 0.92578125 0.05078125 0.053125