0 0.32265625 0.53828125 0.1234375 0.0609375
0 0.48671875 0.55625 0.0578125 0.025
0 0.3609375 0.2296875 0.0671875 0.08203125
0 0.29140625 0.16015625 0.2046875 0.28359375
0 0.05078125 0.05625 0.1015625 0.1125
0 0.54609375 0.1859375 0.0671875 0.09375
0 0.48671875 0.35234375 0.0765625 0.071875
0 0.41015625 0.47265625 0.07421875 0.08671875
0 0.59453125 0.25546875 0.0296875 0.1390625
0 0.58984375 0.35546875 0.0203125 0.0921875
0 0.621875 0.16953125 0.084375 0.1171875
0 0.67109375 0.17734375 0.06484375 0.06484375
0 0.90703125 0.18515625 0.1859375 0.2015625
0 0.9171875 0.10859375 0.06953125 0.06953125
0 0.8078125 0.07421875 0.11328125 0.1109375
0 0.7703125 0.0140625 0.125 0.028125
0 0.2953125 0.6265625 0.08671875 0.084375
0 0.46328125 0.721875 0.0796875 0.06484375
0 0.39140625 0.63125 0.0765625 0.0765625
0 0.5640625 0.7640625 0.03125 0.071875
0 0.5203125 0.8296875 0.0578125 0.0578125
0 0.53671875 0.88046875 0.04296875 0.0359375
0 0.5140625 0.9046875 0.0578125 0.06015625
0 0.43984375 0.8390625 0.09609375 0.0984375
0 0.071875 0.6171875 0.09609375 0.09140625
0 0.42421875 0.96640625 0.0921875 0.0671875
0 0.3171875 0.77578125 0.0890625 0.08203125
0 0.178125 0.97734375 0.090625 0.0453125
0 0.62109375 0.84453125 0.0828125 0.2140625
0 0.709375 0.86953125 0.09140625 0.0984375
0 0.64921875 0.95234375 0.0578125 0.08203125
0 0.584375 0.97734375 0.009375 0.0453125
0 0.96796875 0.8890625 0.0640625 0.0625
0 0.778125 0.9703125 0.05 0.059375
0 0.81796875 0.9703125 0.0546875 0.059375