0 0.40078125 0.12421875 0.1078125 0.10546875
0 0.54140625 0.12421875 0.05078125 0.0484375
0 0.4265625 0.4125 0.06015625 0.071875
0 0.36328125 0.41328125 0.1828125 0.1328125
0 0.078125 0.4 0.053125 0.06484375
0 0.5875 0.44609375 0.0625 0.0671875
0 0.53828125 0.31015625 0.06953125 0.0625
0 0.47421875 0.20703125 0.0671875 0.07421875
0 0.9328125 0.24140625 0.071875 0.06484375
0 0.44921875 0.80703125 0.3390625 0.3859375
0 0.59453125 0.984375 0.0484375 0.03125
0 0.2375 0.5265625 0.125 0.09375
0 0.2140625 0.625 0.24296875 0.2140625
0 0.18515625 0.971875 0.0609375 0.05625
0 0.09140625 0.86015625 0.1828125 0.2796875
0 0.48046875 0.5890625 0.05078125 0.05546875
0 0.4375 0.54453125 0.0484375 0.053125
0 0.02421875 0.503125 0.0484375 0.046875
0 0.0109375 0.66171875 0.021875 0.0609375
0 0.06484375 0.6984375 0.0671875 0.0671875
0 0.08515625 0.6296875 0.0453125 0.06015625
0 0.88203125 0.84453125 0.2359375 0.2296875
0 0.7015625 0.909375 0.10546875 0.09375
0 0.82734375 0.534375 0.1140625 0.109375