0 0.30859375 0.04140625 0.2046875 0.0828125
0 0.06328125 0.08359375 0.1109375 0.1671875
0 0.059375 0.25234375 0.07421875 0.05078125
0 0.14609375 0.2546875 0.0578125 0.0765625
0 0.29375 0.2703125 0.06953125 0.071875
0 0.6171875 0.021875 0.053125 0.04375
0 0.58671875 0.11015625 0.0359375 0.0578125
0 0.75078125 0.15703125 0.2671875 0.23828125
0 0.7828125 0.30390625 0.084375 0.0703125
0 0.875 0.03046875 0.0765625 0.0578125
0 0.1 0.47109375 0.2 0.2640625
0 0.2015625 0.51484375 0.0578125 0.071875
0 0.0265625 0.54140625 0.053125 0.1421875
0 0.1140625 0.70703125 0.18984375 0.24296875
0 0.1125 0.83125 0.06953125 0.06015625
0 0.02265625 0.81953125 0.0453125 0.0578125
0 0.2859375 0.896875 0.0671875 0.0671875
0 0.46953125 0.678125 0.08203125 0.09140625
0 0.30625 0.47890625 0.16796875 0.2140625
0 0.51328125 0.39140625 0.0796875 0.09609375
0 0.63359375 0.41875 0.08671875 0.0890625
0 0.70859375 0.36875 0.0671875 0.059375
0 0.68984375 0.56015625 0.08671875 0.08671875
0 0.603125 0.57265625 0.06875 0.0765625
0 0.6015625 0.78203125 0.065625 0.0984375
0 0.9015625 0.53125 0.09375 0.09375
0 0.6234375 0.9171875 0.09140625 0.09140625
0 0.6984375 0.99375 0.071875 0.0125
0 0.6359375 0.99921875 0.06875 0.0015625
0 0.8046875 0.98359375 0.05625 0.0328125
0 0.69375 0.709375 0.08671875 0.084375
0 0.87890625 0.3765625 0.0828125 0.075
0 0.8625 0.91953125 0.09609375 0.09609375