0 0.4375 0.1546875 0.0890625 0.09140625
0 0.45 0.23984375 0.28828125 0.30546875
0 0.54609375 0.45390625 0.1703125 0.1703125
0 0.646875 0.5109375 0.065625 0.05625
0 0.39765625 0.51953125 0.0796875 0.0390625
0 0.2875 0.478125 0.08671875 0.08671875
0 0.0265625 0.2953125 0.053125 0.1875
0 0.1296875 0.01796875 0.071875 0.0359375
0 0.28125 0.0875 0.10078125 0.10546875
0 0.4125 0.02421875 0.090625 0.0484375
0 0.6984375 0.465625 0.0375 0.090625
0 0.83515625 0.41484375 0.09140625 0.06953125
0 0.734375 0.32578125 0.084375 0.084375
0 0.8921875 0.3234375 0.06484375 0.0671875
0 0.884375 0.2 0.09140625 0.08203125
0 0.759375 0.11796875 0.06015625 0.0625
0 0.709375 0.0828125 0.0484375 0.05546875
0 0.71875 0.0375 0.05546875 0.0484375
0 0.58984375 0.934375 0.1078125 0.10546875
0 0.6640625 0.81484375 0.03125 0.0953125
0 0.5375 0.690625 0.08203125 0.084375
0 0.45625 0.78125 0.1390625 0.1390625
0 0.4109375 0.8765625 0.13671875 0.13671875
0 0.29453125 0.73984375 0.165625 0.1703125
0 0.4265625 0.65078125 0.12734375 0.12734375
0 0.34609375 0.5953125 0.09609375 0.0984375
0 0.29453125 0.6171875 0.103125 0.10546875
0 0.22734375 0.58125 0.1265625 0.084375
0 0.12734375 0.7921875 0.134375 0.1421875
0 0.08984375 0.9375 0.10546875 0.1078125
0 0.02578125 0.71328125 0.0515625 0.1140625
0 0.10546875 0.6796875 0.0671875 0.06484375
0 0.03984375 0.653125 0.0578125 0.0578125
0 0.85390625 0.7265625 0.0671875 0.06484375
0 0.7265625 0.90078125 0.0484375 0.084375
0 0.984375 0.92890625 0.03125 0.1234375