0 0.12734375 0.5828125 0.0671875 0.08671875
0 0.07890625 0.50859375 0.1578125 0.2984375
0 0.04453125 0.16171875 0.06953125 0.07421875
0 0.5921875 0.115625 0.053125 0.16875
0 0.4640625 0.103125 0.14921875 0.1609375
0 0.3765625 0.0140625 0.096875 0.028125
0 0.50859375 0.5109375 0.0578125 0.06484375
0 0.3125 0.5359375 0.07421875 0.0984375
0 0.66484375 0.05 0.0921875 0.1
0 0.7203125 0.17109375 0.0796875 0.0796875
0 0.65625 0.2171875 0.075 0.071875
0 0.83828125 0.409375 0.11328125 0.115625
0 0.76015625 0.409375 0.0578125 0.06015625
0 0.84453125 0.60234375 0.1484375 0.1328125
0 0.95234375 0.615625 0.0953125 0.10625
0 0.63828125 0.51953125 0.0390625 0.0578125
0 0.74296875 0.60859375 0.040625 0.0484375
0 0.72421875 0.55703125 0.03359375 0.03828125
0 0.92578125 0.30859375 0.12734375 0.1078125
0 0.8234375 0.15703125 0.040625 0.0484375
0 0.0734375 0.70859375 0.115625 0.0796875
0 0.1890625 0.87109375 0.10078125 0.0984375
0 0.396875 0.76875 0.2375 0.2
0 0.26953125 0.68515625 0.1140625 0.0328125
0 0.45703125 0.8921875 0.1078125 0.1109375
0 0.3796875 0.909375 0.09375 0.09609375
0 0.08046875 0.82734375 0.0890625 0.09609375
0 0.96796875 0.94375 0.0640625 0.1125
0 0.79140625 0.71796875 0.1390625 0.0984375
0 0.69609375 0.73671875 0.09375 0.09609375
0 0.63203125 0.7765625 0.0265625 0.096875
0 0.97734375 0.76796875 0.0453125 0.0953125