0 0.02109375 0.1859375 0.0421875 0.13125
0 0.26796875 0.3734375 0.10078125 0.12265625
0 0.2765625 0.47578125 0.0984375 0.08671875
0 0.35234375 0.5046875 0.07421875 0.08203125
0 0.61875 0.553125 0.0625 0.053125
0 0.50703125 0.2984375 0.06015625 0.06484375
0 0.4875 0.08984375 0.0625 0.05546875
0 0.53359375 0.153125 0.07421875 0.071875
0 0.95546875 0.53125 0.0890625 0.096875
0 0.9015625 0.50625 0.0796875 0.07421875
0 0.86015625 0.54453125 0.0765625 0.0703125
0 0.953125 0.17578125 0.0625 0.0671875
0 0.4578125 0.8609375 0.24296875 0.21640625
0 0.278125 0.64765625 0.228125 0.1359375
0 0.103125 0.78984375 0.06484375 0.05546875
0 0.13984375 0.66328125 0.0453125 0.05546875
0 0.07109375 0.58984375 0.1109375 0.0203125
0 0.66328125 0.76484375 0.0515625 0.0609375
0 0.6640625 0.9859375 0.05 0.028125
0 0.67265625 0.59375 0.0328125 0.028125
0 0.53203125 0.99296875 0.0359375 0.0140625
0 0.29609375 0.79609375 0.08671875 0.07421875
0 0.52421875 0.603125 0.0671875 0.046875
0 0.740625 0.7734375 0.103125 0.11875
0 0.92421875 0.8234375 0.13203125 0.13671875
0 0.79296875 0.96953125 0.1203125 0.0609375