0 0.24453125 0.18671875 0.09609375 0.1296875
0 0.24453125 0.0703125 0.09609375 0.09140625
0 0.321875 0.03671875 0.071875 0.0734375
0 0.81015625 0.19375 0.15859375 0.17578125
0 0.70703125 0.12578125 0.06484375 0.06484375
0 0.653125 0.1671875 0.053125 0.0671875
0 0.6125 0.20546875 0.040625 0.05078125
0 0.653125 0.30546875 0.0484375 0.04296875
0 0.8234375 0.03359375 0.09375 0.0671875
0 0.44296875 0.0140625 0.0484375 0.028125
0 0.48828125 0.1046875 0.1390625 0.1625
0 0.48984375 0.23046875 0.09140625 0.12265625
0 0.43984375 0.2125 0.0421875 0.09375
0 0.1953125 0.79140625 0.390625 0.4171875
0 0.9875 0.62421875 0.025 0.0578125
0 0.85 0.6046875 0.06484375 0.0671875
0 0.73828125 0.584375 0.1046875 0.090625
0 0.43515625 0.7625 0.0328125 0.14375
0 0.7171875 0.9015625 0.14453125 0.146875
0 0.79453125 0.85703125 0.0671875 0.08203125
0 0.7765625 0.7046875 0.0796875 0.08671875
0 0.84765625 0.953125 0.0796875 0.08671875
0 0.97109375 0.965625 0.0578125 0.065625
0 0.521875 0.97890625 0.103125 0.0421875
0 0.4734375 0.79609375 0.0796875 0.0984375
0 0.55390625 0.66171875 0.11328125 0.13203125