0 0.159375 0.4 0.16328125 0.165625
0 0.2109375 0.06875 0.146875 0.1375
0 0.140625 0.025 0.121875 0.05
0 0.56484375 0.08984375 0.0703125 0.0765625
0 0.5515625 0.03046875 0.096875 0.0609375
0 0.5796875 0.31875 0.040625 0.090625
0 0.43828125 0.5828125 0.1078125 0.071875
0 0.28359375 0.603125 0.0765625 0.03125
0 0.65078125 0.18828125 0.1015625 0.2328125
0 0.765625 0.4171875 0.33125 0.403125
0 0.9328125 0.2859375 0.1203125 0.1203125
0 0.82578125 0.14765625 0.08671875 0.08671875
0 0.97421875 0.1640625 0.0515625 0.0625
0 0.9734375 0.3828125 0.053125 0.10625
0 0.921875 0.53125 0.0578125 0.0578125
0 0.8328125 0.54453125 0.05546875 0.0578125
0 0.82265625 0.6015625 0.0859375 0.034375
0 0.66171875 0.578125 0.0671875 0.06484375
0 0.30546875 0.7203125 0.5890625 0.203125
0 0.14609375 0.73046875 0.2203125 0.2234375
0 0.07265625 0.7234375 0.1453125 0.209375
0 0.084375 0.85390625 0.084375 0.084375
0 0.04375 0.94140625 0.084375 0.0796875
0 0.20234375 0.96328125 0.1296875 0.0734375
0 0.43359375 0.92421875 0.3328125 0.1515625
0 0.55703125 0.71875 0.0859375 0.121875
0 0.57109375 0.7953125 0.0578125 0.11875
0 0.32734375 0.75546875 0.08671875 0.0765625
0 0.34453125 0.82421875 0.053125 0.05078125
0 0.8828125 0.865625 0.234375 0.26875
0 0.6359375 0.80625 0.071875 0.084375