0 0.3 0.221875 0.16328125 0.165625
0 0.2484375 0.51171875 0.146875 0.0546875
0 0.03671875 0.03671875 0.0734375 0.0734375
0 0.17421875 0.0171875 0.0765625 0.034375
0 0.8765625 0.48203125 0.246875 0.1140625
0 0.85390625 0.39453125 0.084375 0.07421875
0 0.49921875 0.30546875 0.0796875 0.1078125
0 0.5875 0.36328125 0.09140625 0.1109375
0 0.51171875 0.02109375 0.0546875 0.0421875
0 0.7453125 0.025 0.065625 0.05
0 0.88203125 0.1421875 0.0578125 0.0578125
0 0.91796875 0.21875 0.04296875 0.0453125
0 0.96953125 0.30078125 0.05078125 0.06015625
0 0.99609375 0.31796875 0.0078125 0.0578125
0 0.23828125 0.83984375 0.11796875 0.12265625
0 0.403125 0.85 0.084375 0.08203125
0 0.1578125 0.72578125 0.1109375 0.08671875
0 0.03515625 0.82421875 0.0703125 0.0796875
0 0.32109375 0.91796875 0.1078125 0.11328125
0 0.42265625 0.96640625 0.0734375 0.0671875
0 0.4921875 0.89140625 0.065625 0.2171875
0 0.65 0.653125 0.25625 0.228125
0 0.78046875 0.928125 0.1609375 0.14375
0 0.83515625 0.87578125 0.10546875 0.10546875
0 0.83828125 0.753125 0.0984375 0.10078125
0 0.925 0.73359375 0.084375 0.08203125
0 0.88203125 0.58828125 0.1421875 0.0984375
0 0.97109375 0.59296875 0.0578125 0.1078125
0 0.60234375 0.984375 0.1140625 0.03125
0 0.515625 0.55078125 0.071875 0.0234375