0 0.28828125 0.32734375 0.1609375 0.1640625
0 0.32890625 0.025 0.0796875 0.05
0 0.63671875 0.3703125 0.1171875 0.078125
0 0.6578125 0.14921875 0.0984375 0.10078125
0 0.88671875 0.21015625 0.0796875 0.10078125
0 0.98828125 0.02109375 0.0234375 0.0421875
0 0.628125 0.03984375 0.0453125 0.05078125
0 0.6125 0.00703125 0.04375 0.0140625
0 0.471875 0.09140625 0.06484375 0.0578125
0 0.46796875 0.38671875 0.0796875 0.0453125
0 0.39140625 0.29609375 0.0453125 0.0859375
0 0.21796875 0.4890625 0.103125 0.10078125
0 0.2 0.56171875 0.06953125 0.06953125
0 0.16015625 0.53984375 0.08203125 0.08203125
0 0.12890625 0.84296875 0.125 0.125
0 0.334375 0.69921875 0.06875 0.1390625
0 0.184375 0.78125 0.36875 0.4375
0 0.0390625 0.97890625 0.078125 0.0421875
0 0.95078125 0.559375 0.07421875 0.07421875
0 0.98515625 0.56953125 0.0296875 0.0765625
0 0.47421875 0.42734375 0.0609375 0.0359375
0 0.40703125 0.42890625 0.0609375 0.0390625
0 0.41796875 0.57265625 0.0984375 0.2015625
0 0.44375 0.64375 0.0765625 0.06484375
0 0.83125 0.9734375 0.1125 0.053125
0 0.86796875 0.77421875 0.09609375 0.09609375
0 0.609375 0.828125 0.0671875 0.07421875
0 0.6375 0.90078125 0.0671875 0.06953125
0 0.54609375 0.94609375 0.09609375 0.1078125
0 0.959375 0.8984375 0.05546875 0.06484375
0 0.8671875 0.425 0.059375 0.03125
0 0.584375 0.61484375 0.04296875 0.04296875
0 0.73203125 0.45859375 0.06015625 0.0484375
0 0.79921875 0.459375 0.05546875 0.06015625
0 0.87421875 0.48203125 0.0625 0.053125