0 0.20859375 0.40078125 0.1953125 0.0765625
0 0.57265625 0.32421875 0.0546875 0.1484375
0 0.075 0.084375 0.15 0.16875
0 0.57265625 0.14375 0.0546875 0.115625
0 0.64453125 0.0421875 0.0890625 0.084375
0 0.74453125 0.053125 0.1109375 0.10625
0 0.7703125 0.0609375 0.0484375 0.0484375
0 0.81015625 0.13046875 0.06953125 0.06015625
0 0.7765625 0.18203125 0.05078125 0.053125
0 0.953125 0.303125 0.0484375 0.0453125
0 0.71875 0.3046875 0.053125 0.040625
0 0.88828125 0.28203125 0.053125 0.07421875
0 0.9203125 0.22421875 0.0265625 0.040625
0 0.9625 0.1984375 0.0671875 0.05546875
0 0.884375 0.1109375 0.0359375 0.040625
0 0.56484375 0.73359375 0.0703125 0.0890625
0 0.178125 0.90859375 0.0671875 0.07421875
0 0.4546875 0.9734375 0.03828125 0.04296875
0 0.4328125 0.9328125 0.04296875 0.05078125
0 0.5078125 0.97109375 0.02890625 0.04296875
0 0.24765625 0.9359375 0.05078125 0.0578125
0 0.3203125 0.74296875 0.0578125 0.0578125
0 0.475 0.6703125 0.0578125 0.0671875
0 0.41484375 0.7140625 0.04296875 0.0453125
0 0.6203125 0.45546875 0.040625 0.0328125
0 0.86640625 0.58359375 0.11796875 0.12734375
0 0.90625 0.81796875 0.16796875 0.240625
0 0.78203125 0.95234375 0.0921875 0.0953125