0 0.16875 0.39765625 0.11328125 0.1203125
0 0.03125 0.32890625 0.0625 0.2046875
0 0.19453125 0.09921875 0.06953125 0.09375
0 0.8828125 0.30703125 0.146875 0.146875
0 0.91328125 0.09453125 0.1734375 0.1890625
0 0.1953125 0.78203125 0.125 0.10546875
0 0.3296875 0.740625 0.12734375 0.146875
0 0.44140625 0.821875 0.084375 0.09375
0 0.42734375 0.91328125 0.09609375 0.08203125
0 0.3765625 0.940625 0.04296875 0.040625
0 0.01171875 0.95703125 0.0234375 0.0609375
0 0.2734375 0.60078125 0.0984375 0.103125
0 0.42734375 0.6921875 0.06015625 0.06015625
0 0.55 0.74609375 0.059375 0.0796875
0 0.51484375 0.625 0.071875 0.08203125
0 0.434375 0.5671875 0.0453125 0.040625
0 0.1265625 0.6875 0.06015625 0.0796875
0 0.6921875 0.93671875 0.0984375 0.07421875
0 0.93828125 0.86953125 0.084375 0.09375
0 0.98828125 0.8296875 0.0234375 0.1
0 0.59921875 0.54140625 0.0390625 0.0453125
0 0.90078125 0.596875 0.1984375 0.15625
0 0.75078125 0.7859375 0.06484375 0.07421875
0 0.90859375 0.76015625 0.0484375 0.06015625