0 0.0453125 0.36171875 0.06484375 0.10078125
0 0.26953125 0.57265625 0.0578125 0.0140625
0 0.18046875 0.065625 0.0671875 0.071875
0 0.10703125 0.17421875 0.07421875 0.0625
0 0.01640625 0.21484375 0.0328125 0.0671875
0 0.44609375 0.2109375 0.0765625 0.0890625
0 0.584375 0.1390625 0.09609375 0.09140625
0 0.4734375 0.06953125 0.05078125 0.0453125
0 0.25859375 0.675 0.1015625 0.1125
0 0.084375 0.64609375 0.12265625 0.12265625
0 0.2703125 0.84375 0.078125 0.115625
0 0.76953125 0.96484375 0.1015625 0.0703125
0 0.74140625 0.92265625 0.0796875 0.084375
0 0.58671875 0.61796875 0.1109375 0.0765625
0 0.36640625 0.7078125 0.1109375 0.11328125
0 0.9546875 0.765625 0.090625 0.096875
0 0.3265625 0.68125 0.034375 0.10625
0 0.378125 0.60546875 0.071875 0.0515625
0 0.4796875 0.6171875 0.09375 0.075
0 0.98515625 0.69140625 0.0296875 0.0796875