0 0.546875 0.11015625 0.04375 0.0859375
0 0.03359375 0.1640625 0.0671875 0.0875
0 0.0234375 0.09765625 0.046875 0.0984375
0 0.38671875 0.3515625 0.08671875 0.0890625
0 0.521875 0.48515625 0.09375 0.1203125
0 0.5390625 0.56796875 0.059375 0.0234375
0 0.190625 0.403125 0.07421875 0.08671875
0 0.09609375 0.3203125 0.07421875 0.0796875
0 0.2078125 0.21171875 0.0765625 0.0890625
0 0.015625 0.29375 0.03125 0.0625
0 0.015625 0.37109375 0.03125 0.0859375
0 0.30390625 0.4890625 0.3140625 0.18125
0 0.296875 0.09453125 0.08671875 0.0765625
0 0.40625 0.05546875 0.0578125 0.0796875
0 0.63515625 0.40625 0.1328125 0.15625
0 0.94609375 0.28984375 0.1078125 0.2671875
0 0.66484375 0.12890625 0.1109375 0.11328125
0 0.9546875 0.5109375 0.090625 0.1375
0 0.8953125 0.02265625 0.084375 0.0453125
0 0.06484375 0.825 0.1296875 0.240625
0 0.10078125 0.9640625 0.1140625 0.071875
0 0.38125 0.8078125 0.1421875 0.146875
0 0.390625 0.64296875 0.11796875 0.1109375
0 0.44453125 0.59765625 0.0828125 0.0359375
0 0.0375 0.62578125 0.075 0.0921875
0 0.24921875 0.953125 0.1546875 0.09375
0 0.82890625 0.6 0.1984375 0.040625
0 0.596875 0.71875 0.05625 0.146875
0 0.61640625 0.84140625 0.0953125 0.1015625
0 0.75625 0.88203125 0.09609375 0.0796875
0 0.87421875 0.8328125 0.06015625 0.06015625
0 0.6453125 0.6078125 0.05546875 0.05546875