0 0.371875 0.44765625 0.178125 0.0640625
0 0.271875 0.3109375 0.0765625 0.06953125
0 0.290625 0.36875 0.0625 0.0796875
0 0.0953125 0.11796875 0.0625 0.06953125
0 0.19140625 0.1828125 0.0625 0.0625
0 0.09609375 0.2859375 0.06484375 0.071875
0 0.3859375 0.17265625 0.0484375 0.05546875
0 0.2828125 0.196875 0.05546875 0.05078125
0 0.27890625 0.128125 0.06015625 0.06953125
0 0.36875 0.1046875 0.1109375 0.1109375
0 0.38203125 0.028125 0.0765625 0.05625
0 0.03046875 0.39609375 0.0609375 0.0609375
0 0.6296875 0.28046875 0.18125 0.2328125
0 0.98203125 0.17578125 0.0359375 0.1265625
0 0.44453125 0.77734375 0.1890625 0.2515625
0 0.16640625 0.7703125 0.1421875 0.1421875
0 0.00859375 0.89921875 0.0171875 0.0890625
0 0.078125 0.5390625 0.134375 0.11875
0 0.40234375 0.97890625 0.0984375 0.0421875
0 0.5125 0.9125 0.053125 0.175
0 0.32265625 0.83984375 0.10078125 0.09609375
0 0.284375 0.93203125 0.08203125 0.07421875
0 0.234375 0.884375 0.06484375 0.071875
0 0.07578125 0.8171875 0.06953125 0.06953125
0 0.734375 0.559375 0.084375 0.10546875
0 0.8484375 0.65078125 0.0890625 0.05546875
0 0.86640625 0.7671875 0.146875 0.1078125
0 0.7078125 0.90234375 0.0984375 0.0765625
0 0.5859375 0.81171875 0.06953125 0.09375
0 0.90625 0.92109375 0.09140625 0.084375