0 0.3609375 0.41484375 0.0890625 0.08671875
0 0.34609375 0.47578125 0.0765625 0.0859375
0 0.528125 0.1765625 0.07421875 0.08671875
0 0.43359375 0.259375 0.07421875 0.0796875
0 0.5453125 0.36796875 0.0765625 0.0890625
0 0.22421875 0.26875 0.0578125 0.0671875
0 0.3375 0.2859375 0.0625 0.0625
0 0.33359375 0.2078125 0.071875 0.08671875
0 0.23359375 0.18828125 0.1296875 0.13671875
0 0.2109375 0.096875 0.0890625 0.08671875
0 0.546875 0.090625 0.125 0.18125
0 0.6 0.4828125 0.01875 0.071875
0 0.88984375 0.30703125 0.1734375 0.1828125
0 0.83125 0.17109375 0.11796875 0.1203125
0 0.69140625 0.07265625 0.115625 0.115625
0 0.72265625 0.334375 0.1109375 0.11328125
0 0.64375 0.296875 0.06875 0.134375
0 0.98203125 0.2484375 0.0359375 0.06875
0 0.5796875 0.87109375 0.059375 0.1546875
0 0.46640625 0.87890625 0.0625 0.10078125
0 0.075 0.8015625 0.15 0.184375
0 0.1625 0.6046875 0.0765625 0.06953125
0 0.14375 0.6625 0.0625 0.0796875
0 0.33828125 0.5796875 0.06484375 0.071875
0 0.409375 0.690625 0.07421875 0.06015625
0 0.5078125 0.73359375 0.0484375 0.06484375
0 0.95546875 0.5609375 0.071875 0.0765625
0 0.87578125 0.63828125 0.06484375 0.07421875
0 0.79765625 0.53671875 0.0671875 0.0359375
0 0.79140625 0.7046875 0.0578125 0.0796875
0 0.88515625 0.7765625 0.071875 0.071875
0 0.81484375 0.928125 0.103125 0.103125
0 0.815625 0.9890625 0.103125 0.021875
0 0.6296875 0.5953125 0.040625 0.05
0 0.653125 0.8015625 0.07421875 0.0796875
0 0.6375 0.94765625 0.05625 0.0578125
0 0.66328125 0.9921875 0.0421875 0.015625