0 0.4703125 0.60390625 0.0375 0.1296875
0 0.42109375 0.63671875 0.1359375 0.0640625
0 0.35 0.66171875 0.115625 0.0140625
0 0.2859375 0.1703125 0.0984375 0.10078125
0 0.27890625 0.06875 0.1421875 0.1375
0 0.1984375 0.05 0.125 0.1
0 0.16796875 0.32109375 0.12265625 0.12734375
0 0.98359375 0.51640625 0.0328125 0.0546875
0 0.953125 0.54609375 0.0578125 0.053125
0 0.98359375 0.61796875 0.0328125 0.1015625
0 0.73671875 0.49296875 0.07421875 0.0671875
0 0.80859375 0.53359375 0.053125 0.053125
0 0.7578125 0.34609375 0.07421875 0.071875
0 0.909375 0.28828125 0.06484375 0.0625
0 0.92265625 0.2203125 0.07421875 0.06484375
0 0.88203125 0.01171875 0.0796875 0.0234375
0 0.66484375 0.02421875 0.0796875 0.0484375
0 0.58203125 0.02578125 0.0734375 0.0515625
0 0.53046875 0.0828125 0.0828125 0.071875
0 0.54765625 0.36328125 0.06484375 0.0671875
0 0.59609375 0.36796875 0.053125 0.04296875
0 0.9828125 0.075 0.034375 0.04375
0 0.759375 0.6265625 0.0671875 0.0671875
0 0.6703125 0.6546875 0.053125 0.028125
0 0.36953125 0.978125 0.0515625 0.04375
0 0.1546875 0.9671875 0.071875 0.065625
0 0.0078125 0.7234375 0.015625 0.06875
0 0.8375 0.834375 0.325 0.33125
0 0.5078125 0.9765625 0.0375 0.046875