0 0.2875 0.3140625 0.09609375 0.09375
0 0.3703125 0.29375 0.0375 0.103125
0 0.3078125 0.1421875 0.1078125 0.09609375
0 0.28828125 0.04375 0.1265625 0.0875
0 0.3640625 0.43125 0.05 0.05625
0 0.5078125 0.34765625 0.1875 0.1734375
0 0.66171875 0.41953125 0.1234375 0.0796875
0 0.7875 0.35625 0.16328125 0.15390625
0 0.41796875 0.03671875 0.0578125 0.0734375
0 0.5671875 0.134375 0.071875 0.0765625
0 0.04453125 0.72734375 0.0890625 0.1734375
0 0.15546875 0.7703125 0.06015625 0.0484375
0 0.2171875 0.71953125 0.12265625 0.115625
0 0.315625 0.8484375 0.053125 0.05546875
0 0.378125 0.6671875 0.021875 0.040625
0 0.1375 0.57890625 0.071875 0.1078125
0 0.09296875 0.60078125 0.021875 0.04296875
0 0.37890625 0.5375 0.0203125 0.04375
0 0.08984375 0.4734375 0.0359375 0.028125
0 0.02109375 0.47578125 0.0421875 0.0328125
0 0.29453125 0.97890625 0.0703125 0.0421875
0 0.025 0.95234375 0.05 0.0578125
0 0.03046875 0.8953125 0.06015625 0.06015625
0 0.7046875 0.7265625 0.1203125 0.115625
0 0.94296875 0.54296875 0.08671875 0.0765625
0 0.97734375 0.6328125 0.0453125 0.053125
0 0.90234375 0.6375 0.06953125 0.053125
0 0.459375 0.528125 0.071875 0.08203125
0 0.56640625 0.79609375 0.0625 0.084375
0 0.58125 0.56640625 0.0359375 0.03359375
0 0.7109375 0.57890625 0.040625 0.0359375
0 0.4125 0.74609375 0.040625 0.06015625
0 0.4296875 0.86875 0.06015625 0.0765625
0 0.8890625 0.70703125 0.06953125 0.0625
0 0.8265625 0.75078125 0.0359375 0.0578125
0 0.97890625 0.74140625 0.0421875 0.0578125
0 0.91015625 0.840625 0.02890625 0.04296875
0 0.9109375 0.95234375 0.134375 0.0953125
0 0.80234375 0.959375 0.1046875 0.08125
0 0.5953125 0.64375 0.040625 0.02890625
0 0.5859375 0.68125 0.0359375 0.03828125
0 0.5140625 0.6375 0.03359375 0.0359375
0 0.509375 0.815625 0.0359375 0.03828125
0 0.62421875 0.93828125 0.0265625 0.03359375
0 0.60625 0.8515625 0.03359375 0.03828125