0 0.28046875 0.43046875 0.08671875 0.09375
0 0.24453125 0.525 0.13203125 0.12734375
0 0.1578125 0.5328125 0.11328125 0.11796875
0 0.2125 0.2515625 0.1078125 0.1203125
0 0.584375 0.5734375 0.103125 0.090625
0 0.27890625 0.9828125 0.1390625 0.034375
0 0.26796875 0.83828125 0.146875 0.13203125
0 0.3703125 0.8265625 0.09375 0.11328125
0 0.32109375 0.63203125 0.0890625 0.0265625
0 0.225 0.6421875 0.11875 0.046875
0 0.0125 0.7484375 0.025 0.103125
0 0.68671875 0.940625 0.3484375 0.11875
0 0.78125 0.7390625 0.303125 0.240625
0 0.6609375 0.653125 0.08125 0.06875
0 0.92265625 0.646875 0.0984375 0.05625
0 0.96171875 0.88828125 0.0765625 0.0984375