0 0.125 0.22109375 0.125 0.125
0 0.0484375 0.15625 0.096875 0.134375
0 0.17890625 0.06015625 0.1390625 0.1203125
0 0.24375 0.01953125 0.165625 0.0390625
0 0.4703125 0.4359375 0.01875 0.096875
0 0.01953125 0.2984375 0.0390625 0.1
0 0.62421875 0.54921875 0.0765625 0.0390625
0 0.53515625 0.55 0.0515625 0.0375
0 0.69921875 0.284375 0.4390625 0.56875
0 0.821875 0.125 0.09375 0.09609375
0 0.80234375 0.2828125 0.084375 0.08671875
0 0.9546875 0.14609375 0.090625 0.1421875
0 0.94453125 0.44765625 0.1078125 0.1078125
0 0.97109375 0.346875 0.0578125 0.075
0 0.81328125 0.01875 0.0609375 0.0375
0 0.76484375 0.06015625 0.0671875 0.06953125
0 0.90546875 0.11953125 0.10078125 0.10078125
0 0.9078125 0.209375 0.071875 0.071875
0 0.9203125 0.3484375 0.07421875 0.07421875
0 0.8421875 0.5484375 0.06875 0.040625
0 0.83515625 0.4640625 0.040625 0.040625
0 0.0140625 0.97578125 0.028125 0.0484375
0 0.14375 0.9546875 0.071875 0.053125
0 0.1265625 0.909375 0.08671875 0.084375
0 0.20390625 0.871875 0.0671875 0.0625
0 0.42890625 0.80625 0.1015625 0.1875
0 0.38984375 0.63125 0.071875 0.08203125
0 0.08125 0.68671875 0.1390625 0.1390625
0 0.16328125 0.62578125 0.084375 0.08203125
0 0.153125 0.7578125 0.0578125 0.05078125
0 0.215625 0.74375 0.05546875 0.05546875
0 0.33359375 0.98125 0.0484375 0.0375
0 0.3578125 0.759375 0.06484375 0.0578125
0 0.43125 0.95390625 0.06015625 0.06015625
0 0.51484375 0.71875 0.05546875 0.06484375