0 0.3140625 0.4046875 0.05 0.103125
0 0.03125 0.2765625 0.0625 0.134375
0 0.1234375 0.365625 0.09140625 0.09140625
0 0.1484375 0.51953125 0.0625 0.0609375
0 0.2828125 0.0390625 0.06953125 0.0765625
0 0.3515625 0.3140625 0.025 0.121875
0 0.39296875 0.3578125 0.1078125 0.115625
0 0.46484375 0.0203125 0.0796875 0.040625
0 0.43671875 0.08515625 0.1078125 0.115625
0 0.55078125 0.1109375 0.08203125 0.07421875
0 0.64609375 0.13203125 0.0765625 0.08203125
0 0.7296875 0.21875 0.0890625 0.09375
0 0.85234375 0.146875 0.10546875 0.1109375
0 0.89921875 0.08203125 0.1109375 0.1109375
0 0.9328125 0.21875 0.06484375 0.06953125
0 0.96953125 0.20234375 0.0609375 0.0984375
0 0.84296875 0.38359375 0.1078125 0.1078125
0 0.5453125 0.375 0.084375 0.08671875
0 0.4546875 0.4015625 0.0671875 0.06953125
0 0.725 0.53359375 0.071875 0.0328125
0 0.534375 0.50625 0.06484375 0.0625
0 0.98046875 0.04765625 0.0390625 0.0703125
0 0.98203125 0.4234375 0.0359375 0.09375
0 0.79921875 0.68203125 0.1734375 0.146875
0 0.77421875 0.75390625 0.0765625 0.0671875
0 0.921875 0.61015625 0.0578125 0.06484375
0 0.559375 0.56171875 0.075 0.0234375
0 0.56484375 0.5921875 0.0796875 0.0671875
0 0.53984375 0.946875 0.084375 0.10078125
0 0.4859375 0.87578125 0.0578125 0.06953125
0 0.48828125 0.8046875 0.0578125 0.0625
0 0.45078125 0.73828125 0.05546875 0.0578125
0 0.9265625 0.83828125 0.071875 0.0796875
0 0.890625 0.9203125 0.0796875 0.0796875
0 0.8203125 0.9625 0.08125 0.075
0 0.70546875 0.99140625 0.0484375 0.0171875
0 0.46171875 0.94921875 0.05546875 0.0578125
0 0.3484375 0.82734375 0.01875 0.0484375
0 0.35703125 0.77578125 0.03359375 0.03828125