0 0.25078125 0.46640625 0.1109375 0.0453125
0 0.2609375 0.25 0.1296875 0.13203125
0 0.23359375 0.3546875 0.0984375 0.0984375
0 0.07109375 0.3328125 0.09375 0.09140625
0 0.03359375 0.20703125 0.0671875 0.3109375
0 0.125 0.09609375 0.25 0.1921875
0 0.33671875 0.06015625 0.0640625 0.1109375
0 0.975 0.31015625 0.05 0.1265625
0 0.91484375 0.225 0.0890625 0.08203125
0 0.76796875 0.140625 0.1203125 0.14453125
0 0.696875 0.05390625 0.125 0.1078125
0 0.6625 0.2328125 0.0796875 0.0765625
0 0.5484375 0.321875 0.0890625 0.09140625
0 0.8453125 0.48125 0.06875 0.015625
0 0.946875 0.46484375 0.09375 0.0484375
0 0.34140625 0.89453125 0.0546875 0.1078125
0 0.309375 0.79921875 0.0796875 0.08671875
0 0.334375 0.696875 0.06875 0.1125
0 0.2484375 0.6640625 0.06484375 0.0625
0 0.34375 0.5828125 0.05 0.0875
0 0.096875 0.94765625 0.115625 0.1046875
0 0.16171875 0.94296875 0.1171875 0.1140625
0 0.1640625 0.56015625 0.328125 0.1421875
0 0.39765625 0.5375 0.0578125 0.075
0 0.51796875 0.5328125 0.06484375 0.0578125
0 0.53359375 0.57890625 0.05546875 0.0484375
0 0.4421875 0.6078125 0.05078125 0.053125
0 0.40625 0.64375 0.05546875 0.0625
0 0.609375 0.753125 0.0578125 0.06484375
0 0.7671875 0.84453125 0.4 0.3109375
0 0.46640625 0.88671875 0.0578125 0.05546875
0 0.95078125 0.621875 0.06015625 0.05546875
0 0.90625 0.54609375 0.0578125 0.06015625
0 0.72734375 0.59453125 0.0671875 0.0796875
0 0.6640625 0.6078125 0.0484375 0.0578125
0 0.71328125 0.5109375 0.0734375 0.04375
0 0.809375 0.496875 0.05625 0.015625