0 0.18515625 0.1296875 0.2859375 0.259375
0 0.340625 0.0328125 0.121875 0.065625
0 0.009375 0.1875 0.01875 0.05625
0 0.05078125 0.1515625 0.0671875 0.06953125
0 0.5234375 0.24140625 0.103125 0.0359375
0 0.6203125 0.234375 0.08125 0.05
0 0.70625 0.159375 0.0765625 0.1078125
0 0.909375 0.21015625 0.0890625 0.09140625
0 0.8375 0.14375 0.084375 0.08203125
0 0.4796875 0.1296875 0.040625 0.053125
0 0.6265625 0.09921875 0.06484375 0.05546875
0 0.2671875 0.33671875 0.06953125 0.0671875
0 0.0359375 0.28203125 0.071875 0.0453125
0 0.0625 0.8296875 0.08203125 0.1078125
0 0.13125 0.75859375 0.0765625 0.0765625
0 0.3890625 0.89921875 0.05546875 0.0625
0 0.4453125 0.72578125 0.028125 0.1046875
0 0.3328125 0.50390625 0.0625 0.0625
0 0.3703125 0.43203125 0.05546875 0.0578125
0 0.4265625 0.47265625 0.0625 0.06015625
0 0.9875 0.4046875 0.025 0.05
0 0.89765625 0.65546875 0.06953125 0.134375
0 0.70546875 0.81796875 0.0890625 0.0796875
0 0.54453125 0.4875 0.04296875 0.05546875
0 0.6609375 0.35859375 0.03828125 0.053125
0 0.859375 0.975 0.040625 0.05
0 0.67265625 0.521875 0.0484375 0.06484375
0 0.47265625 0.73671875 0.0265625 0.0390625
0 0.5234375 0.88515625 0.0453125 0.06015625
0 0.63203125 0.99296875 0.0671875 0.0140625
0 0.52890625 0.98046875 0.0484375 0.0390625
0 0.48125 0.95546875 0.04375 0.0515625
0 0.52265625 0.559375 0.0578125 0.04296875
0 0.46796875 0.6296875 0.0171875 0.034375
0 0.89375 0.475 0.03359375 0.03828125
0 0.86953125 0.27890625 0.0421875 0.0390625