0 0.49765625 0.3609375 0.05546875 0.0484375
0 0.52421875 0.27734375 0.0109375 0.0421875
0 0.48671875 0.25 0.0765625 0.0578125
0 0.5484375 0.04375 0.0375 0.05625
0 0.846875 0.4421875 0.0671875 0.0796875
0 0.5140625 0.7859375 0.03125 0.09375
0 0.48515625 0.78984375 0.071875 0.06953125
0 0.50078125 0.91015625 0.0578125 0.0703125
0 0.33203125 0.990625 0.0828125 0.01875
0 0.22109375 0.959375 0.1265625 0.08125
0 0.38671875 0.7671875 0.0796875 0.0796875
0 0.2484375 0.7265625 0.05078125 0.053125
0 0.3890625 0.57265625 0.06484375 0.0671875
0 0.14140625 0.928125 0.09609375 0.0984375
0 0.0890625 0.9484375 0.103125 0.103125
0 0.04296875 0.89375 0.0859375 0.125
0 0.275 0.6109375 0.0796875 0.0796875
0 0.228125 0.6140625 0.11328125 0.11328125
0 0.1265625 0.78515625 0.0578125 0.0578125
0 0.0984375 0.8125 0.0578125 0.0578125
0 0.0203125 0.5296875 0.040625 0.08125
0 0.03046875 0.59453125 0.0609375 0.1078125
0 0.11640625 0.6609375 0.0625 0.0625
0 0.68046875 0.57265625 0.1921875 0.1671875
0 0.88046875 0.67109375 0.15625 0.15859375
0 0.54921875 0.5390625 0.0390625 0.06875
0 0.76484375 0.74453125 0.4703125 0.5109375