0 0.09765625 0.2734375 0.06953125 0.06484375
0 0.1328125 0.0765625 0.265625 0.153125
0 0.36015625 0.06015625 0.1265625 0.1203125
0 0.0296875 0.26484375 0.059375 0.0953125
0 0.03125 0.33671875 0.0453125 0.053125
0 0.0671875 0.38125 0.09609375 0.08203125
0 0.47578125 0.17421875 0.0328125 0.0421875
0 0.68984375 0.546875 0.2140625 0.04375
0 0.90390625 0.56015625 0.0453125 0.0171875
0 0.96875 0.5109375 0.0453125 0.0484375
0 0.88359375 0.35390625 0.11328125 0.1203125
0 0.7625 0.28203125 0.071875 0.0671875
0 0.68671875 0.1859375 0.0453125 0.05546875
0 0.6203125 0.209375 0.04296875 0.040625
0 0.47578125 0.41484375 0.0328125 0.0578125
0 0.4953125 0.52109375 0.071875 0.0921875
0 0.8921875 0.1734375 0.04296875 0.0578125
0 0.84921875 0.11328125 0.0484375 0.0484375
0 0.96171875 0.20390625 0.0765625 0.0765625
0 0.63828125 0.03828125 0.0984375 0.0765625
0 0.578125 0.0484375 0.0359375 0.0484375
0 0.6484375 0.31796875 0.04296875 0.053125
0 0.0375 0.81328125 0.075 0.1078125
0 0.0546875 0.90546875 0.109375 0.1890625
0 0.01015625 0.665625 0.0203125 0.071875
0 0.265625 0.675 0.06015625 0.0671875
0 0.15078125 0.746875 0.0453125 0.053125
0 0.25546875 0.8828125 0.05078125 0.05546875
0 0.2125 0.83828125 0.0484375 0.053125
0 0.71484375 0.90625 0.09609375 0.09140625
0 0.64921875 0.85625 0.084375 0.08671875
0 0.53515625 0.78671875 0.1515625 0.1484375
0 0.96015625 0.94140625 0.0796875 0.1171875
0 0.53203125 0.98359375 0.0796875 0.0328125
0 0.67890625 0.9765625 0.0984375 0.046875
0 0.796875 0.83125 0.05078125 0.053125
0 0.84140625 0.753125 0.103125 0.10546875
0 0.80625 0.7359375 0.0625 0.06484375
0 0.94609375 0.721875 0.084375 0.084375
0 0.9234375 0.69140625 0.06015625 0.06015625
0 0.975 0.66875 0.05 0.084375
0 0.9609375 0.60390625 0.078125 0.0703125
0 0.79453125 0.59609375 0.0859375 0.0546875
0 0.765625 0.65390625 0.0671875 0.06484375
0 0.70703125 0.709375 0.06953125 0.06953125