0 0.278125 0.13203125 0.05078125 0.06484375
0 0.40625 0.425 0.103125 0.103125
0 0.3 0.49140625 0.084375 0.0359375
0 0.0765625 0.0203125 0.059375 0.040625
0 0.35546875 0.0265625 0.1109375 0.053125
0 0.9515625 0.253125 0.06015625 0.0578125
0 0.5921875 0.32890625 0.10078125 0.103125
0 0.26875 0.6890625 0.10078125 0.10546875
0 0.23984375 0.62890625 0.0796875 0.084375
0 0.06796875 0.98984375 0.0703125 0.0203125
0 0.2046875 0.8234375 0.05546875 0.05546875
0 0.2515625 0.80078125 0.05078125 0.053125
0 0.28203125 0.97890625 0.0703125 0.0421875
0 0.2921875 0.94140625 0.0625 0.05546875
0 0.71953125 0.6 0.1109375 0.13671875
0 0.61328125 0.55078125 0.1078125 0.0828125
0 0.81875 0.640625 0.0796875 0.06484375
0 0.7140625 0.984375 0.103125 0.03125
0 0.6828125 0.921875 0.09140625 0.0765625
0 0.575 0.725 0.06484375 0.0796875
0 0.534375 0.91015625 0.05 0.0578125