0 0.0828125 0.07578125 0.0671875 0.0765625
0 0.02109375 0.48984375 0.0421875 0.0859375
0 0.0359375 0.49921875 0.06015625 0.0578125
0 0.2703125 0.54140625 0.059375 0.0359375
0 0.2875 0.03125 0.025 0.0625
0 0.80859375 0.48671875 0.10078125 0.0984375
0 0.6609375 0.48046875 0.13203125 0.1296875
0 0.56796875 0.45625 0.10078125 0.10078125
0 0.4578125 0.503125 0.121875 0.1125
0 0.31484375 0.42265625 0.0296875 0.1203125
0 0.34140625 0.2671875 0.0828125 0.084375
0 0.51640625 0.315625 0.10546875 0.10546875
0 0.31796875 0.0578125 0.0359375 0.115625
0 0.98984375 0.35234375 0.0203125 0.0828125
0 0.2203125 0.8671875 0.159375 0.265625
0 0.27421875 0.70078125 0.0515625 0.0796875
0 0.184375 0.74765625 0.05546875 0.05546875
0 0.13671875 0.8234375 0.0671875 0.071875
0 0.1734375 0.921875 0.05546875 0.06015625
0 0.28359375 0.99296875 0.0328125 0.0140625
0 0.053125 0.96640625 0.04296875 0.040625
0 0.0203125 0.896875 0.040625 0.103125
0 0.021875 0.5671875 0.04375 0.015625
0 0.05859375 0.590625 0.0578125 0.0625
0 0.9734375 0.95703125 0.053125 0.0859375
0 0.95546875 0.81015625 0.0890625 0.1203125
0 0.81015625 0.59375 0.1234375 0.06875
0 0.76640625 0.72265625 0.1515625 0.14921875
0 0.63203125 0.71015625 0.11796875 0.1203125
0 0.62421875 0.6234375 0.0765625 0.07421875
0 0.48515625 0.75625 0.09609375 0.09375
0 0.38046875 0.8078125 0.09375 0.09375
0 0.31484375 0.65390625 0.0296875 0.1078125
0 0.31015625 0.771875 0.0203125 0.06875
0 0.33125 0.8921875 0.0625 0.215625
0 0.5546875 0.84609375 0.1078125 0.103125
0 0.5921875 0.95390625 0.11875 0.0921875
0 0.5171875 0.975 0.228125 0.05
0 0.4046875 0.97109375 0.075 0.0578125