0 0.09921875 0.0328125 0.1078125 0.065625
0 0.15078125 0.08125 0.09609375 0.09140625
0 0.1921875 0.09296875 0.0625 0.0625
0 0.32890625 0.3171875 0.3703125 0.103125
0 0.6171875 0.13984375 0.071875 0.07421875
0 0.5484375 0.33984375 0.090625 0.0578125
0 0.4296875 0.175 0.06953125 0.09140625
0 0.71953125 0.23203125 0.1203125 0.1390625
0 0.7640625 0.28671875 0.209375 0.1640625
0 0.7359375 0.1140625 0.11328125 0.115625
0 0.68359375 0.140625 0.0484375 0.15625
0 0.5609375 0.38828125 0.1375 0.0390625
0 0.4328125 0.46328125 0.084375 0.08203125
0 0.31875 0.63984375 0.1296875 0.13203125
0 0.1265625 0.56171875 0.1078125 0.1390625
0 0.29375 0.840625 0.0578125 0.0625
0 0.38984375 0.940625 0.103125 0.09140625
0 0.5578125 0.89609375 0.165625 0.18984375
0 0.56875 0.45859375 0.10078125 0.08203125
0 0.13671875 0.9578125 0.0828125 0.084375
0 0.87734375 0.684375 0.2453125 0.63125
0 0.93359375 0.46171875 0.1328125 0.1578125
0 0.84609375 0.859375 0.103125 0.103125