0 0.571875 0.009375 0.059375 0.01875
0 0.68203125 0.31015625 0.0359375 0.1171875
0 0.59921875 0.40859375 0.10078125 0.08203125
0 0.515625 0.4546875 0.0890625 0.0765625
0 0.465625 0.44921875 0.0578125 0.05078125
0 0.1390625 0.1734375 0.10546875 0.115625
0 0.14296875 0.07421875 0.08203125 0.11328125
0 0.00625 0.3296875 0.0125 0.0625
0 0.171875 0.4390625 0.05078125 0.0890625
0 0.88671875 0.4859375 0.1109375 0.10625
0 0.97734375 0.3359375 0.0453125 0.096875
0 0.07890625 0.99609375 0.0421875 0.0078125
0 0.38515625 0.9640625 0.1109375 0.071875
0 0.42109375 0.7875 0.15625 0.196875
0 0.5828125 0.853125 0.0984375 0.09140625
0 0.66875 0.85 0.0625 0.065625
0 0.67890625 0.80078125 0.0421875 0.0515625
0 0.66796875 0.66875 0.0625 0.06953125
0 0.6296875 0.58671875 0.053125 0.071875
0 0.30625 0.66953125 0.084375 0.0890625
0 0.03046875 0.78984375 0.0609375 0.0984375
0 0.02890625 0.66171875 0.0578125 0.0921875
0 0.51875 0.56953125 0.071875 0.0609375
0 0.9734375 0.95390625 0.053125 0.0921875
0 0.9359375 0.978125 0.075 0.04375
0 0.89375 0.9015625 0.0671875 0.05078125
0 0.95390625 0.7640625 0.0921875 0.115625
0 0.78359375 0.93984375 0.1671875 0.1203125
0 0.72578125 0.85703125 0.0515625 0.0578125
0 0.7109375 0.75390625 0.021875 0.0671875
0 0.73828125 0.68046875 0.0765625 0.0890625
0 0.8 0.6609375 0.053125 0.04296875
0 0.81171875 0.60546875 0.04296875 0.053125
0 0.878125 0.54609375 0.053125 0.0140625