0 0.2640625 0.084375 0.10078125 0.103125
0 0.26875 0.2171875 0.10078125 0.09609375
0 0.334375 0.1609375 0.08203125 0.09609375
0 0.175 0.41875 0.075 0.021875
0 0.5421875 0.27421875 0.09609375 0.0984375
0 0.78203125 0.39609375 0.0796875 0.0671875
0 0.9609375 0.3890625 0.078125 0.08125
0 0.63828125 0.090625 0.15625 0.1734375
0 0.49140625 0.0796875 0.0796875 0.0765625
0 0.38125 0.52734375 0.05625 0.0984375
0 0.33125 0.5296875 0.071875 0.0671875
0 0.25390625 0.69765625 0.0578125 0.0625
0 0.36953125 0.8109375 0.071875 0.0625
0 0.3875 0.89453125 0.04375 0.0453125
0 0.4328125 0.67421875 0.046875 0.1203125
0 0.45078125 0.76171875 0.0828125 0.1296875
0 0.93203125 0.45 0.0578125 0.040625
0 0.90546875 0.56328125 0.06953125 0.06015625
0 0.9671875 0.70546875 0.065625 0.0890625
0 0.91875 0.7578125 0.06015625 0.06953125
0 0.63515625 0.72421875 0.071875 0.07421875
0 0.6375 0.6640625 0.0625 0.0625
0 0.5390625 0.7078125 0.06953125 0.08671875
0 0.9046875 0.96484375 0.075 0.0703125
0 0.96484375 0.96015625 0.0703125 0.0765625
0 0.678125 0.925 0.0671875 0.071875