0 0.07265625 0.03671875 0.0671875 0.0734375
0 0.246875 0.11328125 0.115625 0.103125
0 0.309375 0.2359375 0.05546875 0.0484375
0 0.228125 0.2546875 0.0578125 0.0796875
0 0.246875 0.31875 0.040625 0.03828125
0 0.78359375 0.08203125 0.2359375 0.1640625
0 0.97265625 0.25703125 0.0546875 0.1546875
0 0.7546875 0.384375 0.128125 0.109375
0 0.64765625 0.28203125 0.09140625 0.0890625
0 0.66171875 0.06171875 0.11328125 0.115625
0 0.871875 0.41875 0.084375 0.040625
0 0.20546875 0.6296875 0.06015625 0.06953125
0 0.3 0.90859375 0.078125 0.1390625
0 0.0359375 0.9890625 0.053125 0.021875
0 0.05703125 0.821875 0.06953125 0.0625
0 0.346875 0.86875 0.015625 0.071875
0 0.83828125 0.9703125 0.1140625 0.059375
0 0.9484375 0.7609375 0.103125 0.103125
0 0.6640625 0.8078125 0.115625 0.0890625
0 0.68671875 0.57734375 0.04296875 0.06015625
0 0.43203125 0.79375 0.05078125 0.071875
0 0.46640625 0.60234375 0.06953125 0.0625
0 0.896875 0.6515625 0.04296875 0.071875
0 0.97109375 0.64765625 0.0578125 0.0921875
0 0.565625 0.71328125 0.040625 0.0671875
0 0.67578125 0.934375 0.0625 0.0625