0 0.253125 0.29921875 0.084375 0.08203125
0 0.32890625 0.25 0.134375 0.13671875
0 0.63125 0.3171875 0.05625 0.1625
0 0.58046875 0.54296875 0.0421875 0.0328125
0 0.215625 0.0234375 0.084375 0.046875
0 0.0625 0.03203125 0.115625 0.0640625
0 0.21328125 0.484375 0.0671875 0.07421875
0 0.47109375 0.465625 0.2703125 0.1875
0 0.39453125 0.4421875 0.0578125 0.05546875
0 0.29765625 0.51328125 0.0453125 0.04296875
0 0.034375 0.5078125 0.06875 0.103125
0 0.83984375 0.51328125 0.0578125 0.05078125
0 0.9046875 0.4578125 0.12265625 0.10546875
0 0.99375 0.3453125 0.0125 0.053125
0 0.846875 0.3390625 0.0578125 0.06015625
0 0.72421875 0.34375 0.0984375 0.08671875
0 0.678125 0.41640625 0.0375 0.1171875
0 0.76484375 0.0390625 0.1328125 0.078125
0 0.8375 0.0734375 0.0578125 0.0765625
0 0.78828125 0.225 0.071875 0.0796875
0 0.9109375 0.0125 0.071875 0.025
0 0.21640625 0.7578125 0.09375 0.0796875
0 0.42578125 0.575 0.0828125 0.03125
0 0.17578125 0.5921875 0.1796875 0.065625
0 0.8578125 0.975 0.075 0.05
0 0.69921875 0.659375 0.0671875 0.05546875
0 0.86015625 0.728125 0.05546875 0.06484375
0 0.8140625 0.65 0.05078125 0.053125
0 0.953125 0.98046875 0.06875 0.0390625