0 0.24375 0.23125 0.11796875 0.11796875
0 0.3328125 0.2203125 0.1921875 0.1921875
0 0.47578125 0.51796875 0.0921875 0.0640625
0 0.4015625 0.4765625 0.11796875 0.11796875
0 0.28203125 0.5234375 0.1609375 0.053125
0 0.09375 0.11875 0.10078125 0.10078125
0 0.29375 0.0609375 0.353125 0.121875
0 0.2609375 0.03515625 0.08125 0.0703125
0 0.140625 0.040625 0.06484375 0.06484375
0 0.771875 0.29453125 0.12734375 0.13203125
0 0.709375 0.3015625 0.10078125 0.103125
0 0.63046875 0.26328125 0.1296875 0.12265625
0 0.72109375 0.0546875 0.1359375 0.109375
0 0.77890625 0.01796875 0.0890625 0.0359375
0 0.6359375 0.07109375 0.0890625 0.10546875
0 0.86953125 0.22109375 0.125 0.125
0 0.92578125 0.078125 0.08203125 0.084375
0 0.778125 0.453125 0.415625 0.19375
0 0.46875 0.5875 0.1125 0.075
0 0.0296875 0.6640625 0.059375 0.146875
0 0.11015625 0.7265625 0.1109375 0.1109375
0 0.2625 0.67890625 0.125 0.1109375
0 0.515625 0.7453125 0.06875 0.075
0 0.24921875 0.7859375 0.16796875 0.1109375
0 0.2765625 0.91640625 0.10546875 0.10078125
0 0.14375 0.89609375 0.09375 0.0765625
0 0.04375 0.96171875 0.0875 0.0765625
0 0.1078125 0.98203125 0.209375 0.0359375
0 0.53203125 0.82890625 0.0359375 0.0671875
0 0.54296875 0.60859375 0.0140625 0.0546875
0 0.878125 0.9390625 0.053125 0.053125
0 0.85546875 0.8953125 0.08671875 0.08671875
0 0.8828125 0.809375 0.0625 0.06015625
0 0.91171875 0.859375 0.07421875 0.0796875
0 0.93359375 0.78046875 0.04296875 0.0484375
0 0.9734375 0.77578125 0.053125 0.0796875
0 0.66796875 0.5703125 0.1234375 0.040625