0 0.146875 0.03984375 0.084375 0.0796875
0 0.07109375 0.0890625 0.134375 0.13671875
0 0.1625 0.4234375 0.05546875 0.07421875
0 0.184375 0.33203125 0.084375 0.08203125
0 0.31875 0.33125 0.08125 0.115625
0 0.15390625 0.50703125 0.0859375 0.0453125
0 0.2625 0.4703125 0.0671875 0.06953125
0 0.95234375 0.0296875 0.0953125 0.059375
0 0.9796875 0.31796875 0.040625 0.0765625
0 0.7921875 0.4375 0.08671875 0.08671875
0 0.75078125 0.4890625 0.0890625 0.08125
0 0.5546875 0.52890625 0.059375 0.0015625
0 0.596875 0.26484375 0.475 0.5296875
0 0.82265625 0.065625 0.1828125 0.13125
0 0.3375 0.790625 0.04375 0.09375
0 0.3171875 0.85078125 0.084375 0.0796875
0 0.084375 0.78828125 0.0625 0.05546875
0 0.63828125 0.90625 0.1578125 0.1875
0 0.8453125 0.8484375 0.0578125 0.06953125
0 0.90703125 0.9109375 0.0671875 0.08203125
0 0.371875 0.95 0.025 0.071875
0 0.8875 0.6765625 0.1109375 0.125
0 0.74609375 0.61796875 0.071875 0.06484375