0 0.33203125 0.59453125 0.0796875 0.0484375
0 0.2625 0.55859375 0.125 0.1203125
0 0.01015625 0.29921875 0.0203125 0.0453125
0 0.0828125 0.2796875 0.06484375 0.06015625
0 0.02265625 0.01015625 0.0453125 0.0203125
0 0.3484375 0.25078125 0.053125 0.06953125
0 0.3671875 0.33671875 0.0796875 0.0765625
0 0.5078125 0.3359375 0.103125 0.10625
0 0.51875 0.11328125 0.071875 0.0671875
0 0.33984375 0.1546875 0.0796875 0.0765625
0 0.4390625 0.20703125 0.0625 0.06484375
0 0.27265625 0.02265625 0.0640625 0.0453125
0 0.5953125 0.19140625 0.071875 0.1109375
0 0.85859375 0.0296875 0.1234375 0.059375
0 0.71875 0.19296875 0.071875 0.07421875
0 0.98125 0.43671875 0.0375 0.1703125
0 0.34375 0.67890625 0.0984375 0.10078125
0 0.3140625 0.78828125 0.0453125 0.05078125
0 0.29921875 0.83671875 0.04296875 0.0453125
0 0.203125 0.8703125 0.103125 0.10078125
0 0.08359375 0.91484375 0.1671875 0.1703125
0 0.1578125 0.73671875 0.06484375 0.0578125
0 0.825 0.9171875 0.146875 0.1421875
0 0.83203125 0.8296875 0.09375 0.0765625
0 0.65703125 0.7421875 0.1078125 0.103125
0 0.67734375 0.93828125 0.1734375 0.1234375
0 0.68515625 0.98125 0.0953125 0.0375
0 0.5875 0.9609375 0.05625 0.071875
0 0.97578125 0.66953125 0.0484375 0.1015625