0 0.17578125 0.36015625 0.0796875 0.0171875
0 0.21953125 0.19765625 0.115625 0.1078125
0 0.78984375 0.209375 0.08671875 0.10078125
0 0.884375 0.1953125 0.08671875 0.103125
0 0.76171875 0.34765625 0.0890625 0.0421875
0 0.83125 0.3359375 0.0625 0.06484375
0 0.703125 0.346875 0.0625 0.04375
0 0.63203125 0.17109375 0.05546875 0.06484375
0 0.6828125 0.08125 0.10078125 0.103125
0 0.75625 0.05078125 0.05546875 0.06484375
0 0.8265625 0.03046875 0.0578125 0.0578125
0 0.88046875 0.01953125 0.0578125 0.0390625
0 0.93984375 0.05234375 0.0796875 0.0890625
0 0.96171875 0.17265625 0.0765625 0.1265625
0 0.51171875 0.115625 0.05078125 0.05078125
0 0.50078125 0.0375 0.0640625 0.075
0 0.58671875 0.03671875 0.0765625 0.0578125
0 0.20703125 0.44140625 0.1828125 0.1453125
0 0.08203125 0.503125 0.06953125 0.06953125
0 0.06015625 0.534375 0.0578125 0.0578125
0 0.0078125 0.5640625 0.015625 0.059375
0 0.21015625 0.659375 0.05078125 0.053125
0 0.240625 0.78359375 0.084375 0.084375
0 0.24921875 0.84921875 0.103125 0.10078125
0 0.41015625 0.66796875 0.1109375 0.1109375
0 0.3953125 0.87578125 0.09609375 0.09375
0 0.34296875 0.93515625 0.0625 0.0625
0 0.028125 0.903125 0.05625 0.103125
0 0.08046875 0.8375 0.06484375 0.06484375
0 0.13984375 0.5890625 0.1515625 0.1515625
0 0.0984375 0.73046875 0.196875 0.2234375
0 0.7671875 0.975 0.15625 0.05
0 0.94609375 0.95703125 0.1078125 0.0859375
0 0.85859375 0.87265625 0.08203125 0.09609375
0 0.7921875 0.834375 0.06015625 0.0578125
0 0.6 0.73125 0.06015625 0.0578125
0 0.7703125 0.55 0.0984375 0.103125
0 0.7859375 0.4546875 0.0578125 0.0578125
0 0.7359375 0.41328125 0.115625 0.0890625
0 0.92265625 0.54765625 0.1546875 0.2796875