0 0.22421875 0.51328125 0.0796875 0.0734375
0 0.01953125 0.25859375 0.0390625 0.0703125
0 0.35234375 0.30703125 0.103125 0.103125
0 0.50234375 0.14140625 0.0546875 0.0796875
0 0.92421875 0.303125 0.13671875 0.13671875
0 0.8140625 0.53984375 0.196875 0.0203125
0 0.5890625 0.521875 0.11875 0.05625
0 0.86171875 0.20625 0.11328125 0.11328125
0 0.05859375 0.6453125 0.1171875 0.15625
0 0.16875 0.69140625 0.09375 0.07421875
0 0.03125 0.984375 0.0625 0.03125
0 0.76484375 0.8453125 0.4703125 0.309375
0 0.76953125 0.70078125 0.1609375 0.165625
0 0.7828125 0.5875 0.096875 0.075
0 0.9375 0.5796875 0.125 0.059375
0 0.5578125 0.678125 0.05625 0.25625
0 0.56015625 0.925 0.0609375 0.146875
0 0.59140625 0.834375 0.1234375 0.1375
0 0.75703125 0.796875 0.0796875 0.07421875
0 0.88359375 0.72578125 0.115625 0.11796875
0 0.91328125 0.78359375 0.10546875 0.1109375