0 0.04296875 0.0328125 0.0859375 0.065625
0 0.20234375 0.09609375 0.125 0.1078125
0 0.1109375 0.265625 0.0796875 0.07421875
0 0.40234375 0.33203125 0.0578125 0.0578125
0 0.34296875 0.5203125 0.09375 0.06953125
0 0.0171875 0.471875 0.034375 0.103125
0 0.4671875 0.07109375 0.025 0.0671875
0 0.70859375 0.02578125 0.1703125 0.0515625
0 0.53046875 0.05234375 0.1015625 0.1046875
0 0.515625 0.44765625 0.071875 0.2109375
0 0.55625 0.2296875 0.08671875 0.084375
0 0.64140625 0.19765625 0.06953125 0.071875
0 0.846875 0.2 0.125 0.12734375
0 0.77890625 0.4796875 0.17578125 0.178125
0 0.91796875 0.31875 0.1390625 0.1421875
0 0.68515625 0.390625 0.09609375 0.09375
0 0.78125 0.3234375 0.0890625 0.0890625
0 0.909375 0.515625 0.0765625 0.0796875
0 0.9359375 0.4640625 0.06953125 0.06953125
0 0.89375 0.4109375 0.0796875 0.0796875
0 0.5765625 0.54921875 0.08671875 0.08671875
0 0.659375 0.54140625 0.07421875 0.07421875
0 0.46796875 0.9796875 0.0234375 0.040625
0 0.3890625 0.84375 0.03828125 0.03125
0 0.45703125 0.66171875 0.0265625 0.0265625
0 0.67265625 0.7078125 0.15859375 0.17578125
0 0.77578125 0.63984375 0.06484375 0.06484375
0 0.8296875 0.68125 0.053125 0.0671875
0 0.8703125 0.71953125 0.040625 0.05078125
0 0.8296875 0.81953125 0.0484375 0.04296875
0 0.96171875 0.65 0.0765625 0.1
0 0.9734375 0.74375 0.053125 0.121875