0 0.0515625 0.2328125 0.103125 0.19375
0 0.1375 0.1453125 0.275 0.290625
0 0.171875 0.08203125 0.1109375 0.11328125
0 0.0359375 0.040625 0.071875 0.075
0 0.15390625 0.02109375 0.1828125 0.0421875
0 0.275 0.090625 0.0796875 0.0796875
0 0.40078125 0.190625 0.0578125 0.075
0 0.41953125 0.21796875 0.0203125 0.0734375
0 0.4203125 0.26640625 0.01875 0.0640625
0 0.3921875 0.0203125 0.075 0.040625
0 0.9921875 0.0359375 0.015625 0.071875
0 0.9515625 0.12578125 0.096875 0.1078125
0 0.50234375 0.084375 0.1453125 0.146875
0 0.4625 0.0140625 0.065625 0.028125
0 0.65625 0.05546875 0.225 0.1109375
0 0.25234375 0.784375 0.1109375 0.09140625
0 0.19765625 0.7046875 0.084375 0.0890625
0 0.38046875 0.84921875 0.0984375 0.1046875
0 0.12265625 0.4859375 0.09375 0.09609375
0 0.2515625 0.44140625 0.09375 0.08203125
0 0.015625 0.44296875 0.03125 0.0765625
0 0.0265625 0.79921875 0.053125 0.0703125
0 0.46640625 0.8046875 0.0734375 0.08125
0 0.4671875 0.73359375 0.075 0.0828125
0 0.7046875 0.584375 0.0625 0.08203125
0 0.76875 0.5984375 0.08671875 0.10078125
0 0.88203125 0.828125 0.09375 0.09140625
0 0.98203125 0.6125 0.0359375 0.075
0 0.659375 0.4984375 0.053125 0.06015625
0 0.721875 0.49765625 0.0453125 0.05078125
0 0.971875 0.425 0.05625 0.103125
0 0.640625 0.396875 0.225 0.134375