0 0.0765625 0.11484375 0.153125 0.2296875
0 0.0515625 0.12109375 0.103125 0.1140625
0 0.078125 0.0109375 0.075 0.021875
0 0.16015625 0.03671875 0.0859375 0.0734375
0 0.1765625 0.096875 0.1828125 0.1828125
0 0.24296875 0.17734375 0.0734375 0.1140625
0 0.2625 0.2734375 0.034375 0.075
0 0.25625 0.35234375 0.046875 0.0578125
0 0.171875 0.2640625 0.0796875 0.0796875
0 0.0453125 0.2265625 0.0796875 0.0796875
0 0.01484375 0.40390625 0.0296875 0.0546875
0 0.15 0.346875 0.09375 0.09375
0 0.14609375 0.5421875 0.1828125 0.134375
0 0.14296875 0.5953125 0.0859375 0.028125
0 0.19296875 0.59453125 0.0984375 0.0296875
0 0.25625 0.57578125 0.046875 0.0671875
0 0.07421875 0.59140625 0.0796875 0.0359375
0 0.1296875 0.43671875 0.24296875 0.24296875
0 0.26328125 0.47890625 0.0328125 0.0578125
0 0.33515625 0.0140625 0.0609375 0.028125
0 0.29453125 0.1265625 0.0296875 0.06875
0 0.296875 0.07109375 0.034375 0.0515625
0 0.4328125 0.09140625 0.03359375 0.0359375
0 0.359375 0.1921875 0.05546875 0.0484375
0 0.3515625 0.26484375 0.1109375 0.11796875
0 0.3765625 0.278125 0.0484375 0.0484375
0 0.41640625 0.34765625 0.06953125 0.06015625
0 0.3828125 0.39921875 0.05078125 0.053125
0 0.559375 0.5203125 0.0484375 0.0453125
0 0.325 0.521875 0.053125 0.040625
0 0.49453125 0.49921875 0.053125 0.07421875
0 0.5265625 0.44140625 0.0265625 0.040625
0 0.56875 0.415625 0.0671875 0.05546875
0 0.490625 0.328125 0.0359375 0.040625
0 0.16640625 0.6609375 0.1078125 0.103125
0 0.1375 0.73671875 0.275 0.2546875
0 0.18125 0.9515625 0.06953125 0.06953125
0 0.178125 0.8953125 0.07421875 0.07421875
0 0.65703125 0.9671875 0.0421875 0.065625
0 0.76953125 0.8921875 0.0578125 0.0578125
0 0.703125 0.8 0.09140625 0.0796875
0 0.3453125 0.99140625 0.071875 0.0171875