0 0.33046875 0.02265625 0.0796875 0.0453125
0 0.4703125 0.0546875 0.059375 0.09375
0 0.390625 0.121875 0.0796875 0.09140625
0 0.3390625 0.08359375 0.0765625 0.0671875
0 0.4484375 0.2609375 0.103125 0.146875
0 0.34453125 0.2328125 0.084375 0.10078125
0 0.453125 0.34765625 0.0453125 0.053125
0 0.4140625 0.3625 0.053125 0.0625
0 0.0515625 0.02890625 0.05625 0.0578125
0 0.046875 0.07890625 0.05546875 0.0625
0 0.00625 0.02109375 0.0125 0.0421875
0 0.08359375 0.11484375 0.05546875 0.0453125
0 0.15859375 0.2140625 0.09140625 0.10078125
0 0.01171875 0.190625 0.0234375 0.071875
0 0.08515625 0.3140625 0.053125 0.0625
0 0.59453125 0.0671875 0.1890625 0.134375
0 0.56484375 0.1140625 0.1296875 0.159375
0 0.7765625 0.06015625 0.15 0.1203125
0 0.79453125 0.209375 0.146875 0.146875
0 0.82421875 0.33515625 0.2328125 0.1296875
0 0.27109375 0.88125 0.125 0.1109375
0 0.40859375 0.8375 0.1296875 0.15390625
0 0.48828125 0.92265625 0.0234375 0.0984375
0 0.0703125 0.59296875 0.0765625 0.0796875
0 0.0359375 0.51484375 0.071875 0.0765625
0 0.02734375 0.43515625 0.0546875 0.0703125
0 0.12890625 0.43203125 0.0796875 0.0640625
0 0.24765625 0.56171875 0.071875 0.06953125
0 0.35078125 0.69140625 0.0984375 0.1078125
0 0.4875 0.7875 0.025 0.0625
0 0.4953125 0.65625 0.009375 0.04375
0 0.4765625 0.46953125 0.046875 0.0734375
0 0.2015625 0.7828125 0.0625 0.08203125
0 0.5109375 0.590625 0.021875 0.084375
0 0.56953125 0.63046875 0.084375 0.09375
0 0.68984375 0.678125 0.09140625 0.09375
0 0.671875 0.7796875 0.05546875 0.053125
0 0.59140625 0.978125 0.1109375 0.04375
0 0.7390625 0.8765625 0.08203125 0.084375
0 0.75703125 0.94296875 0.08671875 0.09140625
0 0.8421875 0.896875 0.0765625 0.09375
0 0.9609375 0.80625 0.078125 0.096875
0 0.80234375 0.771875 0.0765625 0.08203125
0 0.8359375 0.73515625 0.09375 0.09609375
0 0.88828125 0.62578125 0.103125 0.09609375
0 0.95625 0.69296875 0.0625 0.05546875
0 0.8734375 0.5234375 0.0984375 0.0984375
0 0.95625 0.5140625 0.05078125 0.053125
0 0.8703125 0.9359375 0.053125 0.0453125
0 0.86171875 0.959375 0.0578125 0.0625
0 0.5765625 0.7609375 0.0578125 0.053125
0 0.5875 0.82109375 0.0671875 0.0625
0 0.6296875 0.8625 0.07421875 0.084375
0 0.675 0.5328125 0.04296875 0.0484375