0 0.45390625 0.12734375 0.0703125 0.1046875
0 0.43125 0.16640625 0.096875 0.0453125
0 0.21015625 0.01953125 0.0765625 0.0390625
0 0.2171875 0.05 0.0671875 0.06484375
0 0.2109375 0.1484375 0.125 0.08125
0 0.0546875 0.046875 0.109375 0.09375
0 0.1 0.046875 0.0890625 0.09140625
0 0.09296875 0.17421875 0.0765625 0.0296875
0 0.74453125 0.09453125 0.5109375 0.1890625
0 0.03984375 0.38671875 0.0796875 0.2609375
0 0.1328125 0.87421875 0.265625 0.2515625
0 0.46171875 0.8140625 0.0546875 0.225
0 0.46875 0.5703125 0.040625 0.196875
0 0.075 0.6953125 0.071875 0.0890625
0 0.134375 0.53125 0.08671875 0.1078125
0 0.328125 0.45078125 0.09375 0.10546875
0 0.35078125 0.22890625 0.0921875 0.0796875
0 0.97734375 0.48828125 0.0453125 0.0640625
0 0.6578125 0.9453125 0.084375 0.06953125
0 0.740625 0.2296875 0.06953125 0.0625
0 0.82109375 0.359375 0.08671875 0.084375
0 0.9765625 0.2265625 0.046875 0.075