0 0.03984375 0.2796875 0.0796875 0.240625
0 0.17265625 0.36328125 0.0953125 0.0734375
0 0.25390625 0.3234375 0.09375 0.09609375
0 0.31171875 0.37109375 0.0734375 0.0578125
0 0.484375 0.21875 0.09375 0.10546875
0 0.48203125 0.13828125 0.06953125 0.05546875
0 0.32578125 0.1046875 0.071875 0.08203125
0 0.21015625 0.128125 0.06953125 0.07421875
0 0.17109375 0.0578125 0.1109375 0.115625
0 0.0453125 0.0453125 0.090625 0.090625
0 0.471875 0.3828125 0.053125 0.034375
0 0.91640625 0.36484375 0.0703125 0.0703125
0 0.82421875 0.3890625 0.0484375 0.021875
0 0.86640625 0.28671875 0.06015625 0.06484375
0 0.95 0.28203125 0.08671875 0.08203125
0 0.68046875 0.0359375 0.0765625 0.071875
0 0.65390625 0.27421875 0.2296875 0.2515625
0 0.08046875 0.8703125 0.1609375 0.259375
0 0.16015625 0.87890625 0.11328125 0.11328125
0 0.46640625 0.69140625 0.103125 0.08671875
0 0.43671875 0.88828125 0.14453125 0.13671875
0 0.44921875 0.41328125 0.1265625 0.0265625
0 0.2765625 0.52890625 0.10078125 0.0984375
0 0.18203125 0.46796875 0.3296875 0.1359375
0 0.02421875 0.41953125 0.0484375 0.0390625
0 0.01953125 0.634375 0.0390625 0.071875
0 0.3703125 0.6734375 0.05546875 0.05546875
0 0.23359375 0.6875 0.06015625 0.05546875
0 0.48671875 0.4375 0.0625 0.0578125
0 0.5140625 0.45625 0.05 0.075
0 0.86796875 0.553125 0.1875 0.18515625
0 0.57421875 0.9515625 0.0703125 0.084375
0 0.7078125 0.84375 0.08671875 0.08671875
0 0.66015625 0.6875 0.10078125 0.10078125
0 0.575 0.5703125 0.071875 0.14375
0 0.8875 0.7734375 0.0765625 0.0765625