0 0.8515625 0.2640625 0.090625 0.071875
0 0.69296875 0.03125 0.1484375 0.0625
0 0.25703125 0.96328125 0.0890625 0.0734375
0 0.5203125 0.9171875 0.125 0.11328125
0 0.59921875 0.88984375 0.0390625 0.0765625
0 0.540625 0.84296875 0.0796875 0.0796875
0 0.03671875 0.74921875 0.0734375 0.0921875
0 0.075 0.58828125 0.15 0.1515625
0 0.1515625 0.59921875 0.05078125 0.0625
0 0.303125 0.57265625 0.05078125 0.04296875
0 0.4703125 0.5578125 0.06484375 0.084375
0 0.5265625 0.4921875 0.07421875 0.06484375
0 0.3453125 0.3390625 0.11875 0.078125
0 0.290625 0.38046875 0.07421875 0.09609375
0 0.22265625 0.38125 0.08203125 0.115625
0 0.165625 0.33828125 0.09375 0.0765625
0 0.13359375 0.44296875 0.15390625 0.14921875
0 0.0125 0.4734375 0.025 0.1
0 0.08203125 0.9640625 0.0796875 0.071875
0 0.57578125 0.7203125 0.05546875 0.06484375
0 0.359375 0.7421875 0.1703125 0.12265625
0 0.303125 0.89140625 0.240625 0.2171875
0 0.90546875 0.3765625 0.09375 0.09375
0 0.72890625 0.39609375 0.18046875 0.18515625
0 0.67890625 0.5515625 0.0984375 0.09609375
0 0.80234375 0.5515625 0.09609375 0.10078125
0 0.9609375 0.68828125 0.0625 0.06015625
0 0.9609375 0.496875 0.053125 0.053125
0 0.8921875 0.68671875 0.06484375 0.0671875
0 0.91171875 0.73984375 0.05546875 0.053125
0 0.84453125 0.759375 0.08203125 0.08203125