0 0.14609375 0.44609375 0.11328125 0.11328125
0 0.25546875 0.48984375 0.1109375 0.0390625
0 0.70625 0.01953125 0.0625 0.0390625
0 0.74296875 0.078125 0.053125 0.0578125
0 0.5921875 0.27578125 0.025 0.1078125
0 0.70546875 0.340625 0.0796875 0.06484375
0 0.71171875 0.21953125 0.0625 0.06015625
0 0.63828125 0.40859375 0.1171875 0.0734375
0 0.5921875 0.4734375 0.025 0.05
0 0.89140625 0.4953125 0.0484375 0.028125
0 0.95 0.0171875 0.040625 0.034375
0 0.2296875 0.6171875 0.07421875 0.0671875
0 0.34765625 0.83515625 0.06953125 0.071875
0 0.18046875 0.90078125 0.06484375 0.06484375
0 0.1453125 0.8265625 0.06484375 0.071875
0 0.078125 0.7265625 0.08203125 0.0765625
0 0.52421875 0.92734375 0.0578125 0.053125
0 0.81796875 0.5296875 0.0546875 0.040625
0 0.74453125 0.51875 0.0421875 0.01875
0 0.7140625 0.70859375 0.05078125 0.0484375
0 0.59140625 0.8109375 0.0234375 0.059375
0 0.62890625 0.75625 0.0359375 0.03828125