0 0.3046875 0.01015625 0.05 0.0203125
0 0.2515625 0.1140625 0.10078125 0.09609375
0 0.06796875 0.07578125 0.103125 0.1203125
0 0.10546875 0.16484375 0.07421875 0.07421875
0 0.01875 0.14140625 0.0375 0.0734375
0 0.30625 0.41640625 0.046875 0.1421875
0 0.1015625 0.45234375 0.0625 0.071875
0 0.0296875 0.26171875 0.059375 0.0703125
0 0.4 0.46328125 0.140625 0.1109375
0 0.4203125 0.34375 0.071875 0.0625
0 0.590625 0.390625 0.10546875 0.10078125
0 0.96640625 0.46328125 0.0671875 0.1015625
0 0.19375 0.58515625 0.184375 0.1328125
0 0.0984375 0.8203125 0.196875 0.159375
0 0.87421875 0.93046875 0.0890625 0.08203125
0 0.7578125 0.9328125 0.0625 0.0796875
0 0.6921875 0.9234375 0.06015625 0.053125
0 0.63203125 0.971875 0.0484375 0.05625
0 0.52421875 0.92578125 0.071875 0.07421875
0 0.8953125 0.80625 0.125 0.134375
0 0.66640625 0.7359375 0.071875 0.0765625
0 0.58671875 0.65859375 0.06484375 0.07421875
0 0.50859375 0.78359375 0.0671875 0.084375
0 0.50234375 0.5921875 0.0578125 0.0796875
0 0.5953125 0.5375 0.071875 0.0375
0 0.79375 0.65390625 0.06484375 0.08203125
0 0.39453125 0.934375 0.1296875 0.13125
0 0.3453125 0.7 0.03125 0.05