0 0.35859375 0.0078125 0.0671875 0.015625
0 0.296875 0.109375 0.10078125 0.09609375
0 0.11328125 0.07109375 0.103125 0.1203125
0 0.15078125 0.16015625 0.07421875 0.07421875
0 0.046875 0.1375 0.071875 0.07421875
0 0.40390625 0.4125 0.14921875 0.1421875
0 0.46875 0.33828125 0.0484375 0.0625
0 0.53125 0.16796875 0.0375 0.1109375
0 0.146875 0.44765625 0.0625 0.071875
0 0.07109375 0.2578125 0.06953125 0.06953125
0 0.00703125 0.346875 0.0140625 0.065625
0 0.7703125 0.25078125 0.1390625 0.1390625
0 0.65625 0.40234375 0.14921875 0.14453125
0 0.80546875 0.16484375 0.0890625 0.0890625
0 0.51640625 0.853125 0.0671875 0.1
0 0.43125 0.853125 0.0796875 0.0765625
0 0.428125 0.61484375 0.0890625 0.09609375
0 0.53125 0.59921875 0.0375 0.0671875
0 0.31640625 0.55859375 0.0984375 0.0796875
0 0.315625 0.62109375 0.05546875 0.06015625
0 0.02265625 0.91875 0.0453125 0.103125
0 0.096875 0.9046875 0.07421875 0.0765625
0 0.26015625 0.75078125 0.0625 0.0671875
0 0.578125 0.56796875 0.05625 0.0984375
0 0.8890625 0.53828125 0.090625 0.0390625