0 0.4515625 0.45390625 0.075 0.0703125
0 0.4546875 0.38203125 0.06875 0.1078125
0 0.075 0.32109375 0.15 0.2078125
0 0.15 0.325 0.0796875 0.0796875
0 0.3390625 0.3828125 0.134375 0.13671875
0 0.3046875 0.1234375 0.178125 0.178125
0 0.41796875 0.1453125 0.1296875 0.1296875
0 0.17421875 0.03828125 0.2421875 0.0765625
0 0.03046875 0.1390625 0.0609375 0.103125
0 0.6265625 0.05 0.06484375 0.07421875
0 0.61953125 0.12265625 0.084375 0.08671875
0 0.7765625 0.275 0.08671875 0.09609375
0 0.8765625 0.346875 0.0578125 0.0671875
0 0.9453125 0.33125 0.0578125 0.0671875
0 0.94140625 0.2046875 0.1171875 0.13125
0 0.8203125 0.3890625 0.0578125 0.0671875
0 0.60859375 0.23046875 0.05078125 0.0671875
0 0.66484375 0.3359375 0.02890625 0.040625
0 0.2109375 0.9484375 0.125 0.103125
0 0.17265625 0.8875 0.09609375 0.09609375
0 0.25859375 0.6578125 0.3484375 0.3375
0 0.01796875 0.8484375 0.0359375 0.084375
0 0.14140625 0.82265625 0.0765625 0.0765625
0 0.10546875 0.85859375 0.084375 0.08671875
0 0.01875 0.5671875 0.0375 0.053125
0 0.4609375 0.83359375 0.05625 0.1015625
0 0.959375 0.95078125 0.08125 0.0984375