0 0.33125 0.021875 0.075 0.04375
0 0.32734375 0.08671875 0.06484375 0.0578125
0 0.35859375 0.2046875 0.0203125 0.090625
0 0.10703125 0.140625 0.06484375 0.06015625
0 0.0484375 0.19375 0.08203125 0.0625
0 0.14296875 0.28125 0.0765625 0.10546875
0 0.9890625 0.30546875 0.021875 0.0984375
0 0.86171875 0.22734375 0.125 0.1078125
0 0.953125 0.0578125 0.0796875 0.07421875
0 0.66171875 0.01015625 0.0578125 0.0203125
0 0.58359375 0.25234375 0.05078125 0.0671875
0 0.44921875 0.2859375 0.0796875 0.0578125
0 0.47109375 0.3671875 0.0828125 0.04375
0 0.2171875 0.46875 0.08671875 0.09375
0 0.80078125 0.934375 0.2578125 0.13125
0 0.39296875 0.9078125 0.0484375 0.146875
0 0.3828125 0.53046875 0.028125 0.0734375
0 0.4625 0.5109375 0.0578125 0.0671875
0 0.63359375 0.70078125 0.071875 0.08203125
0 0.5640625 0.67421875 0.071875 0.0984375
0 0.5171875 0.80390625 0.09140625 0.0890625
0 0.5484375 0.91171875 0.0796875 0.08203125
0 0.953125 0.5671875 0.09375 0.19375