0 0.2609375 0.29765625 0.1375 0.1515625
0 0.10078125 0.240625 0.11328125 0.12265625
0 0.1828125 0.428125 0.05546875 0.071875
0 0.2265625 0.46640625 0.053125 0.0453125
0 0.46796875 0.471875 0.0765625 0.034375
0 0.5734375 0.47421875 0.075 0.0296875
0 0.59609375 0.4265625 0.1203125 0.125
0 0.65546875 0.3234375 0.071875 0.06953125
0 0.7125 0.37421875 0.125 0.1421875
0 0.8515625 0.43671875 0.06953125 0.0671875
0 0.88671875 0.38984375 0.05546875 0.05546875
0 0.39140625 0.3671875 0.08671875 0.09140625
0 0.37421875 0.3109375 0.05546875 0.05546875
0 0.34921875 0.165625 0.0390625 0.071875
0 0.371875 0.0765625 0.084375 0.146875
0 0.45234375 0.0171875 0.0796875 0.034375
0 0.58515625 0.03203125 0.1828125 0.0640625
0 0.909375 0.0953125 0.18125 0.190625
0 0.71484375 0.24296875 0.06953125 0.06953125
0 0.09609375 0.825 0.1109375 0.09140625
0 0.15078125 0.7453125 0.084375 0.0890625
0 0.225 0.53125 0.09375 0.084375
0 0.096875 0.50546875 0.09375 0.0328125
0 0.31171875 0.83984375 0.0359375 0.0703125
0 0.9546875 0.98828125 0.084375 0.0234375
0 0.97421875 0.9609375 0.0515625 0.078125
0 0.8203125 0.6171875 0.33125 0.25625
0 0.94765625 0.628125 0.1046875 0.153125
0 0.92109375 0.8 0.1296875 0.1390625
0 0.9578125 0.75 0.084375 0.125
0 0.7390625 0.8140625 0.09375 0.09375
0 0.646875 0.7953125 0.084375 0.08671875
0 0.58046875 0.7171875 0.11328125 0.115625
0 0.54375 0.81171875 0.08671875 0.0890625
0 0.5171875 0.90078125 0.09375 0.0984375
0 0.42109375 0.95 0.1078125 0.1
0 0.396875 0.82890625 0.08203125 0.0890625
0 0.39453125 0.76015625 0.071875 0.0765625
0 0.50625 0.68125 0.0890625 0.084375
0 0.528125 0.6265625 0.10078125 0.11328125
0 0.475 0.6015625 0.084375 0.08203125
0 0.4109375 0.59296875 0.08671875 0.084375
0 0.365625 0.55390625 0.071875 0.0765625