0 0.3046875 0.30546875 0.165625 0.18515625
0 0.37890625 0.38359375 0.0203125 0.0984375
0 0.0515625 0.06328125 0.103125 0.1265625
0 0.04375 0.18828125 0.0671875 0.06953125
0 0.0921875 0.2015625 0.0765625 0.0625
0 0.18203125 0.45 0.084375 0.0765625
0 0.21640625 0.59375 0.0546875 0.05
0 0.36953125 0.57265625 0.0390625 0.0609375
0 0.4765625 0.046875 0.0796875 0.08203125
0 0.6234375 0.2484375 0.0890625 0.10078125
0 0.54296875 0.17734375 0.071875 0.06953125
0 0.421875 0.284375 0.065625 0.0625
0 0.4234375 0.471875 0.06875 0.25
0 0.60859375 0.50078125 0.19453125 0.21640625
0 0.7203125 0.596875 0.09375 0.04375
0 0.81171875 0.35078125 0.084375 0.0765625
0 0.9859375 0.26953125 0.028125 0.0671875
0 0.78828125 0.021875 0.0546875 0.04375
0 0.97578125 0.95 0.0484375 0.1