0 0.05 0.15234375 0.1 0.0890625
0 0.08046875 0.034375 0.0921875 0.06875
0 0.3421875 0.2109375 0.084375 0.0796875
0 0.3921875 0.23671875 0.071875 0.0671875
0 0.4953125 0.25703125 0.028125 0.0546875
0 0.7046875 0.26796875 0.0625 0.0421875
0 0.5609375 0.253125 0.05546875 0.05546875
0 0.53359375 0.23515625 0.0484375 0.0546875
0 0.61171875 0.1109375 0.0578125 0.06484375
0 0.74765625 0.01875 0.0328125 0.0375
0 0.78828125 0.18828125 0.06015625 0.0671875
0 0.7390625 0.16015625 0.0578125 0.0453125
0 0.5234375 0.159375 0.028125 0.053125
0 0.128125 0.89609375 0.0671875 0.0671875
0 0.02890625 0.40390625 0.0578125 0.1078125
0 0.2140625 0.3859375 0.084375 0.1078125
0 0.47890625 0.86171875 0.0609375 0.0640625
0 0.828125 0.57890625 0.134375 0.12734375
0 0.915625 0.69296875 0.1109375 0.10546875
0 0.52265625 0.32265625 0.0265625 0.0671875
0 0.69375 0.484375 0.11328125 0.10078125
0 0.63671875 0.3890625 0.08203125 0.07421875
0 0.58671875 0.50078125 0.0765625 0.07421875
0 0.53828125 0.75625 0.0578125 0.096875
0 0.709375 0.29609375 0.09375 0.0140625
0 0.5578125 0.6078125 0.07421875 0.0765625