0 0.078125 0.196875 0.15625 0.15625
0 0.1609375 0.26484375 0.084375 0.10078125
0 0.190625 0.50546875 0.0671875 0.0890625
0 0.39140625 0.1375 0.084375 0.0796875
0 0.33984375 0.1125 0.07421875 0.0671875
0 0.21953125 0.0890625 0.0578125 0.05546875
0 0.1921875 0.1390625 0.09375 0.09140625
0 0.66015625 0.4828125 0.10546875 0.103125
0 0.51796875 0.4875 0.05078125 0.0484375
0 0.62734375 0.196875 0.0578125 0.06953125
0 0.6875 0.13671875 0.17578125 0.240625
0 0.975 0.1984375 0.05 0.0625
0 0.89765625 0.04765625 0.0953125 0.0953125
0 0.48203125 0.15859375 0.0265625 0.0796875
0 0.51796875 0.3015625 0.0671875 0.06015625
0 0.584375 0.40390625 0.06484375 0.07421875
0 0.28515625 0.74296875 0.15859375 0.1609375
0 0.2421875 0.66484375 0.0765625 0.0890625
0 0.146875 0.72265625 0.0890625 0.09375
0 0.03125 0.6703125 0.0625 0.06875
0 0.0484375 0.871875 0.09375 0.09609375
0 0.14765625 0.946875 0.1734375 0.10625
0 0.29609375 0.98359375 0.1109375 0.0328125
0 0.40078125 0.93671875 0.11328125 0.11796875
0 0.44453125 0.97265625 0.0484375 0.0546875
0 0.6234375 0.7953125 0.309375 0.40625
0 0.83671875 0.9796875 0.0671875 0.040625
0 0.984375 0.9578125 0.03125 0.084375