0 0.09375 0.43828125 0.0984375 0.08671875
0 0.62734375 0.1234375 0.0640625 0.15
0 0.59140625 0.1890625 0.071875 0.09609375
0 0.56640625 0.41875 0.0578125 0.084375
0 0.13359375 0.121875 0.09375 0.084375
0 0.1625 0.23828125 0.0796875 0.06953125
0 0.3921875 0.06796875 0.071875 0.07421875
0 0.43671875 0.04375 0.06484375 0.06484375
0 0.53984375 0.02421875 0.0515625 0.0484375
0 0.56484375 0.06875 0.08203125 0.08671875
0 0.01875 0.48203125 0.0375 0.0671875
0 0.71328125 0.0234375 0.0734375 0.046875
0 0.8421875 0.0171875 0.065625 0.034375
0 0.85859375 0.05234375 0.05546875 0.0484375
0 0.7671875 0.08046875 0.05078125 0.053125
0 0.7296875 0.11484375 0.05546875 0.0625
0 0.93203125 0.2265625 0.0578125 0.06484375
0 0.94296875 0.34140625 0.1140625 0.3546875
0 0.7890625 0.359375 0.06015625 0.05546875
0 0.98203125 0.08203125 0.0359375 0.0578125
0 0.61484375 0.903125 0.0890625 0.19375
0 0.546875 0.60390625 0.20625 0.1703125
0 0.33359375 0.74921875 0.0578125 0.05078125
0 0.3984375 0.61875 0.03828125 0.053125
0 0.15 0.6453125 0.0671875 0.09140625
0 0.015625 0.61875 0.03125 0.05625
0 0.22890625 0.5421875 0.0546875 0.046875
0 0.52890625 0.7984375 0.0796875 0.0671875
0 0.9421875 0.56015625 0.115625 0.0828125
0 0.934375 0.634375 0.115625 0.09140625
0 0.84921875 0.73203125 0.08671875 0.0796875
0 0.85625 0.87734375 0.0671875 0.084375
0 0.7515625 0.92578125 0.103125 0.08203125
0 0.696875 0.8671875 0.075 0.084375
0 0.7484375 0.53203125 0.053125 0.0265625