0 0.30390625 0.1109375 0.0921875 0.153125
0 0.25390625 0.17890625 0.084375 0.10078125
0 0.225 0.41796875 0.06484375 0.0890625
0 0.03515625 0.05078125 0.0703125 0.0796875
0 0.078125 0.0296875 0.071875 0.059375
0 0.19609375 0.015625 0.0578125 0.03125
0 0.22421875 0.05234375 0.09375 0.09140625
0 0.4765625 0.375 0.1296875 0.103125
0 0.5140625 0.25625 0.06484375 0.05546875
0 0.67578125 0.32578125 0.09375 0.0890625
0 0.31015625 0.94921875 0.0796875 0.0890625
0 0.2640625 0.8875 0.06484375 0.0671875
0 0.31484375 0.828125 0.0703125 0.071875
0 0.1953125 0.95078125 0.125 0.0984375
0 0.21484375 0.63125 0.0671875 0.07421875
0 0.5984375 0.97734375 0.075 0.0453125
0 0.97578125 0.9546875 0.0484375 0.075