0 0.184375 0.1296875 0.09375 0.103125
0 0.125 0.1484375 0.07421875 0.0796875
0 0.0703125 0.21640625 0.103125 0.0890625
0 0.24375 0.3734375 0.103125 0.090625
0 0.31796875 0.3921875 0.0640625 0.053125
0 0.15546875 0.38046875 0.0578125 0.0765625
0 0.3046875 0.15390625 0.09375 0.09609375
0 0.41484375 0.2609375 0.0578125 0.06484375
0 0.7296875 0.20703125 0.540625 0.4140625
0 0.92578125 0.36953125 0.1390625 0.0984375
0 0.21484375 0.57890625 0.29296875 0.29296875
0 0.1703125 0.81015625 0.340625 0.3796875
0 0.3640625 0.7734375 0.190625 0.259375
0 0.97109375 0.68671875 0.0578125 0.0703125
0 0.93046875 0.76015625 0.0671875 0.06484375
0 0.846875 0.69375 0.0625 0.06484375
0 0.784375 0.6125 0.0625 0.07421875
0 0.890625 0.4953125 0.07421875 0.0765625
0 0.553125 0.528125 0.08671875 0.0796875
0 0.4828125 0.5 0.03359375 0.04296875
0 0.5546875 0.428125 0.08125 0.01875
0 0.596875 0.46328125 0.040625 0.040625
0 0.46875 0.54140625 0.01875 0.0796875
0 0.48828125 0.80234375 0.0578125 0.1296875
0 0.52890625 0.7875 0.07421875 0.06484375
0 0.58125 0.715625 0.06484375 0.06484375
0 0.5359375 0.67734375 0.0578125 0.0796875
0 0.4890625 0.63828125 0.05078125 0.05078125
0 0.6390625 0.60859375 0.040625 0.040625
0 0.571875 0.875 0.0671875 0.05078125
0 0.5078125 0.97734375 0.096875 0.0453125
0 0.7296875 0.7921875 0.2640625 0.209375
0 0.80625 0.83828125 0.084375 0.08671875
0 0.8375 0.934375 0.08671875 0.084375
0 0.74296875 0.91875 0.0578125 0.0578125
0 0.975 0.91796875 0.05 0.0734375
0 0.940625 0.96640625 0.05546875 0.0453125
0 0.9296875 0.9875 0.040625 0.025