0 0.32421875 0.1296875 0.10078125 0.09140625
0 0.0125 0.3421875 0.025 0.05
0 0.17265625 0.2828125 0.0484375 0.06015625
0 0.62734375 0.540625 0.0515625 0.0375
0 0.7296875 0.52421875 0.053125 0.05546875
0 0.79296875 0.28984375 0.3390625 0.32421875
0 0.5734375 0.1015625 0.0578125 0.08203125
0 0.51328125 0.07109375 0.0453125 0.0578125
0 0.43125 0.125 0.04375 0.090625
0 0.9796875 0.13046875 0.040625 0.0421875
0 0.4359375 0.525 0.053125 0.06875
0 0.53203125 0.53203125 0.0578125 0.0546875
0 0.39609375 0.86171875 0.0265625 0.0890625
0 0.365625 0.95625 0.0875 0.0875
0 0.2046875 0.7796875 0.409375 0.440625
0 0.61171875 0.959375 0.0765625 0.08125
0 0.63203125 0.8046875 0.18984375 0.1515625
0 0.728125 0.81484375 0.05078125 0.0625
0 0.8796875 0.78828125 0.05078125 0.04296875
0 0.921875 0.5765625 0.11875 0.034375
0 0.86640625 0.6015625 0.0734375 0.084375
0 0.7984375 0.60703125 0.08125 0.0953125
0 0.7421875 0.57578125 0.09375 0.0328125
0 0.71015625 0.65859375 0.15390625 0.14921875
0 0.565625 0.68984375 0.07421875 0.10078125
0 0.49609375 0.6296875 0.0484375 0.06015625
0 0.925 0.94765625 0.15 0.1046875