0 0.2171875 0.3640625 0.16328125 0.16328125
0 0.28828125 0.33359375 0.1296875 0.1296875
0 0.390625 0.3484375 0.1609375 0.15859375
0 0.43671875 0.5171875 0.1203125 0.025
0 0.12265625 0.46484375 0.1578125 0.1296875
0 0.2 0.15703125 0.4 0.3140625
0 0.6765625 0.25703125 0.115625 0.1296875
0 0.98359375 0.25546875 0.0328125 0.1359375
0 0.8734375 0.4984375 0.084375 0.0625
0 0.87578125 0.08125 0.06953125 0.06953125
0 0.63046875 0.36171875 0.0234375 0.0734375
0 0.2640625 0.55625 0.0875 0.053125
0 0.0453125 0.56640625 0.090625 0.0734375
0 0.0421875 0.63671875 0.04296875 0.053125
0 0.346875 0.7546875 0.0625 0.071875
0 0.44140625 0.79296875 0.0671875 0.11328125
0 0.55 0.77890625 0.0625 0.08203125
0 0.403125 0.95546875 0.071875 0.0890625
0 0.4796875 0.9171875 0.0453125 0.05546875
0 0.91953125 0.6 0.03828125 0.04296875
0 0.82890625 0.8140625 0.0625 0.115625
0 0.940625 0.69296875 0.04296875 0.0453125
0 0.65703125 0.95390625 0.0765625 0.0671875
0 0.625 0.56015625 0.0125 0.0453125
0 0.6328125 0.69921875 0.028125 0.0578125
0 0.8265625 0.66015625 0.03125 0.03359375