0 0.5140625 0.18125 0.090625 0.115625
0 0.23046875 0.04375 0.0984375 0.0875
0 0.10234375 0.25078125 0.0671875 0.071875
0 0.1703125 0.2265625 0.0625 0.0625
0 0.3421875 0.24609375 0.06484375 0.0671875
0 0.984375 0.078125 0.03125 0.090625
0 0.97578125 0.30546875 0.0484375 0.0640625
0 0.9703125 0.22109375 0.0453125 0.05078125
0 0.91953125 0.22109375 0.0890625 0.084375
0 0.93984375 0.103125 0.05546875 0.05546875
0 0.40703125 0.9203125 0.09609375 0.0984375
0 0.48046875 0.975 0.0921875 0.05
0 0.9453125 0.66484375 0.109375 0.2890625
0 0.9109375 0.978125 0.115625 0.04375
0 0.68046875 0.59140625 0.2421875 0.2828125
0 0.5734375 0.7421875 0.028125 0.134375
0 0.5890625 0.9 0.059375 0.125
0 0.6875 0.39453125 0.103125 0.0890625
0 0.81875 0.78515625 0.17578125 0.17578125