0 0.02109375 0.134375 0.0421875 0.1375
0 0.0234375 0.2625 0.046875 0.090625
0 0.11171875 0.375 0.09375 0.08671875
0 0.1390625 0.14375 0.09140625 0.084375
0 0.23125 0.19609375 0.0984375 0.10078125
0 0.3578125 0.4984375 0.0625 0.021875
0 0.9390625 0.02265625 0.053125 0.0453125
0 0.85625 0.11171875 0.06953125 0.0625
0 0.80078125 0.228125 0.12734375 0.134375
0 0.65546875 0.3015625 0.103125 0.125
0 0.85390625 0.375 0.0796875 0.0578125
0 0.9171875 0.403125 0.0484375 0.0578125
0 0.44296875 0.015625 0.0578125 0.03125
0 0.425 0.053125 0.05078125 0.03359375
0 0.53515625 0.46875 0.06484375 0.0625
0 0.45859375 0.36875 0.05546875 0.04296875
0 0.40703125 0.4859375 0.0359375 0.040625
0 0.5328125 0.35859375 0.053125 0.053125
0 0.815625 0.48125 0.04296875 0.03125
0 0.140625 0.99375 0.065625 0.0125
0 0.2109375 0.89765625 0.09609375 0.09140625
0 0.365625 0.94375 0.046875 0.1125
0 0.35703125 0.8546875 0.0640625 0.06875
0 0.1234375 0.5890625 0.1421875 0.134375
0 0.053125 0.65859375 0.0453125 0.06015625
0 0.3703125 0.56875 0.0375 0.06875
0 0.79296875 0.78125 0.08671875 0.09140625
0 0.67421875 0.53671875 0.1078125 0.0546875
0 0.534375 0.578125 0.103125 0.0984375
0 0.42421875 0.715625 0.0703125 0.096875
0 0.4140625 0.88359375 0.05 0.0984375
0 0.6515625 0.98671875 0.08125 0.0265625
0 0.7640625 0.6359375 0.17578125 0.2046875
0 0.98515625 0.69140625 0.0296875 0.1046875