0 0.2515625 0.40859375 0.1421875 0.14921875
0 0.48359375 0.1375 0.0765625 0.071875
0 0.39921875 0.434375 0.09140625 0.09140625
0 0.47421875 0.4703125 0.1015625 0.059375
0 0.22890625 0.14765625 0.08203125 0.0671875
0 0.14609375 0.3375 0.0671875 0.0625
0 0.14375 0.42265625 0.05546875 0.0578125
0 0.74921875 0.4859375 0.0671875 0.028125
0 0.77734375 0.46953125 0.0796875 0.0609375
0 0.85703125 0.4328125 0.2859375 0.134375
0 0.67421875 0.0671875 0.0796875 0.0796875
0 0.64921875 0.1625 0.0390625 0.125
0 0.746875 0.1875 0.084375 0.084375
0 0.76484375 0.1578125 0.09140625 0.09140625
0 0.74375 0.34375 0.0765625 0.0796875
0 0.66875 0.37265625 0.06953125 0.06953125
0 0.98203125 0.44453125 0.0359375 0.0671875
0 0.54765625 0.6484375 0.10078125 0.10546875
0 0.284375 0.5546875 0.125 0.109375
0 0.56328125 0.5390625 0.0765625 0.0625
0 0.025 0.89140625 0.05 0.0796875
0 0.3203125 0.78828125 0.07421875 0.0625
0 0.3515625 0.91640625 0.06015625 0.084375