0 0.5140625 0.06640625 0.071875 0.1328125
0 0.5109375 0.20546875 0.078125 0.1078125
0 0.3796875 0.0609375 0.09375 0.10078125
0 0.28515625 0.125 0.10078125 0.12265625
0 0.9390625 0.28359375 0.1 0.0515625
0 0.8328125 0.065625 0.071875 0.0765625
0 0.87421875 0.20625 0.07421875 0.08671875
0 0.7125 0.059375 0.115625 0.11875
0 0.1609375 0.9484375 0.0796875 0.07421875
0 0.24765625 0.8625 0.26171875 0.2328125
0 0.4046875 0.75859375 0.06015625 0.0796875
0 0.50078125 0.871875 0.0625 0.06484375
0 0.3640625 0.36953125 0.10546875 0.11796875
0 0.43125 0.4921875 0.09375 0.0796875
0 0.22578125 0.5265625 0.178125 0.178125
0 0.01171875 0.565625 0.0234375 0.05625
0 0.0421875 0.48359375 0.0625 0.0671875
0 0.3546875 0.95859375 0.05546875 0.05546875
0 0.59453125 0.5296875 0.0890625 0.15
0 0.5765625 0.40625 0.053125 0.159375
0 0.73984375 0.33046875 0.0953125 0.0421875
0 0.56328125 0.7703125 0.0265625 0.103125
0 0.81328125 0.8265625 0.10546875 0.1078125
0 0.8390625 0.59921875 0.09375 0.09609375
0 0.8109375 0.46796875 0.0984375 0.09375
0 0.64140625 0.396875 0.06484375 0.06953125
0 0.65390625 0.51015625 0.06484375 0.06484375