0 0.0734375 0.19765625 0.084375 0.0890625
0 0.04375 0.25078125 0.0875 0.1765625
0 0.11015625 0.3453125 0.103125 0.09140625
0 0.215625 0.36015625 0.125 0.0796875
0 0.34296875 0.12890625 0.0515625 0.2515625
0 0.16015625 0.028125 0.1046875 0.05625
0 0.9421875 0.16875 0.115625 0.1375
0 0.42265625 0.0515625 0.09140625 0.103125
0 0.4140625 0.1609375 0.05546875 0.05078125
0 0.4140625 0.23359375 0.040625 0.0359375
0 0.58515625 0.20078125 0.15625 0.1421875
0 0.7421875 0.32109375 0.515625 0.1578125
0 0.78203125 0.075 0.0890625 0.115625
0 0.7765625 0.02109375 0.10625 0.0421875
0 0.540625 0.0328125 0.05546875 0.05078125
0 0.5078125 0.328125 0.0578125 0.05546875
0 0.9921875 0.03828125 0.015625 0.0578125
0 0.02578125 0.70703125 0.0515625 0.1015625
0 0.13515625 0.796875 0.06015625 0.05546875
0 0.1796875 0.72109375 0.0578125 0.06015625
0 0.346875 0.76953125 0.04375 0.0796875
0 0.3515625 0.66796875 0.034375 0.0796875
0 0.20546875 0.43671875 0.0984375 0.0734375
0 0.12109375 0.4078125 0.0484375 0.015625
0 0.01328125 0.559375 0.0265625 0.071875
0 0.27578125 0.653125 0.05546875 0.05546875
0 0.57421875 0.67109375 0.11796875 0.11328125
0 0.503125 0.94765625 0.115625 0.1046875
0 0.7171875 0.8359375 0.240625 0.240625