0 0.09296875 0.115625 0.1859375 0.146875
0 0.02890625 0.0265625 0.0578125 0.053125
0 0.29296875 0.03203125 0.0796875 0.0640625
0 0.38203125 0.04453125 0.0765625 0.0890625
0 0.21484375 0.19140625 0.0578125 0.06015625
0 0.4484375 0.27265625 0.06953125 0.0796875
0 0.18984375 0.31875 0.08203125 0.0671875
0 0.15234375 0.359375 0.06953125 0.0625
0 0.00703125 0.2328125 0.0140625 0.071875
0 0.02890625 0.303125 0.0578125 0.071875
0 0.271875 0.615625 0.071875 0.0765625
0 0.1984375 0.63828125 0.1125 0.1234375
0 0.59453125 0.61484375 0.0703125 0.1703125
0 0.49609375 0.1 0.0890625 0.09140625
0 0.571875 0.225 0.115625 0.446875
0 0.409375 0.45078125 0.09609375 0.08203125
0 0.26875 0.375 0.0671875 0.06484375
0 0.7078125 0.496875 0.15625 0.284375
0 0.8703125 0.4 0.115625 0.11328125
0 0.81328125 0.4359375 0.1109375 0.11328125
0 0.86796875 0.20078125 0.0796875 0.0796875
0 0.94140625 0.29453125 0.08203125 0.08203125
0 0.9703125 0.2375 0.059375 0.103125
0 0.92265625 0.15234375 0.1546875 0.1734375
0 0.959375 0.0734375 0.08125 0.1125
0 0.98515625 0.646875 0.0296875 0.103125
0 0.41640625 0.8359375 0.0578125 0.06953125
0 0.47578125 0.8875 0.1765625 0.225
0 0.07890625 0.89453125 0.05078125 0.053125
0 0.25234375 0.87421875 0.06484375 0.0796875
0 0.021875 0.72109375 0.04375 0.0421875
0 0.07890625 0.72578125 0.0671875 0.0515625
0 0.159375 0.71640625 0.071875 0.0328125
0 0.30703125 0.73125 0.0671875 0.06015625
0 0.703125 0.96328125 0.10625 0.0734375
0 0.72890625 0.7578125 0.1859375 0.115625
0 0.69921875 0.8234375 0.103125 0.0984375
0 0.65625 0.7875 0.053125 0.103125
0 0.65234375 0.86796875 0.0453125 0.0765625
0 0.759375 0.8234375 0.07421875 0.0765625
0 0.89765625 0.7328125 0.0671875 0.065625
0 0.86484375 0.97734375 0.0640625 0.0453125