0 0.01328125 0.33203125 0.0265625 0.0765625
0 0.01796875 0.175 0.0359375 0.075
0 0.08515625 0.1 0.09375 0.134375
0 0.30078125 0.0453125 0.1765625 0.090625
0 0.36015625 0.3109375 0.18984375 0.21640625
0 0.61171875 0.0546875 0.1390625 0.109375
0 0.83515625 0.040625 0.1078125 0.08125
0 0.48203125 0.10546875 0.0453125 0.0421875
0 0.7296875 0.2859375 0.540625 0.30625
0 0.05859375 0.775 0.1171875 0.303125
0 0.43046875 0.5671875 0.0578125 0.225
0 0.428125 0.72890625 0.0625 0.1109375
0 0.29921875 0.840625 0.16796875 0.1703125
0 0.20703125 0.70234375 0.115625 0.115625
0 0.2921875 0.56640625 0.10078125 0.10078125
0 0.609375 0.51015625 0.25 0.1421875
0 0.65859375 0.55 0.0796875 0.08671875
0 0.4875 0.5171875 0.05625 0.15625
0 0.86953125 0.596875 0.2609375 0.315625
0 0.95703125 0.71484375 0.0859375 0.1078125
0 0.8234375 0.83828125 0.07421875 0.071875
0 0.6625 0.92890625 0.1625 0.1421875
0 0.51875 0.946875 0.11875 0.10625
0 0.49921875 0.66171875 0.0796875 0.1171875