0 0.0484375 0.171875 0.096875 0.2
0 0.265625 0.13671875 0.16328125 0.2328125
0 0.5890625 0.40859375 0.178125 0.1828125
0 0.42578125 0.48828125 0.0921875 0.0609375
0 0.41328125 0.3734375 0.06015625 0.06484375
0 0.48125 0.29765625 0.0578125 0.06484375
0 0.9328125 0.175 0.08203125 0.084375
0 0.7859375 0.22109375 0.103125 0.103125
0 0.4046875 0.1046875 0.05 0.084375
0 0.4546875 0.0875 0.0578125 0.05546875
0 0.54453125 0.05546875 0.05546875 0.05546875
0 0.6609375 0.1453125 0.06953125 0.07421875
0 0.33671875 0.5375 0.0828125 0.0375
0 0.12890625 0.53046875 0.0421875 0.0234375
0 0.1703125 0.54140625 0.0625 0.0453125
0 0.2609375 0.596875 0.06015625 0.053125
0 0.328125 0.6375 0.0671875 0.0484375
0 0.28828125 0.675 0.0625 0.053125
0 0.1265625 0.6765625 0.0984375 0.09609375
0 0.19765625 0.92421875 0.1609375 0.1515625
0 0.16015625 0.81796875 0.09375 0.0796875
0 0.725 0.64375 0.290625 0.25
0 0.4234375 0.88828125 0.0875 0.1421875
0 0.4890625 0.94765625 0.153125 0.1046875
0 0.64296875 0.52890625 0.0578125 0.0203125
0 0.47265625 0.68125 0.06953125 0.0625
0 0.7421875 0.8234375 0.0578125 0.05546875