0 0.66328125 0.0359375 0.0734375 0.071875
0 0.64296875 0.14140625 0.09609375 0.0984375
0 0.57421875 0.175 0.10546875 0.1078125
0 0.60703125 0.01015625 0.0703125 0.0203125
0 0.40859375 0.04921875 0.08671875 0.0890625
0 0.465625 0.19296875 0.1078125 0.1078125
0 0.253125 0.21484375 0.50625 0.4296875
0 0.3140625 0.39453125 0.084375 0.0703125
0 0.09296875 0.41796875 0.1078125 0.0234375
0 0.05 0.3734375 0.09140625 0.09140625
0 0.028125 0.37109375 0.05625 0.1171875
0 0.92109375 0.01953125 0.0640625 0.0390625
0 0.86484375 0.0640625 0.0796875 0.08671875
0 0.96953125 0.19765625 0.0609375 0.0765625
0 0.8828125 0.346875 0.06015625 0.06484375
0 0.6109375 0.4515625 0.05625 0.04375
0 0.66796875 0.48671875 0.0640625 0.1140625
0 0.39453125 0.5359375 0.09140625 0.09609375
0 0.30078125 0.4671875 0.0796875 0.075
0 0.2234375 0.59453125 0.09140625 0.11328125
0 0.24140625 0.70859375 0.05546875 0.053125
0 0.0984375 0.74765625 0.06484375 0.06484375
0 0.12890625 0.8109375 0.084375 0.09140625
0 0.0578125 0.8640625 0.115625 0.11875
0 0.22109375 0.93359375 0.0796875 0.0796875
0 0.59765625 0.7765625 0.0890625 0.0890625
0 0.953125 0.9140625 0.09140625 0.09609375
0 0.77890625 0.88203125 0.1578125 0.1859375
0 0.75078125 0.72890625 0.1015625 0.2046875
0 0.96328125 0.465625 0.0734375 0.071875