0 0.203125 0.08984375 0.23125 0.1796875
0 0.15703125 0.2953125 0.103125 0.12265625
0 0.3140625 0.3578125 0.071875 0.0890625
0 0.03125 0.3828125 0.0625 0.084375
0 0.01640625 0.14296875 0.0328125 0.0890625
0 0.0875 0.09921875 0.0765625 0.08671875
0 0.3734375 0.19375 0.08671875 0.1078125
0 0.5671875 0.11328125 0.09375 0.10546875
0 0.628125 0.01484375 0.01875 0.0296875
0 0.7875 0.025 0.15625 0.05
0 0.84375 0.23515625 0.3125 0.4296875
0 0.7109375 0.10625 0.0578125 0.05546875
0 0.09453125 0.60078125 0.07421875 0.0796875
0 0.2 0.46484375 0.096875 0.0296875
0 0.2671875 0.47734375 0.075 0.0546875
0 0.33515625 0.465625 0.0671875 0.03125
0 0.553125 0.4703125 0.103125 0.040625
0 0.56953125 0.9375 0.0984375 0.06875
0 0.42421875 0.96875 0.0671875 0.0625
0 0.09609375 0.8625 0.05546875 0.06484375
0 0.05 0.940625 0.05078125 0.053125
0 0.18984375 0.59921875 0.06953125 0.06015625
0 0.29296875 0.63203125 0.05546875 0.053125
0 0.3890625 0.53671875 0.0625 0.0578125
0 0.60390625 0.55390625 0.0296875 0.0484375
0 0.56875 0.59453125 0.053125 0.0484375
0 0.9078125 0.515625 0.134375 0.13125
0 0.975 0.6515625 0.05 0.0875
0 0.9296875 0.6875 0.053125 0.053125
0 0.76484375 0.7796875 0.053125 0.053125
0 0.91171875 0.94453125 0.084375 0.09375