0 0.10703125 0.26640625 0.2140625 0.2859375
0 0.53046875 0.25390625 0.1765625 0.1578125
0 0.56640625 0.059375 0.1046875 0.11875
0 0.11015625 0.05078125 0.05546875 0.0671875
0 0.646875 0.02421875 0.05625 0.0484375
0 0.65546875 0.1734375 0.0734375 0.084375
0 0.73515625 0.14140625 0.06953125 0.071875
0 0.9390625 0.14296875 0.121875 0.1265625
0 0.871875 0.4015625 0.175 0.134375
0 0.97109375 0.26171875 0.0578125 0.1421875
0 0.77890625 0.334375 0.09609375 0.09375
0 0.875 0.2671875 0.0890625 0.0890625
0 0.98203125 0.44375 0.0359375 0.05
0 0.9734375 0.35390625 0.053125 0.0796875
0 0.66953125 0.45859375 0.0859375 0.0203125
0 0.75234375 0.4578125 0.0734375 0.021875
0 0.14140625 0.4984375 0.2203125 0.059375
0 0.2484375 0.496875 0.065625 0.05625
0 0.33828125 0.52890625 0.06953125 0.0671875
0 0.48046875 0.490625 0.1171875 0.04375
0 0.55703125 0.4859375 0.0703125 0.034375
0 0.0578125 0.71640625 0.06015625 0.06953125
0 0.10703125 0.67421875 0.08671875 0.0890625
0 0.0984375 0.5890625 0.06484375 0.0578125
0 0.18671875 0.5671875 0.071875 0.0984375
0 0.15390625 0.84140625 0.115625 0.12734375
0 0.40078125 0.9796875 0.0546875 0.040625
0 0.46796875 0.92421875 0.06484375 0.0625
0 0.5421875 0.92578125 0.06484375 0.06015625
0 0.46640625 0.865625 0.053125 0.0578125
0 0.53984375 0.78125 0.06953125 0.06953125
0 0.5859375 0.70703125 0.065625 0.0890625
0 0.45 0.71328125 0.0578125 0.06015625
0 0.48828125 0.6171875 0.08203125 0.06484375
0 0.4578125 0.55546875 0.05546875 0.0578125
0 0.38984375 0.59140625 0.0484375 0.05546875
0 0.1984375 0.6734375 0.03359375 0.0578125
0 0.2390625 0.66953125 0.0484375 0.0578125
0 0.76171875 0.4828125 0.1296875 0.028125
0 0.765625 0.72890625 0.071875 0.0765625
0 0.71015625 0.77890625 0.1828125 0.2640625
0 0.940625 0.7875 0.08203125 0.0890625
0 0.89609375 0.6390625 0.08203125 0.06953125
0 0.8359375 0.528125 0.08203125 0.08203125