0 0.3703125 0.07265625 0.259375 0.1453125
0 0.134375 0.353125 0.26875 0.171875
0 0.3515625 0.24453125 0.11796875 0.125
0 0.18984375 0.25390625 0.084375 0.0890625
0 0.5125 0.41640625 0.09375 0.0453125
0 0.453125 0.36328125 0.084375 0.08671875
0 0.54453125 0.15859375 0.0890625 0.0984375
0 0.4671875 0.090625 0.08671875 0.0890625
0 0.17734375 0.090625 0.10078125 0.1078125
0 0.678125 0.11640625 0.10078125 0.11328125
0 0.7578125 0.215625 0.0796875 0.06953125
0 0.88984375 0.3203125 0.103125 0.1296875
0 0.9453125 0.4046875 0.109375 0.06875
0 0.98671875 0.24453125 0.0265625 0.0671875
0 0.09765625 0.60234375 0.12734375 0.12734375
0 0.1328125 0.615625 0.053125 0.0578125
0 0.0140625 0.55390625 0.028125 0.0640625
0 0.02734375 0.4921875 0.0546875 0.075
0 0.11328125 0.45859375 0.0796875 0.0390625
0 0.08046875 0.97734375 0.0859375 0.0453125
0 0.090625 0.93671875 0.071875 0.06953125
0 0.09140625 0.9015625 0.06484375 0.06015625
0 0.0453125 0.80625 0.090625 0.096875
0 0.090625 0.83125 0.0890625 0.09140625
0 0.07265625 0.75390625 0.06953125 0.071875
0 0.30234375 0.61328125 0.10078125 0.0984375
0 0.31875 0.7671875 0.0765625 0.09140625
0 0.425 0.61015625 0.0984375 0.103125
0 0.4 0.46953125 0.1375 0.0609375
0 0.5390625 0.68203125 0.07421875 0.08203125
0 0.57734375 0.67578125 0.0234375 0.0671875
0 0.51015625 0.62421875 0.071875 0.07421875
0 0.55859375 0.53125 0.0609375 0.075
0 0.4234375 0.8734375 0.08671875 0.0890625
0 0.49453125 0.9453125 0.06484375 0.071875
0 0.55703125 0.97421875 0.0640625 0.0515625
0 0.96171875 0.559375 0.0765625 0.240625
0 0.65390625 0.5546875 0.1296875 0.15
0 0.62109375 0.753125 0.0640625 0.1375
0 0.93125 0.86796875 0.0578125 0.0796875
0 0.7453125 0.8921875 0.06484375 0.07421875