0 0.40546875 0.11171875 0.2265625 0.2234375
0 0.07578125 0.02890625 0.1515625 0.0578125
0 0.459375 0.33203125 0.09375 0.0359375
0 0.36484375 0.2546875 0.06484375 0.07421875
0 0.24921875 0.32421875 0.0765625 0.0515625
0 0.0640625 0.31015625 0.084375 0.0796875
0 0.61015625 0.30859375 0.1109375 0.0828125
0 0.56015625 0.3015625 0.0828125 0.096875
0 0.66484375 0.153125 0.2921875 0.30625
0 0.39453125 0.96796875 0.06015625 0.06015625
0 0.47421875 0.90703125 0.0890625 0.1109375
0 0.321875 0.86484375 0.071875 0.0765625
0 0.1625 0.853125 0.103125 0.0890625
0 0.1 0.9203125 0.0578125 0.0625
0 0.0375 0.7328125 0.075 0.11875
0 0.29296875 0.7515625 0.07421875 0.071875
0 0.26953125 0.67265625 0.0984375 0.06953125
0 0.346875 0.575 0.06015625 0.0578125
0 0.42265625 0.63046875 0.0484375 0.0578125
0 0.36875 0.478125 0.08671875 0.09609375
0 0.5078125 0.40546875 0.021875 0.1078125
0 0.103125 0.3671875 0.0484375 0.03359375
0 0.62421875 0.50390625 0.2109375 0.2453125
0 0.8328125 0.66953125 0.0890625 0.08203125
0 0.9265625 0.6390625 0.0671875 0.103125
0 0.87109375 0.5296875 0.0765625 0.0796875
0 0.9375 0.44296875 0.0671875 0.0578125
0 0.6953125 0.7234375 0.05546875 0.06484375
0 0.990625 0.62421875 0.01875 0.0703125
0 0.60078125 0.82421875 0.06953125 0.0671875