0 0.13671875 0.12109375 0.2453125 0.2421875
0 0.64296875 0.25625 0.1703125 0.125
0 0.5484375 0.12265625 0.0796875 0.0796875
0 0.6140625 0.0765625 0.0796875 0.071875
0 0.87265625 0.07421875 0.05546875 0.053125
0 0.796875 0.1625 0.0625 0.0625
0 0.78984375 0.26796875 0.0453125 0.0578125
0 0.92421875 0.30625 0.0484375 0.025
0 0.4453125 0.13671875 0.040625 0.0484375
0 0.01328125 0.65859375 0.0265625 0.0609375
0 0.32734375 0.55 0.1046875 0.10625
0 0.15078125 0.44921875 0.3015625 0.2609375
0 0.95703125 0.74296875 0.0859375 0.1953125
0 0.41796875 0.60234375 0.0765625 0.1109375
0 0.71171875 0.82265625 0.115625 0.1109375
0 0.43359375 0.96171875 0.1078125 0.0765625
0 0.56328125 0.98046875 0.0671875 0.0390625
0 0.55546875 0.62578125 0.1078125 0.1109375
0 0.6703125 0.384375 0.0765625 0.07421875
0 0.6265625 0.52109375 0.0796875 0.084375
0 0.98671875 0.96875 0.0265625 0.0625
0 0.79921875 0.37734375 0.1234375 0.1171875
0 0.88515625 0.84453125 0.084375 0.07421875
0 0.87578125 0.940625 0.06953125 0.05546875
0 0.81328125 0.909375 0.053125 0.0578125
0 0.6375 0.8921875 0.0578125 0.05546875
0 0.4078125 0.85859375 0.05625 0.0671875