0 0.1953125 0.0828125 0.08671875 0.10078125
0 0.309375 0.1734375 0.09375 0.11328125
0 0.2125 0.4734375 0.125 0.03125
0 0.0359375 0.453125 0.071875 0.071875
0 0.4046875 0.234375 0.07421875 0.071875
0 0.48671875 0.0640625 0.0640625 0.1
0 0.7921875 0.21484375 0.240625 0.22109375
0 0.98125 0.17578125 0.0375 0.0921875
0 0.96015625 0.36796875 0.0796875 0.1390625
0 0.55625 0.1875 0.075 0.1125
0 0.6234375 0.27578125 0.06484375 0.0671875
0 0.47734375 0.628125 0.0828125 0.240625
0 0.4234375 0.75234375 0.190625 0.2046875
0 0.38203125 0.8546875 0.115625 0.11328125
0 0.3578125 0.63828125 0.0984375 0.0984375
0 0.34140625 0.96875 0.1265625 0.0625
0 0.134375 0.8359375 0.1203125 0.12265625
0 0.09921875 0.67578125 0.1984375 0.2046875
0 0.0546875 0.51953125 0.109375 0.0609375
0 0.08203125 0.93125 0.1640625 0.1375
0 0.7484375 0.49765625 0.075 0.0171875
0 0.80390625 0.50390625 0.0703125 0.0296875
0 0.9359375 0.5015625 0.084375 0.025
0 0.63046875 0.91484375 0.11328125 0.11328125
0 0.66640625 0.68515625 0.09609375 0.09609375
0 0.74609375 0.9640625 0.0734375 0.071875
0 0.7578125 0.809375 0.05546875 0.06484375