0 0.2 0.0984375 0.2375 0.196875
0 0.09296875 0.5265625 0.1390625 0.046875
0 0.16171875 0.32421875 0.09375 0.09609375
0 0.3796875 0.3140625 0.09140625 0.09140625
0 0.41328125 0.23125 0.0984375 0.09140625
0 0.3734375 0.075 0.109375 0.15
0 0.75390625 0.08203125 0.09609375 0.09609375
0 0.6828125 0.1171875 0.07421875 0.06953125
0 0.97734375 0.01015625 0.0453125 0.0203125
0 0.8234375 0.303125 0.071875 0.07421875
0 0.17421875 0.68671875 0.0984375 0.09375
0 0.06875 0.871875 0.09140625 0.09609375
0 0.0390625 0.5890625 0.078125 0.078125
0 0.2734375 0.940625 0.0578125 0.05546875
0 0.86640625 0.57734375 0.0890625 0.0546875
0 0.853125 0.609375 0.0484375 0.05078125
0 0.65 0.721875 0.11328125 0.1203125
0 0.5609375 0.77890625 0.0625 0.0671875
0 0.584375 0.85 0.0984375 0.1109375
0 0.66640625 0.96328125 0.0796875 0.0734375
0 0.71953125 0.93515625 0.0484375 0.06015625
0 0.83203125 0.7296875 0.26171875 0.271875