0 0.56328125 0.153125 0.07421875 0.06953125
0 0.47109375 0.3265625 0.12265625 0.12734375
0 0.36171875 0.41015625 0.05546875 0.05546875
0 0.55625 0.5296875 0.05078125 0.0578125
0 0.1171875 0.20859375 0.234375 0.2921875
0 0.37734375 0.01953125 0.0671875 0.0390625
0 0.903125 0.72578125 0.0625 0.0265625
0 0.803125 0.65546875 0.196875 0.1671875
0 0.70078125 0.53046875 0.06953125 0.0796875
0 0.765625 0.5234375 0.07421875 0.07421875
0 0.8390625 0.35703125 0.06484375 0.06484375
0 0.79453125 0.25859375 0.16328125 0.13671875
0 0.93125 0.22265625 0.09140625 0.115625
0 0.80546875 0.1265625 0.08203125 0.0984375
0 0.63046875 0.28359375 0.0234375 0.0734375
0 0.63671875 0.346875 0.0359375 0.040625
0 0.63828125 0.51953125 0.0390625 0.0671875
0 0.4953125 0.86953125 0.246875 0.2609375
0 0.34765625 0.75625 0.0765625 0.034375
0 0.278125 0.78984375 0.06015625 0.06484375
0 0.0234375 0.8734375 0.046875 0.103125
0 0.15390625 0.87109375 0.2421875 0.2578125
0 0.871875 0.81171875 0.0765625 0.103125
0 0.6453125 0.81796875 0.053125 0.0984375
0 0.971875 0.9578125 0.05625 0.084375
0 0.734375 0.88359375 0.040625 0.05078125