0 0.30078125 0.18984375 0.2984375 0.3796875
0 0.28203125 0.028125 0.0890625 0.05625
0 0.1765625 0.05078125 0.103125 0.1015625
0 0.03828125 0.234375 0.0765625 0.0875
0 0.075 0.39296875 0.15 0.1515625
0 0.29296875 0.40234375 0.0765625 0.0765625
0 0.31171875 0.35546875 0.0671875 0.0671875
0 0.24296875 0.45625 0.0640625 0.046875
0 0.92734375 0.09375 0.1453125 0.1875
0 0.76796875 0.45078125 0.0765625 0.0578125
0 0.4953125 0.10625 0.0625 0.06015625
0 0.4671875 0.37421875 0.034375 0.0671875
0 0.59140625 0.1671875 0.09609375 0.09609375
0 0.72265625 0.325 0.0578125 0.053125
0 0.02578125 0.6375 0.0515625 0.10625
0 0.1125 0.75234375 0.0796875 0.0796875
0 0.27734375 0.87734375 0.06953125 0.09375
0 0.17890625 0.9578125 0.0578125 0.053125
0 0.30625 0.69609375 0.0796875 0.103125
0 0.3578125 0.5578125 0.05078125 0.0625
0 0.16640625 0.51484375 0.0453125 0.0453125
0 0.44453125 0.91015625 0.0109375 0.0671875
0 0.74375 0.88359375 0.196875 0.2328125
0 0.5359375 0.5453125 0.165625 0.13125
0 0.721875 0.63828125 0.1296875 0.13203125
0 0.70234375 0.515625 0.3171875 0.071875
0 0.8796875 0.609375 0.1296875 0.1515625