0 0.46796875 0.5375 0.3328125 0.184375
0 0.6 0.43515625 0.1 0.1109375
0 0.36171875 0.3390625 0.0984375 0.09609375
0 0.19921875 0.43828125 0.165625 0.16796875
0 0.06640625 0.45546875 0.07421875 0.071875
0 0.17265625 0.621875 0.0703125 0.015625
0 0.06328125 0.1734375 0.1265625 0.346875
0 0.5484375 0.07578125 0.1390625 0.14453125
0 0.27890625 0.11875 0.09609375 0.10078125
0 0.6265625 0.225 0.046875 0.125
0 0.97890625 0.51484375 0.0421875 0.1171875
0 0.98046875 0.23203125 0.0390625 0.0859375
0 0.6609375 0.05703125 0.021875 0.0640625
0 0.35703125 0.9453125 0.0890625 0.08671875
0 0.15390625 0.9703125 0.2140625 0.059375
0 0.17734375 0.92890625 0.1609375 0.1421875
0 0.06328125 0.809375 0.1265625 0.134375
0 0.23671875 0.85 0.0796875 0.0796875
0 0.2203125 0.81875 0.07421875 0.0765625
0 0.35859375 0.740625 0.08671875 0.09140625
0 0.58671875 0.65859375 0.1078125 0.0578125
0 0.5375 0.7171875 0.0578125 0.06484375
0 0.48125 0.9046875 0.09140625 0.09609375
0 0.45 0.85234375 0.0796875 0.07421875
0 0.13125 0.65703125 0.071875 0.0546875
0 0.240625 0.7375 0.07421875 0.0765625
0 0.228125 0.67578125 0.1875 0.0921875
0 0.9796875 0.77265625 0.040625 0.1078125
0 0.93046875 0.8078125 0.13671875 0.1296875
0 0.9328125 0.97421875 0.096875 0.0515625