0 0.16875 0.01875 0.06875 0.0375
0 0.0359375 0.12109375 0.071875 0.0796875
0 0.115625 0.37890625 0.07421875 0.0671875
0 0.36953125 0.5640625 0.1046875 0.071875
0 0.95390625 0.3 0.0921875 0.2
0 0.82734375 0.0234375 0.0734375 0.046875
0 0.66640625 0.19765625 0.084375 0.0984375
0 0.73828125 0.19296875 0.05546875 0.0796875
0 0.6640625 0.0453125 0.0625 0.0625
0 0.5265625 0.5015625 0.053125 0.0625
0 0.6140625 0.475 0.071875 0.071875
0 0.77265625 0.58828125 0.0453125 0.0234375
0 0.8171875 0.54140625 0.053125 0.05078125
0 0.91484375 0.4859375 0.0578125 0.06953125
0 0.875 0.3109375 0.05546875 0.0578125
0 0.43515625 0.85859375 0.0890625 0.1046875
0 0.1640625 0.6390625 0.084375 0.078125
0 0.37578125 0.646875 0.1328125 0.09375
0 0.046875 0.9296875 0.09375 0.140625
0 0.5 0.6484375 0.040625 0.08125
0 0.65078125 0.7953125 0.0890625 0.0984375
0 0.721875 0.98203125 0.0625 0.0359375