0 0.10625 0.23125 0.125 0.12734375
0 0.26328125 0.0546875 0.1484375 0.109375
0 0.0453125 0.15390625 0.08671875 0.08203125
0 0.02421875 0.09296875 0.0484375 0.0796875
0 0.34453125 0.23203125 0.084375 0.08203125
0 0.378125 0.34453125 0.084375 0.0890625
0 0.66015625 0.25078125 0.3328125 0.2765625
0 0.44296875 0.31796875 0.0265625 0.1109375
0 0.9296875 0.07265625 0.103125 0.10546875
0 0.97109375 0.1640625 0.0578125 0.10625
0 0.984375 0.3484375 0.03125 0.08125
0 0.20859375 0.90625 0.125 0.09609375
0 0.19375 0.5515625 0.08671875 0.10078125
0 0.1078125 0.61015625 0.0453125 0.06015625
0 0.14609375 0.7078125 0.06484375 0.0578125
0 0.06171875 0.8109375 0.05078125 0.06484375
0 0.3 0.8578125 0.03125 0.04296875
0 0.2765625 0.98984375 0.053125 0.0203125
0 0.47890625 0.90390625 0.0984375 0.1765625
0 0.65625 0.88125 0.10546875 0.103125
0 0.57109375 0.71015625 0.0578125 0.06015625
0 0.9703125 0.77421875 0.059375 0.0640625