0 0.3890625 0.3734375 0.0890625 0.0890625
0 0.15625 0.45546875 0.1109375 0.10078125
0 0.15390625 0.5546875 0.0796875 0.05
0 0.40234375 0.46640625 0.0671875 0.053125
0 0.4015625 0.53515625 0.0578125 0.05546875
0 0.1890625 0.2546875 0.06484375 0.053125
0 0.21640625 0.1453125 0.053125 0.071875
0 0.93828125 0.27734375 0.1203125 0.1078125
0 0.89140625 0.3640625 0.08671875 0.071875
0 0.990625 0.5328125 0.01875 0.071875
0 0.74453125 0.09296875 0.0625 0.06015625
0 0.67265625 0.08359375 0.05078125 0.0578125
0 0.83359375 0.09453125 0.040625 0.0484375
0 0.7140625 0.0125 0.1125 0.025
0 0.48515625 0.16171875 0.0328125 0.0484375
0 0.58984375 0.4234375 0.084375 0.0796875
0 0.728125 0.39765625 0.03828125 0.04296875
0 0.0375 0.71953125 0.075 0.1671875
0 0.25234375 0.6859375 0.3203125 0.2125
0 0.3671875 0.83359375 0.1921875 0.1828125
0 0.35546875 0.9265625 0.1609375 0.146875
0 0.05859375 0.84140625 0.084375 0.0890625
0 0.81484375 0.946875 0.0796875 0.10078125
0 0.78828125 0.6390625 0.1328125 0.11875
0 0.5 0.75859375 0.05546875 0.0625
0 0.4890625 0.68828125 0.040625 0.0859375
0 0.6125 0.93359375 0.125 0.1328125
0 0.9546875 0.75703125 0.090625 0.0796875
0 0.65625 0.60703125 0.221875 0.0546875