0 0.040625 0.45078125 0.08125 0.1203125
0 0.28046875 0.534375 0.1390625 0.05
0 0.0203125 0.54296875 0.040625 0.0328125
0 0.27109375 0.32890625 0.08203125 0.071875
0 0.253125 0.190625 0.06953125 0.09375
0 0.45390625 0.16328125 0.084375 0.1109375
0 0.5953125 0.175 0.2140625 0.209375
0 0.75078125 0.1515625 0.09609375 0.09609375
0 0.68671875 0.06953125 0.06015625 0.0796875
0 0.6015625 0.046875 0.04296875 0.0453125
0 0.5078125 0.3890625 0.0671875 0.06484375
0 0.41796875 0.04453125 0.0359375 0.0453125
0 0.825 0.0515625 0.053125 0.0625
0 0.86484375 0.05 0.0578125 0.06484375
0 0.3234375 0.98125 0.153125 0.0375
0 0.21171875 0.7921875 0.2453125 0.2359375
0 0.715625 0.87265625 0.18515625 0.1921875
0 0.63515625 0.77734375 0.10078125 0.103125
0 0.5359375 0.8109375 0.115625 0.12265625
0 0.471875 0.82890625 0.1078125 0.11328125
0 0.80390625 0.63203125 0.11796875 0.1203125
0 0.7078125 0.65703125 0.08671875 0.08671875
0 0.71953125 0.58125 0.0984375 0.04375
0 0.415625 0.671875 0.03125 0.084375