0 0.46171875 0.3390625 0.0140625 0.065625
0 0.4046875 0.2734375 0.0625 0.06484375
0 0.3421875 0.1921875 0.0625 0.07421875
0 0.43984375 0.07421875 0.0578125 0.0765625
0 0.1109375 0.1078125 0.08671875 0.0796875
0 0.040625 0.0796875 0.03359375 0.04296875
0 0.1125 0.00859375 0.08125 0.0171875
0 0.1546875 0.04296875 0.040625 0.040625
0 0.01796875 0.12109375 0.0359375 0.0796875
0 0.0375 0.38203125 0.075 0.1296875
0 0.08671875 0.3671875 0.07421875 0.06484375
0 0.1390625 0.2953125 0.06484375 0.06484375
0 0.09375 0.25703125 0.0578125 0.0796875
0 0.046875 0.21796875 0.05078125 0.05078125
0 0.196875 0.18828125 0.040625 0.040625
0 0.1296875 0.4546875 0.0671875 0.05078125
0 0.05703125 0.5921875 0.1140625 0.115625
0 0.2875 0.371875 0.2640625 0.209375
0 0.3640625 0.41796875 0.084375 0.08671875
0 0.3953125 0.5140625 0.08671875 0.084375
0 0.30078125 0.4984375 0.0578125 0.0578125
0 0.3328125 0.6015625 0.06484375 0.0671875
0 0.2890625 0.64921875 0.0875 0.0390625
0 0.9234375 0.20546875 0.0796875 0.08203125
0 0.7390625 0.56484375 0.13671875 0.125
0 0.6046875 0.578125 0.09375 0.10546875
0 0.8140625 0.621875 0.05546875 0.04296875
0 0.82109375 0.6546875 0.0546875 0.028125
0 0.7125 0.15859375 0.09140625 0.0765625
0 0.08671875 0.78515625 0.08671875 0.0984375
0 0.03203125 0.7265625 0.0640625 0.115625
0 0.13828125 0.96328125 0.1078125 0.0734375