0 0.028125 0.53984375 0.05625 0.0828125
0 0.07734375 0.6125 0.0796875 0.053125
0 0.4421875 0.59296875 0.075 0.0921875
0 0.40859375 0.61015625 0.0890625 0.0578125
0 0.3921875 0.52734375 0.0796875 0.0671875
0 0.45390625 0.41640625 0.0515625 0.1453125
0 0.2171875 0.5328125 0.3125 0.2125
0 0.15703125 0.5 0.10546875 0.10546875
0 0.153125 0.39765625 0.10546875 0.10546875
0 0.23984375 0.43984375 0.06953125 0.06953125
0 0.2375 0.33203125 0.08203125 0.08203125
0 0.2984375 0.27265625 0.1078125 0.1109375
0 0.3671875 0.2703125 0.0625 0.05546875
0 0.39453125 0.22109375 0.05546875 0.0625
0 0.23828125 0.17890625 0.071875 0.06953125
0 0.025 0.37265625 0.05 0.0890625
0 0.06171875 0.3375 0.06484375 0.0578125
0 0.0796875 0.3140625 0.05078125 0.05078125
0 0.1109375 0.13671875 0.08671875 0.0890625
0 0.08046875 0.0140625 0.1234375 0.028125
0 0.29375 0.0265625 0.084375 0.053125
0 0.4625 0.1578125 0.034375 0.075
0 0.8609375 0.09921875 0.278125 0.1984375
0 0.55 0.5734375 0.140625 0.13125
0 0.59140625 0.20078125 0.165625 0.165625
0 0.63203125 0.4640625 0.1609375 0.1609375
0 0.89765625 0.575 0.1109375 0.1109375
0 0.76328125 0.496875 0.1203125 0.1203125
0 0.95234375 0.49609375 0.0953125 0.1921875
0 0.69921875 0.0640625 0.115625 0.115625
0 0.61796875 0.0203125 0.0921875 0.040625
0 0.59765625 0.0625 0.08203125 0.08203125
0 0.503125 0.19765625 0.046875 0.0828125
0 0.18984375 0.8265625 0.11796875 0.12734375
0 0.27421875 0.884375 0.11328125 0.11328125
0 0.30390625 0.68828125 0.07421875 0.07421875
0 0.35625 0.7375 0.0625 0.0625
0 0.65 0.8765625 0.134375 0.12734375
0 0.74609375 0.95234375 0.0953125 0.0953125