0 0.165625 0.2796875 0.128125 0.21875
0 0.1796875 0.459375 0.1 0.3
0 0.171875 0.14375 0.115625 0.20625
0 0.0875 0.1734375 0.0984375 0.10078125
0 0.41953125 0.46953125 0.14453125 0.146875
0 0.28984375 0.3953125 0.0890625 0.09140625
0 0.3484375 0.34453125 0.0984375 0.0984375
0 0.34375 0.2578125 0.1296875 0.13203125
0 0.53984375 0.22421875 0.125 0.125
0 0.95234375 0.14921875 0.0953125 0.1515625
0 0.965625 0.27890625 0.06875 0.1078125
0 0.89296875 0.56015625 0.1515625 0.0984375
0 0.71015625 0.50078125 0.115625 0.115625
0 0.77734375 0.21796875 0.09609375 0.09609375
0 0.57265625 0.0375 0.0984375 0.075
0 0.90234375 0.965625 0.1140625 0.06875
0 0.78828125 0.9703125 0.0671875 0.059375
0 0.72890625 0.86640625 0.0578125 0.05546875
0 0.88984375 0.7421875 0.084375 0.0890625
0 0.93203125 0.72890625 0.0671875 0.0625
0 0.97734375 0.7546875 0.0453125 0.071875
0 0.38203125 0.628125 0.1421875 0.0375
0 0.478125 0.67734375 0.0890625 0.084375
0 0.52265625 0.79140625 0.06015625 0.06484375
0 0.59296875 0.78828125 0.053125 0.053125
0 0.803125 0.640625 0.071875 0.0625
0 0.32265625 0.74453125 0.0578125 0.06953125
0 0.346875 0.81484375 0.06015625 0.06015625
0 0.26953125 0.6921875 0.0796875 0.096875
0 0.52421875 0.94765625 0.1171875 0.1046875
0 0.5875 0.95546875 0.0484375 0.0578125
0 0.2625 0.9875 0.065625 0.025
0 0.246875 0.95546875 0.034375 0.0578125
0 0.5984375 0.6765625 0.0578125 0.0625