0 0.16640625 0.43359375 0.1046875 0.0703125
0 0.2359375 0.29765625 0.053125 0.06484375
0 0.0125 0.43828125 0.025 0.0609375
0 0.05078125 0.45234375 0.0796875 0.0328125
0 0.3765625 0.16015625 0.084375 0.1515625
0 0.38203125 0.3640625 0.0734375 0.209375
0 0.31796875 0.06796875 0.1546875 0.1359375
0 0.0828125 0.353125 0.053125 0.0484375
0 0.10703125 0.3875 0.053125 0.0671875
0 0.51328125 0.40390625 0.1890625 0.1296875
0 0.6515625 0.01171875 0.23125 0.0234375
0 0.59453125 0.0984375 0.13203125 0.13203125
0 0.83125 0.05078125 0.06015625 0.06015625
0 0.86875 0.0828125 0.0578125 0.06484375
0 0.690625 0.16015625 0.0796875 0.08203125
0 0.62578125 0.21640625 0.10078125 0.09609375
0 0.86875 0.1828125 0.10078125 0.0984375
0 0.96953125 0.25859375 0.0609375 0.0890625
0 0.43046875 0.290625 0.0234375 0.0625
0 0.6640625 0.2921875 0.1078125 0.10546875
0 0.6390625 0.375 0.07421875 0.0796875
0 0.77109375 0.2625 0.08203125 0.084375
0 0.778125 0.403125 0.0578125 0.06015625
0 0.96328125 0.359375 0.0734375 0.15625
0 0.87109375 0.44296875 0.2109375 0.0515625
0 0.43828125 0.00859375 0.0390625 0.0171875
0 0.0828125 0.52578125 0.125 0.1140625
0 0.3359375 0.63046875 0.0890625 0.08203125
0 0.85 0.4859375 0.084375 0.034375
0 0.771875 0.65703125 0.06015625 0.06484375
0 0.43125 0.52890625 0.025 0.0453125
0 0.43046875 0.840625 0.0234375 0.115625
0 0.68046875 0.6921875 0.06484375 0.10078125
0 0.57578125 0.67890625 0.06015625 0.07421875
0 0.71796875 0.8375 0.06953125 0.0796875
0 0.64296875 0.8015625 0.04296875 0.05078125
0 0.6765625 0.9109375 0.0578125 0.04296875