0 0.21875 0.4578125 0.15625 0.15625
0 0.0640625 0.38359375 0.08203125 0.084375
0 0.1234375 0.03828125 0.10625 0.0765625
0 0.17578125 0.0734375 0.09140625 0.09140625
0 0.3265625 0.33359375 0.065625 0.1203125
0 0.31171875 0.40546875 0.0953125 0.1265625
0 0.2421875 0.1625 0.08671875 0.08671875
0 0.3203125 0.2140625 0.078125 0.09375
0 0.2140625 0.32578125 0.06953125 0.06953125
0 0.2203125 0.36796875 0.084375 0.084375
0 0.98125 0.13671875 0.0375 0.0859375
0 0.5875 0.29921875 0.08203125 0.08671875
0 0.39140625 0.54453125 0.0640625 0.0703125
0 0.803125 0.553125 0.196875 0.053125
0 0.9125 0.4984375 0.175 0.1625
0 0.8015625 0.16015625 0.09375 0.10078125
0 0.909375 0.03203125 0.0625 0.0640625
0 0.63125 0.11640625 0.1703125 0.2046875
0 0.509375 0.02578125 0.1875 0.0515625
0 0.48359375 0.17109375 0.0765625 0.0796875
0 0.5640625 0.45078125 0.06484375 0.0671875
0 0.5078125 0.528125 0.24375 0.103125
0 0.42734375 0.3640625 0.1359375 0.353125
0 0.1203125 0.7046875 0.06484375 0.0671875
0 0.14140625 0.8796875 0.0578125 0.053125
0 0.3109375 0.94375 0.084375 0.10078125
0 0.32421875 0.646875 0.0625 0.0625
0 0.3265625 0.7125 0.05546875 0.0453125
0 0.21328125 0.63125 0.1296875 0.103125
0 0.26875 0.62421875 0.0578125 0.08203125
0 0.928125 0.9109375 0.14375 0.178125
0 0.73984375 0.95234375 0.0671875 0.0953125
0 0.6890625 0.8125 0.0890625 0.09375
0 0.646875 0.8515625 0.05546875 0.053125
0 0.52421875 0.81171875 0.05546875 0.05546875
0 0.48828125 0.92734375 0.071875 0.07421875
0 0.9703125 0.73515625 0.059375 0.1109375
0 0.41484375 0.66484375 0.08203125 0.10078125
0 0.37109375 0.68671875 0.0234375 0.0765625
0 0.60234375 0.69765625 0.06953125 0.06953125
0 0.57890625 0.990625 0.0515625 0.01875