0 0.059375 0.0546875 0.09375 0.109375
0 0.23515625 0.05390625 0.1046875 0.1078125
0 0.88203125 0.134375 0.09609375 0.08203125
0 0.746875 0.021875 0.05 0.04375
0 0.5875 0.490625 0.09375 0.103125
0 0.646875 0.509375 0.07421875 0.0796875
0 0.7015625 0.57734375 0.103125 0.0890625
0 0.36875 0.309375 0.078125 0.0875
0 0.4671875 0.51484375 0.09375 0.09609375
0 0.3578125 0.61953125 0.05625 0.0609375
0 0.70078125 0.228125 0.2953125 0.353125
0 0.05234375 0.9484375 0.09140625 0.09375
0 0.06796875 0.68671875 0.0890625 0.0734375
0 0.12890625 0.7859375 0.17578125 0.1703125
0 0.25859375 0.8015625 0.0671875 0.071875
0 0.46796875 0.84296875 0.17578125 0.15625
0 0.61875 0.821875 0.125 0.115625
0 0.709375 0.72890625 0.16796875 0.1421875
0 0.84296875 0.896875 0.0671875 0.08203125
0 0.9015625 0.884375 0.08671875 0.0796875
0 0.98203125 0.78828125 0.0359375 0.0828125
0 0.353125 0.73671875 0.046875 0.0890625