0 0.640625 0.0671875 0.08125 0.084375
0 0.7015625 0.1734375 0.1421875 0.1421875
0 0.72890625 0.275 0.1390625 0.1390625
0 0.86875 0.16171875 0.1734375 0.1734375
0 0.75546875 0.05703125 0.1296875 0.1140625
0 0.84375 0.03046875 0.1 0.0609375
0 0.890625 0.046875 0.10625 0.09375
0 0.95078125 0.0328125 0.0984375 0.065625
0 0.975 0.24609375 0.05 0.1421875
0 0.490625 0.55703125 0.21875 0.2953125
0 0.53125 0.8578125 0.1375 0.284375
0 0.5375 0.96328125 0.125 0.0734375
0 0.48203125 0.93828125 0.1234375 0.1234375
0 0.46484375 0.82265625 0.103125 0.103125
0 0.425 0.8765625 0.10078125 0.10078125
0 0.1609375 0.86875 0.08671875 0.0890625
0 0.1171875 0.82421875 0.11328125 0.115625
0 0.14765625 0.5875 0.11328125 0.11328125
0 0.03984375 0.4328125 0.0671875 0.046875
0 0.15234375 0.95859375 0.0671875 0.06953125
0 0.1015625 0.92734375 0.0578125 0.0578125
0 0.1171875 0.9703125 0.21875 0.059375
0 0.975 0.65703125 0.05 0.0921875
0 0.92578125 0.64375 0.0671875 0.08203125
0 0.7359375 0.6171875 0.1203125 0.12734375
0 0.8015625 0.4453125 0.115625 0.071875
0 0.9328125 0.47890625 0.05546875 0.06015625
0 0.671875 0.48984375 0.053125 0.05546875
0 0.98203125 0.97265625 0.0359375 0.0546875