0 0.771875 0.11484375 0.115625 0.115625
0 0.971875 0.22890625 0.05625 0.0765625
0 0.890625 0.309375 0.08671875 0.09375
0 0.78359375 0.428125 0.06953125 0.0671875
0 0.7140625 0.4609375 0.05078125 0.05078125
0 0.81640625 0.0234375 0.0671875 0.046875
0 0.01015625 0.96875 0.0203125 0.0625
0 0.04375 0.80859375 0.0671875 0.06953125
0 0.03046875 0.72109375 0.0609375 0.0578125
0 0.33671875 0.64765625 0.071875 0.071875
0 0.39921875 0.7296875 0.18046875 0.16328125
0 0.28125 0.79296875 0.1109375 0.125
0 0.4171875 0.853125 0.09609375 0.1078125
0 0.625 0.834375 0.05 0.115625
0 0.57265625 0.66328125 0.09140625 0.08671875
0 0.53046875 0.6125 0.053125 0.0484375
0 0.68203125 0.83046875 0.0640625 0.1421875