0 0.1203125 0.428125 0.084375 0.0625
0 0.10234375 0.2953125 0.1390625 0.1203125
0 0.25234375 0.1390625 0.09375 0.08671875
0 0.3703125 0.23984375 0.06484375 0.10546875
0 0.0609375 0.11796875 0.08671875 0.09375
0 0.93671875 0.35 0.1265625 0.25625
0 0.9796875 0.146875 0.040625 0.059375
0 0.55078125 0.38984375 0.1015625 0.1796875
0 0.25625 0.9515625 0.165625 0.096875
0 0.04765625 0.5765625 0.0953125 0.125
0 0.3203125 0.82890625 0.10546875 0.1078125
0 0.671875 0.7359375 0.27421875 0.29296875
0 0.709375 0.8828125 0.10078125 0.10078125
0 0.5796875 0.9640625 0.0875 0.071875
0 0.5234375 0.809375 0.046875 0.09375
0 0.8046875 0.49921875 0.096875 0.0390625
0 0.9796875 0.8234375 0.040625 0.1