0 0.56796875 0.0234375 0.1390625 0.046875
0 0.421875 0.040625 0.0796875 0.06953125
0 0.33203125 0.03359375 0.0828125 0.0671875
0 0.3171875 0.1671875 0.0671875 0.06015625
0 0.396875 0.4046875 0.084375 0.1078125
0 0.50625 0.47734375 0.08203125 0.06015625
0 0.5359375 0.58515625 0.13671875 0.115625
0 0.02109375 0.62578125 0.0421875 0.1265625
0 0.3 0.65078125 0.06875 0.0765625
0 0.7859375 0.33828125 0.1125 0.1671875
0 0.8796875 0.6140625 0.10546875 0.103125
0 0.03828125 0.70703125 0.0765625 0.0359375
0 0.13671875 0.69921875 0.0890625 0.0203125
0 0.1046875 0.9 0.0984375 0.1078125
0 0.63828125 0.74765625 0.1203125 0.1171875
0 0.71484375 0.85625 0.0296875 0.09375
0 0.62109375 0.9578125 0.1109375 0.084375
0 0.521875 0.73046875 0.084375 0.0828125
0 0.790625 0.98046875 0.121875 0.0390625
0 0.81796875 0.98984375 0.0578125 0.0203125
0 0.75390625 0.70625 0.0484375 0.034375
0 0.7546875 0.72109375 0.05 0.0640625
0 0.74296875 0.82578125 0.0265625 0.1015625
0 0.76484375 0.79453125 0.0703125 0.0953125
0 0.7546875 0.87578125 0.05 0.0765625
0 0.9703125 0.96953125 0.059375 0.0609375
0 0.97734375 0.8328125 0.0453125 0.096875