0 0.23203125 0.6015625 0.14921875 0.1109375
0 0.05703125 0.56796875 0.084375 0.06484375
0 0.0859375 0.09921875 0.0890625 0.05546875
0 0.103125 0.01796875 0.146875 0.0359375
0 0.36796875 0.05 0.02890625 0.06953125
0 0.815625 0.140625 0.0484375 0.0453125
0 0.9765625 0.1296875 0.03828125 0.05546875
0 0.98828125 0.26015625 0.0234375 0.0578125
0 0.91796875 0.3484375 0.0484375 0.04296875
0 0.50234375 0.52734375 0.11328125 0.1203125
0 0.6234375 0.45546875 0.071875 0.0671875
0 0.69921875 0.359375 0.0453125 0.05546875
0 0.765625 0.3828125 0.04296875 0.040625
0 0.92265625 0.58828125 0.0578125 0.0578125
0 0.89921875 0.65859375 0.0921875 0.0203125
0 0.49375 0.346875 0.04296875 0.0578125
0 0.53671875 0.28671875 0.0484375 0.0484375
0 0.43515625 0.37734375 0.0515625 0.0765625
0 0.74765625 0.2078125 0.0984375 0.084375
0 0.8078125 0.221875 0.0359375 0.0484375
0 0.5109375 0.07890625 0.0578125 0.0453125
0 0.4765625 0.11953125 0.03828125 0.0484375
0 0.67890625 0.0234375 0.0796875 0.046875
0 0.815625 0.0296875 0.0578125 0.053125
0 0.7375 0.49140625 0.04296875 0.053125
0 0.04921875 0.81328125 0.0984375 0.1265625
0 0.00625 0.91171875 0.0125 0.0703125
0 0.06328125 0.9171875 0.04296875 0.05078125
0 0.89609375 0.8140625 0.06953125 0.07421875
0 0.84609375 0.6859375 0.0796875 0.034375
0 0.81015625 0.7921875 0.053125 0.06015625
0 0.89453125 0.95625 0.071875 0.06953125
0 0.9734375 0.9375 0.053125 0.0625
0 0.69765625 0.98046875 0.0796875 0.0390625
0 0.5390625 0.7734375 0.071875 0.06015625
0 0.47734375 0.88046875 0.0765625 0.084375
0 0.52109375 0.971875 0.04296875 0.05078125
0 0.6625 0.85625 0.06953125 0.0625
0 0.75546875 0.70703125 0.0578125 0.05078125
0 0.7609375 0.75546875 0.05546875 0.0453125