0 0.34453125 0.08359375 0.1078125 0.12265625
0 0.2171875 0.12421875 0.09140625 0.0796875
0 0.15703125 0.221875 0.15859375 0.14453125
0 0.23125 0.3984375 0.1078125 0.10078125
0 0.36484375 0.3625 0.0890625 0.10546875
0 0.0640625 0.34453125 0.103125 0.10546875
0 0.72734375 0.0578125 0.1078125 0.115625
0 0.91171875 0.0625 0.1703125 0.125
0 0.57421875 0.21796875 0.0890625 0.1109375
0 0.61640625 0.34140625 0.0890625 0.0625
0 0.55 0.403125 0.040625 0.05625
0 0.59765625 0.4578125 0.0859375 0.084375
0 0.36484375 0.60546875 0.1921875 0.2109375
0 0.30078125 0.7546875 0.0890625 0.08671875
0 0.4953125 0.86015625 0.06875 0.0859375
0 0.33671875 0.9078125 0.09609375 0.09140625
0 0.05546875 0.95390625 0.0984375 0.08203125
0 0.9640625 0.6546875 0.071875 0.125
0 0.77890625 0.50703125 0.0515625 0.0140625
0 0.55546875 0.521875 0.0515625 0.04375
0 0.54140625 0.60390625 0.0234375 0.0484375
0 0.67734375 0.51953125 0.0359375 0.0390625
0 0.81328125 0.67265625 0.06015625 0.0671875
0 0.98515625 0.86171875 0.0296875 0.0859375
0 0.9703125 0.95859375 0.059375 0.0828125