0 0.44140625 0.01953125 0.0890625 0.0390625
0 0.209375 0.171875 0.13671875 0.13671875
0 0.0625 0.171875 0.10078125 0.10078125
0 0.025 0.2546875 0.05 0.178125
0 0.5640625 0.22109375 0.06875 0.0484375
0 0.85625 0.28046875 0.04296875 0.0578125
0 0.12578125 0.96796875 0.0984375 0.0640625
0 0.0234375 0.92109375 0.046875 0.0765625
0 0.04296875 0.7203125 0.0859375 0.1
0 0.125 0.77421875 0.09609375 0.103125
0 0.1453125 0.59609375 0.115625 0.12734375
0 0.01484375 0.59453125 0.0296875 0.0921875
0 0.02734375 0.50390625 0.0546875 0.0765625
0 0.0765625 0.49453125 0.06953125 0.0796875
0 0.1015625 0.4109375 0.09375 0.0890625
0 0.31328125 0.546875 0.08671875 0.11328125
0 0.425 0.6484375 0.071875 0.08203125
0 0.50703125 0.71171875 0.0453125 0.0890625
0 0.38046875 0.40859375 0.08671875 0.0796875
0 0.26875 0.4421875 0.05078125 0.0453125
0 0.00625 0.384375 0.0125 0.04375
0 0.309375 0.3828125 0.03828125 0.04296875
0 0.91484375 0.73828125 0.0984375 0.10546875
0 0.8984375 0.5484375 0.11796875 0.09609375
0 0.678125 0.59765625 0.071875 0.06015625
0 0.6078125 0.54296875 0.09609375 0.103125
0 0.6390625 0.45390625 0.05078125 0.0578125
0 0.58828125 0.4203125 0.071875 0.0796875
0 0.77578125 0.43671875 0.10546875 0.09375
0 0.90078125 0.8296875 0.0625 0.06484375