0 0.2828125 0.12890625 0.153125 0.2046875
0 0.23125 0.20078125 0.08203125 0.06484375
0 0.05859375 0.38828125 0.071875 0.0765625
0 0.084375 0.171875 0.0453125 0.04296875
0 0.49296875 0.1859375 0.2671875 0.371875
0 0.66484375 0.06796875 0.0578125 0.0625
0 0.74453125 0.09609375 0.071875 0.08203125
0 0.69140625 0.2953125 0.09375 0.07421875
0 0.95703125 0.3640625 0.0859375 0.15
0 0.96328125 0.06171875 0.0734375 0.1234375
0 0.69765625 0.0078125 0.0546875 0.015625
0 0.3109375 0.91484375 0.096875 0.1703125
0 0.1671875 0.93828125 0.084375 0.084375
0 0.1390625 0.81953125 0.1734375 0.17578125
0 0.1203125 0.69296875 0.18046875 0.178125
0 0.07109375 0.56328125 0.1109375 0.1109375
0 0.03125 0.546875 0.0625 0.10625
0 0.1359375 0.49296875 0.271875 0.1078125
0 0.5296875 0.73125 0.10546875 0.1109375
0 0.5296875 0.6125 0.06015625 0.06953125
0 0.45625 0.53671875 0.040625 0.0453125
0 0.375 0.44921875 0.03125 0.0203125
0 0.6703125 0.49609375 0.621875 0.1140625
0 0.88046875 0.4671875 0.0640625 0.05625
0 0.7515625 0.9453125 0.06484375 0.07421875
0 0.74453125 0.87265625 0.084375 0.08671875
0 0.5203125 0.98046875 0.084375 0.0390625
0 0.5328125 0.9171875 0.04296875 0.0671875
0 0.44140625 0.88359375 0.040625 0.05546875
0 0.9015625 0.7203125 0.08671875 0.09609375
0 0.9859375 0.64765625 0.028125 0.0671875
0 0.9453125 0.60625 0.0578125 0.0671875
0 0.73359375 0.76484375 0.05078125 0.0671875
0 0.78984375 0.659375 0.02890625 0.040625
0 0.3828125 0.84296875 0.03125 0.0484375