0 0.475 0.08125 0.09375 0.07421875
0 0.28125 0.0921875 0.06015625 0.06953125
0 0.221875 0.08984375 0.0578125 0.06484375
0 0.171875 0.221875 0.1921875 0.19453125
0 0.23046875 0.290625 0.07421875 0.06484375
0 0.5765625 0.446875 0.084375 0.09375
0 0.3546875 0.4671875 0.06484375 0.071875
0 0.36953125 0.51953125 0.0640625 0.0390625
0 0.2875 0.525 0.09375 0.028125
0 0.60390625 0.13359375 0.0296875 0.0578125
0 0.59453125 0.0921875 0.0453125 0.0453125
0 0.3546875 0.2796875 0.040625 0.040625
0 0.49609375 0.159375 0.0578125 0.0484375
0 0.55390625 0.1671875 0.053125 0.0578125
0 0.6015625 0.1953125 0.034375 0.05
0 0.640625 0.509375 0.04375 0.059375
0 0.82421875 0.51484375 0.1046875 0.0484375
0 0.94296875 0.5078125 0.1140625 0.0625
0 0.64140625 0.36640625 0.0453125 0.0734375
0 0.771875 0.05234375 0.0578125 0.06484375
0 0.9796875 0.28203125 0.040625 0.0453125
0 0.84296875 0.6265625 0.084375 0.084375
0 0.9640625 0.6171875 0.06484375 0.07421875
0 0.67109375 0.56015625 0.1046875 0.0421875
0 0.734375 0.58203125 0.05546875 0.03828125