0 0.07734375 0.16875 0.071875 0.071875
0 0.0328125 0.153125 0.065625 0.075
0 0.1703125 0.01875 0.090625 0.0375
0 0.13359375 0.2875 0.0578125 0.025
0 0.396875 0.1578125 0.040625 0.040625
0 0.25546875 0.2765625 0.0578125 0.046875
0 0.19765625 0.2703125 0.053125 0.0578125
0 0.1359375 0.24140625 0.06015625 0.05078125
0 0.50078125 0.1109375 0.0671875 0.0578125
0 0.92421875 0.27265625 0.0765625 0.0546875
0 0.990625 0.26953125 0.01875 0.0609375
0 0.72109375 0.28984375 0.0546875 0.0203125
0 0.91875 0.046875 0.07421875 0.0578125
0 0.60859375 0.02890625 0.0453125 0.0578125
0 0.16640625 0.5953125 0.0578125 0.06484375
0 0.11015625 0.35859375 0.06953125 0.08203125
0 0.17578125 0.3265625 0.0671875 0.053125
0 0.3984375 0.3875 0.06484375 0.06953125
0 0.41953125 0.44921875 0.0609375 0.0953125
0 0.3984375 0.7046875 0.084375 0.09375
0 0.29609375 0.6765625 0.08203125 0.07421875
0 0.259375 0.72265625 0.05078125 0.053125
0 0.20859375 0.765625 0.05546875 0.0578125
0 0.2546875 0.94765625 0.0484375 0.05546875
0 0.15078125 0.98125 0.0359375 0.0375
0 0.02578125 0.965625 0.0453125 0.05078125
0 0.40078125 0.8796875 0.03359375 0.04296875
0 0.5359375 0.58046875 0.171875 0.2796875
0 0.67109375 0.6859375 0.15859375 0.15859375
0 0.65390625 0.77578125 0.1109375 0.1109375
0 0.5984375 0.8375 0.1390625 0.14453125
0 0.98125 0.6578125 0.0375 0.15625
0 0.9328125 0.93671875 0.134375 0.1265625
0 0.9515625 0.97421875 0.096875 0.0515625
0 0.796875 0.60546875 0.14921875 0.1515625
0 0.60078125 0.3203125 0.0984375 0.040625
0 0.715625 0.3515625 0.103125 0.103125
0 0.7765625 0.48125 0.11328125 0.11328125
0 0.778125 0.94375 0.09140625 0.09140625
0 0.82421875 0.97734375 0.0953125 0.0453125
0 0.7953125 0.32421875 0.178125 0.0484375
0 0.85 0.8734375 0.084375 0.08671875