0 0.4265625 0.61015625 0.096875 0.0796875
0 0.315625 0.5375 0.07421875 0.06953125
0 0.36953125 0.5265625 0.06953125 0.071875
0 0.49921875 0.54140625 0.08203125 0.09140625
0 0.58515625 0.52890625 0.0671875 0.0578125
0 0.1984375 0.12421875 0.1109375 0.103125
0 0.234375 0.33671875 0.09375 0.09140625
0 0.00703125 0.28671875 0.0140625 0.0703125
0 0.02109375 0.21953125 0.0421875 0.0640625
0 0.3125 0.07734375 0.07421875 0.06953125
0 0.32265625 0.22265625 0.05546875 0.06015625
0 0.10078125 0.6296875 0.0609375 0.040625
0 0.16640625 0.62578125 0.0546875 0.0484375
0 0.240625 0.60859375 0.0625 0.0484375
0 0.978125 0.0875 0.04375 0.065625
0 0.97265625 0.15234375 0.0546875 0.0609375
0 0.8796875 0.309375 0.08671875 0.08671875
0 0.64921875 0.33671875 0.0609375 0.1046875
0 0.65859375 0.6109375 0.0796875 0.078125
0 0.471875 0.84296875 0.08203125 0.0796875
0 0.321875 0.7859375 0.07421875 0.0796875
0 0.3171875 0.68984375 0.084375 0.0796875
0 0.1125 0.93203125 0.196875 0.1359375
0 0.3328125 0.95234375 0.07421875 0.08203125
0 0.5484375 0.94921875 0.0453125 0.05546875
0 0.715625 0.73515625 0.1109375 0.12265625
0 0.6328125 0.8296875 0.028125 0.125