0 0.021875 0.22421875 0.04375 0.0734375
0 0.290625 0.17578125 0.06953125 0.0671875
0 0.496875 0.24140625 0.025 0.0703125
0 0.225 0.01953125 0.0625 0.0390625
0 0.1875 0.08046875 0.05546875 0.0578125
0 0.13125 0.03984375 0.0625 0.06015625
0 0.6515625 0.0171875 0.09375 0.034375
0 0.0921875 0.74140625 0.09140625 0.0890625
0 0.3953125 0.4828125 0.228125 0.246875
0 0.12265625 0.40546875 0.1078125 0.0921875
0 0.0828125 0.5078125 0.0484375 0.06484375
0 0.10234375 0.590625 0.0625 0.05546875
0 0.19375 0.81796875 0.27421875 0.20703125
0 0.37109375 0.790625 0.06953125 0.0625
0 0.46015625 0.93125 0.07421875 0.06953125
0 0.47109375 0.97421875 0.0671875 0.0484375
0 0.0140625 0.77890625 0.028125 0.0734375
0 0.459375 0.66328125 0.071875 0.0578125
0 0.27734375 0.96484375 0.0578125 0.0453125
0 0.18046875 0.97578125 0.03828125 0.03828125
0 0.9890625 0.5796875 0.021875 0.09375
0 0.93125 0.965625 0.1375 0.06875
0 0.6265625 0.61484375 0.13203125 0.134375
0 0.65234375 0.53046875 0.103125 0.1078125
0 0.7703125 0.53203125 0.15625 0.15859375
0 0.73984375 0.39453125 0.4015625 0.0703125
0 0.5296875 0.85234375 0.040625 0.0859375
0 0.54609375 0.4109375 0.0734375 0.0875