0 0.00859375 0.1171875 0.0171875 0.1375
0 0.053125 0.06171875 0.10625 0.1015625
0 0.31328125 0.28515625 0.0796875 0.08203125
0 0.87109375 0.15390625 0.071875 0.06484375
0 0.8890625 0.2171875 0.0578125 0.0578125
0 0.90390625 0.25390625 0.053125 0.0484375
0 0.97890625 0.3109375 0.0421875 0.05625
0 0.93671875 0.3109375 0.0703125 0.05625
0 0.58671875 0.1453125 0.0671875 0.0625
0 0.5109375 0.02109375 0.084375 0.0421875
0 0.14609375 0.96875 0.0953125 0.0625
0 0.12578125 0.80546875 0.13203125 0.13203125
0 0.0265625 0.8015625 0.053125 0.115625
0 0.09765625 0.6484375 0.1953125 0.409375
0 0.15703125 0.6765625 0.0796875 0.0796875
0 0.28984375 0.81171875 0.0765625 0.0796875
0 0.37421875 0.79375 0.0109375 0.121875
0 0.23671875 0.5515625 0.2234375 0.228125
0 0.0625 0.93515625 0.0765625 0.0765625
0 0.08671875 0.37578125 0.1359375 0.0734375
0 0.92265625 0.9046875 0.1546875 0.190625
0 0.92578125 0.39375 0.10546875 0.1078125
0 0.5359375 0.42421875 0.209375 0.1703125
0 0.44765625 0.9578125 0.1359375 0.084375
0 0.646875 0.78203125 0.084375 0.09140625
0 0.715625 0.74453125 0.07421875 0.0890625
0 0.77421875 0.6703125 0.0796875 0.08671875
0 0.9140625 0.63515625 0.09140625 0.0984375