0 0.05 0.17578125 0.1 0.1828125
0 0.05078125 0.4515625 0.08671875 0.09140625
0 0.05078125 0.36328125 0.0984375 0.0984375
0 0.17109375 0.128125 0.09375 0.084375
0 0.19296875 0.57421875 0.09609375 0.11796875
0 0.0328125 0.60078125 0.065625 0.0859375
0 0.0171875 0.56328125 0.034375 0.0859375
0 0.08125 0.65625 0.065625 0.046875
0 0.3625 0.3734375 0.071875 0.071875
0 0.3359375 0.29609375 0.0625 0.0625
0 0.27421875 0.3296875 0.071875 0.06953125
0 0.715625 0.62734375 0.0796875 0.06484375
0 0.9859375 0.4609375 0.028125 0.0875
0 0.965625 0.35 0.06875 0.09375
0 0.96015625 0.2765625 0.040625 0.0453125
0 0.8109375 0.11796875 0.03828125 0.053125
0 0.72109375 0.1375 0.0671875 0.05078125
0 0.72890625 0.0984375 0.0359375 0.04296875
0 0.6890625 0.021875 0.04375 0.04375
0 0.578125 0.1734375 0.0453125 0.0359375
0 0.46171875 0.340625 0.1046875 0.240625
0 0.73515625 0.3390625 0.334375 0.3296875
0 0.47421875 0.59375 0.06015625 0.0765625
0 0.0390625 0.73125 0.078125 0.103125
0 0.1375 0.95625 0.0875 0.0875
0 0.20078125 0.9515625 0.09609375 0.09609375
0 0.340625 0.88125 0.0796875 0.0796875
0 0.31640625 0.84765625 0.06484375 0.06484375
0 0.234375 0.81640625 0.0671875 0.0671875
0 0.13125 0.72421875 0.05546875 0.0578125
0 0.1796875 0.7328125 0.07421875 0.0765625
0 0.21875 0.73828125 0.08203125 0.08203125
0 0.365625 0.784375 0.0875 0.16875
0 0.3171875 0.715625 0.184375 0.071875
0 0.91640625 0.825 0.1671875 0.290625
0 0.52890625 0.9453125 0.1390625 0.109375