0 0.490625 0.1203125 0.084375 0.07421875
0 0.2015625 0.16953125 0.06953125 0.0671875
0 0.2671875 0.33671875 0.0625 0.0625
0 0.3046875 0.26484375 0.05546875 0.0578125
0 0.3609375 0.30546875 0.0625 0.06015625
0 0.78671875 0.3453125 0.06953125 0.0625
0 0.88828125 0.325 0.06953125 0.06953125
0 0.6546875 0.0453125 0.06015625 0.06015625
0 0.63671875 0.1703125 0.0671875 0.071875
0 0.7296875 0.20234375 0.0578125 0.071875
0 0.98828125 0.23671875 0.0234375 0.0546875
0 0.12734375 0.99375 0.0328125 0.0125
0 0.08046875 0.9796875 0.0515625 0.040625
0 0.23984375 0.9921875 0.0484375 0.015625
0 0.5171875 0.93203125 0.04375 0.0703125
0 0.471875 0.89453125 0.03125 0.053125
0 0.525 0.79609375 0.028125 0.0484375
0 0.4859375 0.76484375 0.05546875 0.0578125
0 0.4390625 0.63125 0.071875 0.10546875
0 0.28671875 0.87890625 0.05078125 0.07421875
0 0.20234375 0.76796875 0.05546875 0.0796875
0 0.0765625 0.7921875 0.06953125 0.0890625
0 0.41640625 0.50234375 0.053125 0.0625
0 0.209375 0.4234375 0.040625 0.028125
0 0.0328125 0.49453125 0.065625 0.0859375
0 0.89375 0.953125 0.125 0.09375
0 0.5859375 0.9578125 0.09375 0.084375
0 0.65234375 0.85390625 0.053125 0.0578125
0 0.81953125 0.85546875 0.05546875 0.05546875
0 0.79921875 0.70390625 0.11796875 0.1390625
0 0.5875 0.5171875 0.096875 0.215625
0 0.83515625 0.440625 0.06953125 0.0625
0 0.6890625 0.5078125 0.05078125 0.0625