0 0.21953125 0.14609375 0.06953125 0.0671875
0 0.45390625 0.07734375 0.0796875 0.06953125
0 0.1546875 0.31328125 0.0625 0.0625
0 0.1171875 0.24140625 0.05546875 0.0578125
0 0.0609375 0.28203125 0.0625 0.06015625
0 0.95390625 0.046875 0.0671875 0.071875
0 0.62578125 0.11953125 0.07421875 0.084375
0 0.5890625 0.30859375 0.040625 0.1078125
0 0.91796875 0.28671875 0.1078125 0.103125
0 0.7390625 0.03515625 0.1 0.0703125
0 0.7046875 0.49296875 0.0625 0.0140625
0 0.17265625 0.52578125 0.1421875 0.0515625
0 0.22734375 0.56640625 0.1421875 0.1328125
0 0.19765625 0.70390625 0.10546875 0.10546875
0 0.246875 0.67265625 0.103125 0.103125
0 0.3375 0.56953125 0.125 0.12734375
0 0.4109375 0.53046875 0.090625 0.0609375
0 0.03828125 0.57578125 0.0765625 0.0921875
0 0.275 0.91328125 0.134375 0.134375
0 0.4234375 0.93515625 0.084375 0.084375
0 0.040625 0.6609375 0.08125 0.084375
0 0.01015625 0.65234375 0.0203125 0.0671875
0 0.0296875 0.740625 0.059375 0.08125
0 0.08984375 0.70546875 0.08203125 0.08203125
0 0.60625 0.5890625 0.075 0.09375
0 0.665625 0.61484375 0.103125 0.103125
0 0.7421875 0.6703125 0.0796875 0.07421875
0 0.70390625 0.77421875 0.0796875 0.08671875
0 0.83984375 0.7375 0.06953125 0.0671875
0 0.92109375 0.9328125 0.08671875 0.10078125
0 0.88203125 0.803125 0.0890625 0.09140625
0 0.6046875 0.9390625 0.071875 0.121875
0 0.9859375 0.98359375 0.028125 0.0328125