0 0.084375 0.0546875 0.03828125 0.071875
0 0.07578125 0.290625 0.07421875 0.071875
0 0.4703125 0.05625 0.103125 0.09140625
0 0.50546875 0.13359375 0.0484375 0.0890625
0 0.34296875 0.021875 0.1078125 0.04375
0 0.47109375 0.39609375 0.08671875 0.08203125
0 0.509375 0.58671875 0.040625 0.0828125
0 0.94765625 0.121875 0.0671875 0.09375
0 0.18046875 0.98046875 0.0390625 0.0390625
0 0.1328125 0.86796875 0.06484375 0.06484375
0 0.1015625 0.8109375 0.08671875 0.0671875
0 0.3359375 0.86328125 0.08203125 0.08203125
0 0.4609375 0.83203125 0.0625 0.0625
0 0.5015625 0.865625 0.05625 0.115625
0 0.48125 0.7140625 0.05078125 0.0578125
0 0.409375 0.66015625 0.040625 0.040625
0 0.20390625 0.709375 0.0796875 0.06484375
0 0.12578125 0.6921875 0.0484375 0.0484375
0 0.059375 0.953125 0.11875 0.09375
0 0.7625 0.68203125 0.2375 0.1046875
0 0.5796875 0.96640625 0.071875 0.0671875
0 0.55703125 0.8765625 0.0546875 0.053125
0 0.6234375 0.82109375 0.03359375 0.03828125
0 0.971875 0.81171875 0.05625 0.1953125
0 0.9859375 0.93359375 0.028125 0.0578125