0 0.12890625 0.215625 0.165625 0.18515625
0 0.3234375 0.1875 0.06484375 0.0890625
0 0.371875 0.29140625 0.0875 0.0359375
0 0.4140625 0.28203125 0.05546875 0.0484375
0 0.47890625 0.12578125 0.0484375 0.06953125
0 0.15234375 0.046875 0.1703125 0.09375
0 0.55859375 0.0265625 0.0578125 0.053125
0 0.94765625 0.271875 0.0484375 0.06015625
0 0.64609375 0.2171875 0.2328125 0.184375
0 0.01953125 0.38125 0.0390625 0.0875
0 0.278125 0.321875 0.10625 0.025
0 0.4078125 0.3296875 0.084375 0.040625
0 0.47421875 0.48125 0.1109375 0.1875
0 0.40859375 0.60859375 0.1828125 0.15390625
0 0.30390625 0.5890625 0.0890625 0.0765625
0 0.24296875 0.50625 0.0796875 0.0765625
0 0.29765625 0.46015625 0.0671875 0.09140625
0 0.3546875 0.4171875 0.06015625 0.0578125
0 0.175 0.3796875 0.05078125 0.0484375
0 0.25234375 0.69140625 0.08203125 0.06015625
0 0.34375 0.85078125 0.146875 0.134375
0 0.47578125 0.91015625 0.0796875 0.10078125
0 0.4875 0.73046875 0.084375 0.1953125
0 0.1125 0.59296875 0.225 0.2453125
0 0.01171875 0.64375 0.0234375 0.1
0 0.04765625 0.73828125 0.0671875 0.0671875
0 0.02421875 0.85859375 0.0484375 0.0796875
0 0.05859375 0.94453125 0.10546875 0.10546875
0 0.13671875 0.96875 0.0625 0.05078125
0 0.58984375 0.98359375 0.0703125 0.0328125
0 0.54765625 0.85703125 0.0359375 0.0859375
0 0.59921875 0.83203125 0.12265625 0.1078125
0 0.55234375 0.7203125 0.0453125 0.15625
0 0.6546875 0.5890625 0.084375 0.115625
0 0.69296875 0.78359375 0.10078125 0.09375
0 0.74921875 0.9484375 0.06953125 0.071875
0 0.71796875 0.890625 0.06015625 0.0625
0 0.8359375 0.67890625 0.06953125 0.0625
0 0.76953125 0.60546875 0.0578125 0.06953125
0 0.7625 0.525 0.06015625 0.05546875
0 0.690625 0.44453125 0.0484375 0.053125