0 0.271875 0.2484375 0.15859375 0.1703125
0 0.45859375 0.22109375 0.0625 0.08203125
0 0.50546875 0.3421875 0.08203125 0.0796875
0 0.54375 0.31015625 0.053125 0.0453125
0 0.6453125 0.34296875 0.028125 0.0484375
0 0.06875 0.084375 0.1375 0.16875
0 0.04453125 0.4265625 0.0890625 0.084375
0 0.2265625 0.40859375 0.09375 0.09609375
0 0.58515625 0.43984375 0.0640625 0.0578125
0 0.60625 0.16484375 0.0453125 0.06484375
0 0.29375 0.0671875 0.1625 0.134375
0 0.87890625 0.0890625 0.12265625 0.146875
0 0.74296875 0.45546875 0.0546875 0.0265625
0 0.9875 0.19140625 0.025 0.0859375
0 0.95234375 0.2046875 0.07421875 0.09140625
0 0.92578125 0.2984375 0.10078125 0.10078125
0 0.70234375 0.14375 0.0859375 0.128125
0 0.746875 0.2640625 0.053125 0.053125
0 0.70390625 0.33203125 0.040625 0.05078125
0 0.646875 0.63046875 0.025 0.0578125
0 0.45 0.8046875 0.0890625 0.0890625
0 0.2171875 0.88671875 0.1109375 0.10078125
0 0.21484375 0.98046875 0.0796875 0.0390625
0 0.46328125 0.89765625 0.0671875 0.053125
0 0.559375 0.946875 0.04296875 0.0484375
0 0.4625 0.96640625 0.0578125 0.05546875
0 0.25 0.6859375 0.06484375 0.053125
0 0.27734375 0.5765625 0.053125 0.071875
0 0.79765625 0.69765625 0.2765625 0.4546875
0 0.8296875 0.93515625 0.340625 0.1296875
0 0.88125 0.60390625 0.084375 0.08203125
0 0.7984375 0.590625 0.084375 0.08203125
0 0.9 0.75 0.06015625 0.06015625
0 0.8171875 0.77578125 0.06484375 0.071875
0 0.825 0.7265625 0.06015625 0.0578125