0 0.02734375 0.28203125 0.0546875 0.1703125
0 0.16328125 0.31015625 0.0625 0.08203125
0 0.21015625 0.1890625 0.08203125 0.0796875
0 0.2484375 0.22109375 0.053125 0.0453125
0 0.3625 0.1875 0.053125 0.0484375
0 0.39609375 0.2875 0.0671875 0.0625
0 0.4421875 0.06015625 0.034375 0.0859375
0 0.290625 0.08984375 0.06484375 0.06015625
0 0.3109375 0.36640625 0.0453125 0.06484375
0 0.03984375 0.453125 0.0796875 0.1125
0 0.49765625 0.02265625 0.0671875 0.0453125
0 0.65546875 0.02109375 0.2640625 0.0421875
0 0.7328125 0.01328125 0.084375 0.0265625
0 0.7640625 0.0796875 0.08671875 0.084375
0 0.66953125 0.0640625 0.0578125 0.0578125
0 0.7015625 0.1671875 0.06484375 0.0671875
0 0.65859375 0.240625 0.08671875 0.0890625
0 0.5921875 0.2609375 0.053125 0.04296875
0 0.58046875 0.31640625 0.04296875 0.053125
0 0.74140625 0.3140625 0.0578125 0.0578125
0 0.909375 0.0640625 0.06484375 0.07421875
0 0.8671875 0.11171875 0.05546875 0.0453125
0 0.85703125 0.140625 0.040625 0.040625
0 0.87578125 0.31875 0.06953125 0.071875
0 0.9890625 0.4734375 0.021875 0.071875
0 0.9515625 0.4671875 0.096875 0.084375
0 0.7328125 0.4828125 0.071875 0.053125
0 0.5140625 0.39921875 0.053125 0.0625
0 0.12265625 0.534375 0.1109375 0.05
0 0.14140625 0.6796875 0.0796875 0.0796875
0 0.21875 0.77578125 0.084375 0.0890625
0 0.371875 0.95703125 0.175 0.0859375
0 0.353125 0.80546875 0.053125 0.0625
0 0.2921875 0.721875 0.04296875 0.0453125
0 0.54296875 0.6296875 0.0671875 0.07421875
0 0.746875 0.9375 0.19375 0.125
0 0.803125 0.65390625 0.39375 0.2890625
0 0.96875 0.9109375 0.0625 0.178125
0 0.50625 0.80078125 0.09140625 0.0765625