0 0.01484375 0.196875 0.0296875 0.08125
0 0.04609375 0.0765625 0.08203125 0.0796875
0 0.084375 0.10859375 0.053125 0.0453125
0 0.1984375 0.075 0.053125 0.0484375
0 0.23203125 0.175 0.0671875 0.0625
0 0.146875 0.25390625 0.0453125 0.06484375
0 0.50234375 0.0671875 0.071875 0.06953125
0 0.53203125 0.38203125 0.053125 0.05078125
0 0.5765625 0.18046875 0.06484375 0.0671875
0 0.63046875 0.1734375 0.06953125 0.08671875
0 0.903125 0.0484375 0.08203125 0.09140625
0 0.97734375 0.06796875 0.0453125 0.0671875
0 0.9140625 0.15859375 0.06484375 0.0578125
0 0.75 0.15546875 0.06015625 0.0625
0 0.8328125 0.2125 0.084375 0.09375
0 0.84375 0.359375 0.07421875 0.071875
0 0.7125 0.33515625 0.0765625 0.0984375
0 0.775 0.42265625 0.059375 0.0328125
0 0.196875 0.66640625 0.084375 0.09140625
0 0.2796875 0.82421875 0.040625 0.0984375
0 0.0578125 0.94609375 0.115625 0.1078125
0 0.4953125 0.68984375 0.071875 0.08671875
0 0.55625 0.7609375 0.0625 0.09140625
0 0.6359375 0.6703125 0.06484375 0.08203125
0 0.4515625 0.984375 0.09375 0.03125
0 0.69609375 0.95546875 0.0828125 0.0890625
0 0.68984375 0.83046875 0.103125 0.11328125
0 0.94140625 0.73125 0.1171875 0.084375
0 0.9640625 0.83359375 0.0484375 0.0984375
0 0.6 0.46484375 0.065625 0.0515625
0 0.85625 0.49609375 0.05078125 0.03828125
0 0.9484375 0.5578125 0.0484375 0.0453125