0 0.42890625 0.21796875 0.1421875 0.2078125
0 0.20546875 0.38125 0.0890625 0.0375
0 0.01640625 0.2234375 0.0328125 0.11875
0 0.0546875 0.07421875 0.06015625 0.071875
0 0.1328125 0.22421875 0.0625 0.071875
0 0.92265625 0.28828125 0.1078125 0.09375
0 0.7484375 0.2109375 0.07421875 0.06953125
0 0.8265625 0.290625 0.06015625 0.0578125
0 0.675 0.34296875 0.0625 0.0453125
0 0.078125 0.62421875 0.06953125 0.08671875
0 0.08984375 0.86328125 0.14453125 0.1703125
0 0.1921875 0.809375 0.09375 0.07421875
0 0.2921875 0.93671875 0.05078125 0.071875
0 0.46015625 0.590625 0.05546875 0.05546875
0 0.65703125 0.6625 0.3140625 0.415625
0 0.8734375 0.97578125 0.1875 0.0484375
0 0.871875 0.87890625 0.11328125 0.115625
0 0.76640625 0.81328125 0.1109375 0.1109375
0 0.5953125 0.9078125 0.084375 0.084375