0 0.05703125 0.05859375 0.1140625 0.1171875
0 0.14921875 0.290625 0.178125 0.20703125
0 0.45078125 0.2953125 0.0359375 0.071875
0 0.50703125 0.35078125 0.0625 0.0671875
0 0.48125 0.32578125 0.025 0.0359375
0 0.4984375 0.3109375 0.03828125 0.03828125
0 0.528125 0.26328125 0.040625 0.040625
0 0.5703125 0.26171875 0.0484375 0.0484375
0 0.61953125 0.27890625 0.040625 0.040625
0 0.6984375 0.42890625 0.05 0.0421875
0 0.7546875 0.2484375 0.0359375 0.0359375
0 0.66796875 0.03359375 0.09609375 0.0671875
0 0.2828125 0.51640625 0.05546875 0.05078125
0 0.41796875 0.71015625 0.0765625 0.084375
0 0.44765625 0.73828125 0.0421875 0.0578125
0 0.07578125 0.96328125 0.1515625 0.0734375
0 0.03515625 0.5296875 0.053125 0.0625
0 0.11015625 0.55859375 0.0484375 0.0484375
0 0.2890625 0.79765625 0.0671875 0.06484375
0 0.2625 0.92265625 0.103125 0.10546875
0 0.25625 0.98125 0.071875 0.0375
0 0.07890625 0.68359375 0.0484375 0.06015625
0 0.63359375 0.8359375 0.06015625 0.0625
0 0.68671875 0.78671875 0.125 0.11796875
0 0.86796875 0.82421875 0.1203125 0.10078125
0 0.86796875 0.946875 0.05546875 0.0578125
0 0.68671875 0.6265625 0.06015625 0.0625
0 0.73203125 0.5859375 0.084375 0.0765625
0 0.79453125 0.525 0.0765625 0.0796875
0 0.98515625 0.8265625 0.0296875 0.065625
0 0.9875 0.9203125 0.025 0.0625
0 0.4875 0.46484375 0.0375 0.0296875
0 0.6328125 0.68828125 0.053125 0.05078125
0 0.60625 0.96953125 0.0453125 0.040625
0 0.9234375 0.634375 0.03828125 0.03359375