0 0.534375 0.07734375 0.16875 0.1546875
0 0.26640625 0.0203125 0.1296875 0.040625
0 0.1609375 0.2390625 0.1203125 0.13671875
0 0.2796875 0.3390625 0.08671875 0.0890625
0 0.2859375 0.1734375 0.0890625 0.09140625
0 0.13515625 0.46171875 0.09375 0.0984375
0 0.7375 0.296875 0.084375 0.0578125
0 0.96015625 0.5859375 0.0796875 0.084375
0 0.93515625 0.3765625 0.053125 0.0578125
0 0.37890625 0.9734375 0.1328125 0.053125
0 0.57578125 0.90625 0.0859375 0.1125
0 0.56171875 0.77265625 0.0671875 0.06484375
0 0.503125 0.6625 0.103125 0.046875
0 0.1421875 0.9109375 0.0625 0.0625
0 0.20625 0.88515625 0.05546875 0.06015625
0 0.31953125 0.86015625 0.1203125 0.0984375
0 0.14765625 0.9828125 0.0640625 0.034375
0 0.096875 0.825 0.03359375 0.0359375
0 0.0828125 0.7484375 0.0671875 0.07421875
0 0.1140625 0.7421875 0.03828125 0.0453125
0 0.0171875 0.69453125 0.034375 0.0578125
0 0.0328125 0.675 0.03828125 0.040625
0 0.1640625 0.684375 0.0453125 0.04296875
0 0.196875 0.746875 0.0453125 0.05078125
0 0.95625 0.75234375 0.0875 0.1296875
0 0.68359375 0.984375 0.1078125 0.03125
0 0.80625 0.95078125 0.09609375 0.09140625
0 0.65 0.92109375 0.0625 0.0765625
0 0.7671875 0.74609375 0.09609375 0.09375
0 0.8421875 0.78828125 0.08671875 0.11328125
0 0.7015625 0.65078125 0.075 0.0234375
0 0.87890625 0.65078125 0.0578125 0.0234375
0 0.90546875 0.67578125 0.0578125 0.0734375