0 0.4921875 0.08046875 0.053125 0.1046875
0 0.30078125 0.0921875 0.0625 0.053125
0 0.3609375 0.403125 0.0359375 0.040625
0 0.40390625 0.5125 0.0578125 0.0578125
0 0.9140625 0.565625 0.07421875 0.0796875
0 0.67578125 0.56875 0.1546875 0.140625
0 0.7578125 0.5859375 0.053125 0.06484375
0 0.790625 0.55546875 0.0484375 0.053125
0 0.84453125 0.26640625 0.1296875 0.14453125
0 0.9609375 0.22109375 0.078125 0.1484375
0 0.86484375 0.13046875 0.09375 0.10546875
0 0.68828125 0.2578125 0.11796875 0.12265625
0 0.64140625 0.178125 0.14921875 0.12734375
0 0.74296875 0.05 0.1421875 0.1
0 0.9765625 0.546875 0.046875 0.0625
0 0.9734375 0.44453125 0.053125 0.1421875
0 0.5671875 0.34453125 0.0453125 0.06015625
0 0.11640625 0.7796875 0.1203125 0.12265625
0 0.16328125 0.7015625 0.115625 0.1078125
0 0.496875 0.684375 0.04375 0.090625
0 0.315625 0.909375 0.0625 0.06015625
0 0.76015625 0.93203125 0.1296875 0.1359375
0 0.90078125 0.8921875 0.125 0.14921875
0 0.78046875 0.80078125 0.09375 0.10546875
0 0.60390625 0.928125 0.11796875 0.12265625
0 0.575 0.84765625 0.1125 0.1265625
0 0.659375 0.71015625 0.1421875 0.12265625
0 0.984375 0.8046875 0.03125 0.09375