0 0.1609375 0.13671875 0.12734375 0.12734375
0 0.2828125 0.47421875 0.034375 0.0703125
0 0.8390625 0.5640625 0.053125 0.03828125
0 0.7671875 0.478125 0.103125 0.0984375
0 0.90390625 0.475 0.115625 0.1109375
0 0.70546875 0.3609375 0.05078125 0.053125
0 0.71875 0.29296875 0.0484375 0.04296875
0 0.70546875 0.24375 0.03359375 0.0453125
0 0.65859375 0.221875 0.05078125 0.06015625
0 0.5 0.27734375 0.02421875 0.0484375
0 0.359375 0.34765625 0.0359375 0.03125
0 0.321875 0.28671875 0.04375 0.0515625
0 0.36796875 0.2125 0.05546875 0.0484375
0 0.81875 0.24609375 0.0484375 0.06015625
0 0.86640625 0.1171875 0.05078125 0.06953125
0 0.78046875 0.025 0.0546875 0.05
0 0.653125 0.0390625 0.06875 0.078125
0 0.32421875 0.03515625 0.0484375 0.0703125
0 0.61328125 0.5953125 0.05078125 0.04296875
0 0.1015625 0.83125 0.115625 0.115625
0 0.21953125 0.88046875 0.08203125 0.084375
0 0.15 0.88359375 0.3 0.2328125
0 0.23984375 0.95625 0.08203125 0.08203125
0 0.87578125 0.98359375 0.1171875 0.0328125
0 0.9703125 0.9671875 0.059375 0.065625
0 0.79609375 0.9234375 0.06015625 0.06015625
0 0.79609375 0.85546875 0.053125 0.05078125
0 0.775 0.809375 0.040625 0.05078125
0 0.72578125 0.79609375 0.06015625 0.0671875
0 0.58515625 0.88046875 0.03359375 0.05078125
0 0.46484375 0.97421875 0.040625 0.0359375
0 0.4109375 0.9234375 0.0625 0.06015625
0 0.4453125 0.840625 0.0625 0.0578125
0 0.8828125 0.790625 0.0578125 0.0671875
0 0.9046875 0.65703125 0.0625 0.0765625
0 0.68515625 0.64140625 0.0828125 0.0453125
0 0.36875 0.66875 0.06484375 0.09375
0 0.30859375 0.63125 0.0171875 0.025