0 0.234375 0.18984375 0.46875 0.3796875
0 0.44296875 0.07734375 0.0515625 0.1515625
0 0.428125 0.13671875 0.08125 0.0953125
0 0.396875 0.27109375 0.125 0.12734375
0 0.428125 0.28984375 0.08125 0.1796875
0 0.43984375 0.34921875 0.0578125 0.0609375
0 0.33671875 0.05078125 0.1171875 0.1015625
0 0.70078125 0.24375 0.1296875 0.1609375
0 0.8875 0.253125 0.08671875 0.10078125
0 0.9734375 0.121875 0.053125 0.103125
0 0.49296875 0.28203125 0.0484375 0.0671875
0 0.025 0.446875 0.05 0.084375
0 0.0203125 0.57734375 0.040625 0.1109375
0 0.11015625 0.521875 0.0890625 0.0890625
0 0.034375 0.7265625 0.06875 0.075
0 0.08125 0.67421875 0.06015625 0.06015625
0 0.115625 0.6609375 0.0453125 0.0453125
0 0.025 0.8109375 0.05 0.06875
0 0.021875 0.8921875 0.04375 0.0625
0 0.01484375 0.9671875 0.0296875 0.053125
0 0.15234375 0.9078125 0.06015625 0.0625
0 0.19140625 0.60859375 0.12734375 0.125
0 0.30234375 0.4578125 0.0578125 0.0578125
0 0.20390625 0.7203125 0.06015625 0.06015625
0 0.26015625 0.7 0.0578125 0.0578125
0 0.2359375 0.84140625 0.06484375 0.06484375
0 0.18671875 0.89296875 0.0359375 0.0359375
0 0.20703125 0.8703125 0.0359375 0.0359375
0 0.2328125 0.88203125 0.03828125 0.03828125
0 0.26640625 0.9265625 0.040625 0.040625
0 0.309375 0.92421875 0.0484375 0.0484375
0 0.35625 0.9015625 0.040625 0.040625
0 0.41875 0.7390625 0.05078125 0.0484375
0 0.50078125 0.41328125 0.0640625 0.0671875
0 0.93515625 0.4984375 0.1296875 0.178125
0 0.86171875 0.6203125 0.1609375 0.146875
0 0.7703125 0.60390625 0.0796875 0.071875
0 0.71484375 0.5234375 0.06953125 0.071875
0 0.76328125 0.4796875 0.06015625 0.08671875
0 0.8125 0.43828125 0.053125 0.05546875
0 0.65390625 0.403125 0.04296875 0.0453125
0 0.725 0.70234375 0.071875 0.05546875
0 0.80625 0.85625 0.1296875 0.1296875
0 0.92421875 0.91015625 0.06953125 0.09609375
0 0.94765625 0.7375 0.1046875 0.184375
0 0.58359375 0.60859375 0.2296875 0.2328125
0 0.49453125 0.659375 0.0515625 0.096875
0 0.47890625 0.76875 0.0203125 0.09375
0 0.54453125 0.75078125 0.06015625 0.0625
0 0.509375 0.865625 0.06953125 0.07421875
0 0.55546875 0.9484375 0.09140625 0.0984375
0 0.625 0.971875 0.05546875 0.0484375