0 0.02109375 0.0296875 0.0421875 0.059375
0 0.01640625 0.1390625 0.0328125 0.090625
0 0.05078125 0.1171875 0.06484375 0.06953125
0 0.11953125 0.09296875 0.1109375 0.11796875
0 0.14296875 0.0328125 0.0640625 0.065625
0 0.334375 0.134375 0.66875 0.26875
0 0.434375 0.25859375 0.2234375 0.240625
0 0.32734375 0.31328125 0.2859375 0.1921875
0 0.2421875 0.35625 0.084375 0.0890625
0 0.08828125 0.2890625 0.06953125 0.071875
0 0.51015625 0.37421875 0.0859375 0.0703125
0 0.64765625 0.35 0.0421875 0.11875
0 0.559375 0.12421875 0.08671875 0.0796875
0 0.2421875 0.01875 0.0625 0.0375
0 0.26015625 0.11484375 0.07421875 0.0765625
0 0.625 0.146875 0.053125 0.05078125
0 0.7296875 0.02421875 0.121875 0.0484375
0 0.8875 0.17265625 0.071875 0.06953125
0 0.30078125 0.96796875 0.1140625 0.0640625
0 0.18984375 0.75625 0.10546875 0.103125
0 0.4765625 0.803125 0.115625 0.0890625
0 0.45390625 0.57265625 0.04296875 0.06015625
0 0.65390625 0.596875 0.0296875 0.0625
0 0.24375 0.646875 0.04296875 0.071875
0 0.1546875 0.64375 0.08671875 0.09140625
0 0.575 0.70859375 0.040625 0.0671875
0 0.46484375 0.9296875 0.0625 0.0625
0 0.8484375 0.80546875 0.18984375 0.18046875
0 0.76015625 0.5375 0.1828125 0.165625
0 0.9734375 0.86328125 0.053125 0.1296875