0 0.29765625 0.2546875 0.5046875 0.509375
0 0.02421875 0.30234375 0.0484375 0.0703125
0 0.11171875 0.20625 0.09140625 0.09609375
0 0.059375 0.14296875 0.11875 0.1265625
0 0.09453125 0.0703125 0.103125 0.084375
0 0.04375 0.0265625 0.0875 0.053125
0 0.51796875 0.1796875 0.0453125 0.0484375
0 0.5390625 0.07734375 0.021875 0.0578125
0 0.05390625 0.4328125 0.084375 0.0890625
0 0.5859375 0.28046875 0.071875 0.0859375
0 0.64921875 0.1671875 0.08203125 0.08203125
0 0.8234375 0.0421875 0.1 0.084375
0 0.921875 0.31171875 0.103125 0.103125
0 0.98203125 0.28203125 0.0359375 0.0890625
0 0.73203125 0.38515625 0.06953125 0.06484375
0 0.7328125 0.32734375 0.06484375 0.06484375
0 0.8703125 0.16015625 0.21640625 0.20703125
0 0.2828125 0.64375 0.378125 0.26875
0 0.1078125 0.8625 0.11796875 0.115625
0 0.403125 0.95234375 0.1 0.0953125
0 0.54140625 0.86171875 0.0171875 0.0765625
0 0.43203125 0.6484375 0.2359375 0.278125
0 0.96953125 0.9578125 0.0609375 0.084375
0 0.6921875 0.94140625 0.115625 0.1171875
0 0.6390625 0.80390625 0.178125 0.2359375
0 0.6890625 0.753125 0.0796875 0.0796875
0 0.79140625 0.63828125 0.0671875 0.06484375
0 0.9125 0.5421875 0.103125 0.065625
0 0.66171875 0.53203125 0.1171875 0.0453125
0 0.61328125 0.559375 0.1265625 0.1
0 0.57421875 0.55390625 0.0484375 0.0890625
0 0.6171875 0.64140625 0.134375 0.2140625
0 0.9171875 0.73515625 0.165625 0.2015625
0 0.91328125 0.86328125 0.1734375 0.2734375