0 0.1296875 0.15 0.259375 0.3
0 0.29296875 0.10625 0.0734375 0.075
0 0.1859375 0.21171875 0.103125 0.103125
0 0.25234375 0.25390625 0.1546875 0.0921875
0 0.825 0.13359375 0.0796875 0.0625
0 0.8734375 0.1921875 0.07421875 0.0671875
0 0.8109375 0.26015625 0.103125 0.0796875
0 0.39296875 0.25078125 0.1265625 0.0984375
0 0.653125 0.23828125 0.06015625 0.0578125
0 0.69765625 0.1609375 0.0578125 0.040625
0 0.6078125 0.11953125 0.0796875 0.084375
0 0.525 0.11328125 0.07421875 0.0765625
0 0.4703125 0.04375 0.0890625 0.071875
0 0.93359375 0.05078125 0.05078125 0.04296875
0 0.98984375 0.13828125 0.0203125 0.0578125
0 0.98828125 0.09609375 0.0234375 0.0453125
0 0.1265625 0.36484375 0.146875 0.1296875
0 0.29140625 0.45 0.0765625 0.08125
0 0.9078125 0.884375 0.184375 0.23125
0 0.4203125 0.971875 0.13125 0.05625
0 0.425 0.890625 0.1703125 0.1703125
0 0.70859375 0.87734375 0.071875 0.071875
0 0.64453125 0.80703125 0.08203125 0.084375
0 0.82890625 0.871875 0.0578125 0.0578125
0 0.778125 0.80234375 0.0625 0.0625
0 0.83359375 0.7640625 0.12734375 0.12734375
0 0.984375 0.7921875 0.03125 0.084375
0 0.884375 0.67109375 0.23125 0.3328125
0 0.81328125 0.6328125 0.06953125 0.06953125
0 0.934375 0.54140625 0.0796875 0.0796875
0 0.95 0.353125 0.08671875 0.08671875
0 0.90234375 0.3203125 0.0578125 0.040625
0 0.7875 0.33984375 0.05546875 0.05546875
0 0.49609375 0.5609375 0.134375 0.134375
0 0.48984375 0.68984375 0.11328125 0.11328125
0 0.44765625 0.73671875 0.084375 0.084375
0 0.553125 0.775 0.09375 0.09375
0 0.59765625 0.68203125 0.0765625 0.0765625
0 0.653125 0.703125 0.0578125 0.0578125
0 0.67578125 0.74453125 0.0578125 0.0578125
0 0.69140625 0.6875 0.07421875 0.07421875
0 0.76015625 0.696875 0.06953125 0.071875
0 0.71328125 0.56796875 0.06953125 0.06953125
0 0.3578125 0.66484375 0.05625 0.0984375
0 0.33984375 0.58125 0.0203125 0.084375
0 0.48125 0.43125 0.05078125 0.05078125
0 0.4140625 0.54375 0.071875 0.071875
0 0.365625 0.5703125 0.0625 0.0625
0 0.35703125 0.5 0.0546875 0.065625
0 0.63984375 0.5203125 0.06484375 0.06484375