0 0.390625 0.35390625 0.1375 0.3546875
0 0.41875 0.1734375 0.08125 0.103125
0 0.278125 0.225 0.09140625 0.09375
0 0.02265625 0.26640625 0.0453125 0.0859375
0 0.08125 0.06484375 0.1625 0.1296875
0 0.35625 0.38359375 0.0796875 0.0796875
0 0.2078125 0.5296875 0.0578125 0.0578125
0 0.92265625 0.0234375 0.0890625 0.046875
0 0.7953125 0.14609375 0.09375 0.084375
0 0.86015625 0.59453125 0.0796875 0.0484375
0 0.50625 0.47578125 0.09375 0.1109375
0 0.48828125 0.05390625 0.0578125 0.0734375
0 0.6140625 0.3 0.0796875 0.0578125
0 0.903125 0.309375 0.0671875 0.071875
0 0.1484375 0.68671875 0.296875 0.1359375
0 0.35625 0.91796875 0.1875 0.1640625
0 0.3546875 0.76328125 0.11328125 0.115625
0 0.24921875 0.69765625 0.1109375 0.1109375
0 0.078125 0.7921875 0.084375 0.084375
0 0.07734375 0.9265625 0.084375 0.084375
0 0.478125 0.96953125 0.0375 0.0609375
0 0.59453125 0.9046875 0.053125 0.0484375
0 0.821875 0.91953125 0.0890625 0.09140625
0 0.8734375 0.9046875 0.06015625 0.06484375
0 0.978125 0.9265625 0.04375 0.0625
0 0.94609375 0.78359375 0.1078125 0.1421875
0 0.778125 0.71875 0.12265625 0.1296875
0 0.6921875 0.73046875 0.19375 0.2234375
0 0.53046875 0.79375 0.1421875 0.35