0 0.3640625 0.00703125 0.065625 0.0140625
0 0.1484375 0.125 0.059375 0.05
0 0.02734375 0.11796875 0.0546875 0.0640625
0 0.76171875 0.0875 0.05078125 0.06484375
0 0.821875 0.09453125 0.071875 0.08203125
0 0.71328125 0.02109375 0.0453125 0.0421875
0 0.77109375 0.015625 0.0390625 0.03125
0 0.07265625 0.7796875 0.1078125 0.11328125
0 0.175 0.815625 0.16796875 0.16796875
0 0.30234375 0.734375 0.115625 0.11328125
0 0.340625 0.53046875 0.11875 0.1203125
0 0.35234375 0.4515625 0.09375 0.0984375
0 0.375 0.88828125 0.05 0.0921875
0 0.190625 0.9859375 0.071875 0.028125
0 0.03046875 0.98125 0.0609375 0.0375
0 0.025 0.6 0.05 0.090625
0 0.1078125 0.53359375 0.1078125 0.103125
0 0.16015625 0.596875 0.07421875 0.0765625
0 0.31796875 0.29765625 0.11328125 0.1109375
0 0.3640625 0.26875 0.071875 0.103125
0 0.14140625 0.29140625 0.1078125 0.11328125
0 0.5203125 0.90625 0.09375 0.103125
0 0.6765625 0.76015625 0.0671875 0.0671875
0 0.8046875 0.26875 0.115625 0.1078125
0 0.590625 0.25 0.084375 0.1078125