0 0.03125 0.10859375 0.0578125 0.0796875
0 0.12578125 0.01328125 0.0609375 0.0265625
0 0.4328125 0.06484375 0.171875 0.1296875
0 0.46328125 0.1453125 0.0578125 0.05546875
0 0.0578125 0.346875 0.09375 0.025
0 0.909375 0.20625 0.18125 0.196875
0 0.69375 0.14453125 0.35 0.2890625
0 0.62109375 0.32734375 0.1015625 0.0640625
0 0.90234375 0.01328125 0.1328125 0.0265625
0 0.53828125 0.3125 0.0390625 0.09375
0 0.53828125 0.09375 0.0390625 0.05
0 0.90625 0.10546875 0.0765625 0.0796875
0 0.42578125 0.84140625 0.1859375 0.2046875
0 0.13515625 0.42109375 0.1515625 0.1234375
0 0.06796875 0.45 0.0796875 0.0890625
0 0.03359375 0.4671875 0.0671875 0.115625
0 0.0296875 0.52265625 0.059375 0.0984375
0 0.18203125 0.7203125 0.07421875 0.07421875
0 0.259375 0.86015625 0.08671875 0.084375
0 0.315625 0.6640625 0.08671875 0.084375
0 0.4 0.6375 0.0796875 0.07421875
0 0.4953125 0.53671875 0.046875 0.0828125
0 0.29140625 0.42578125 0.0796875 0.0765625
0 0.88984375 0.81171875 0.2203125 0.3765625
0 0.86875 0.52421875 0.09609375 0.10078125
0 0.58125 0.66328125 0.06015625 0.0578125