0 0.07109375 0.31796875 0.06484375 0.071875
0 0.2875 0.5046875 0.0578125 0.06953125
0 0.34375 0.2609375 0.071875 0.18125
0 0.4046875 0.16875 0.05 0.09375
0 0.45390625 0.08515625 0.0984375 0.11328125
0 0.509375 0.15 0.0796875 0.08671875
0 0.68828125 0.1765625 0.084375 0.0984375
0 0.65234375 0.03203125 0.0890625 0.0640625
0 0.93671875 0.0296875 0.0765625 0.059375
0 0.93125 0.346875 0.1375 0.178125
0 0.9359375 0.19609375 0.084375 0.0671875
0 0.6703125 0.2703125 0.09609375 0.08671875
0 0.675 0.334375 0.0765625 0.0984375
0 0.5859375 0.41328125 0.08203125 0.08671875
0 0.4390625 0.35078125 0.1078125 0.11328125
0 0.459375 0.44375 0.159375 0.321875
0 0.27421875 0.80234375 0.06015625 0.0671875
0 0.25390625 0.7265625 0.0578125 0.0625
0 0.9390625 0.88984375 0.07421875 0.0765625
0 0.7984375 0.975 0.09375 0.05
0 0.484375 0.76796875 0.209375 0.209375
0 0.590625 0.7703125 0.10546875 0.1078125
0 0.66484375 0.9390625 0.1203125 0.1203125
0 0.58359375 0.6546875 0.1203125 0.090625