0 0.07734375 0.44765625 0.1546875 0.0421875
0 0.1984375 0.43828125 0.115625 0.0609375
0 0.3328125 0.41953125 0.165625 0.0984375
0 0.378125 0.3171875 0.1109375 0.1109375
0 0.25546875 0.31640625 0.09609375 0.08671875
0 0.15234375 0.22578125 0.1515625 0.1109375
0 0.25078125 0.165625 0.21171875 0.1921875
0 0.31484375 0.09765625 0.09140625 0.1109375
0 0.3671875 0.05625 0.134375 0.1125
0 0.175 0.009375 0.125 0.01875
0 0.609375 0.1109375 0.0984375 0.11328125
0 0.59140625 0.4375 0.0484375 0.0625
0 0.63359375 0.43046875 0.0515625 0.0765625
0 0.98984375 0.39609375 0.0203125 0.0890625
0 0.934375 0.1953125 0.06484375 0.07421875
0 0.53046875 0.65625 0.10546875 0.09609375
0 0.4828125 0.84375 0.1109375 0.1078125
0 0.4078125 0.76484375 0.071875 0.06953125
0 0.471875 0.95546875 0.0875 0.0890625
0 0.40859375 0.98203125 0.0515625 0.0359375
0 0.61640625 0.87578125 0.0859375 0.0890625
0 0.384375 0.6375 0.09140625 0.08203125
0 0.7921875 0.903125 0.265625 0.19375
0 0.68671875 0.821875 0.0546875 0.090625
0 0.68828125 0.721875 0.0578125 0.1125
0 0.7890625 0.68515625 0.14453125 0.14921875
0 0.79296875 0.590625 0.10546875 0.11328125
0 0.76796875 0.49296875 0.1015625 0.0484375
0 0.953125 0.49375 0.06875 0.05
0 0.940625 0.7671875 0.05078125 0.0578125
0 0.9875 0.75078125 0.025 0.0765625
0 0.965625 0.909375 0.06875 0.084375