0 0.1359375 0.16796875 0.103125 0.1203125
0 0.059375 0.19296875 0.11875 0.2046875
0 0.33515625 0.22890625 0.0296875 0.0765625
0 0.16875 0.478125 0.128125 0.04375
0 0.05078125 0.48671875 0.0671875 0.0265625
0 0.33828125 0.3078125 0.0234375 0.065625
0 0.28359375 0.3203125 0.0890625 0.09375
0 0.30859375 0.103125 0.0484375 0.05546875
0 0.94609375 0.38828125 0.07421875 0.07421875
0 0.4953125 0.44296875 0.128125 0.1140625
0 0.4109375 0.3765625 0.09609375 0.0984375
0 0.953125 0.12734375 0.09375 0.1296875
0 0.6578125 0.271875 0.06015625 0.0484375
0 0.6515625 0.4546875 0.0578125 0.06015625
0 0.009375 0.80234375 0.01875 0.0546875
0 0.04375 0.81171875 0.07421875 0.0765625
0 0.14140625 0.94296875 0.0453125 0.053125
0 0.2828125 0.9609375 0.071875 0.06953125
0 0.0578125 0.57421875 0.08671875 0.09140625
0 0.14921875 0.66171875 0.10078125 0.10546875
0 0.2796875 0.64140625 0.09140625 0.103125
0 0.61875 0.9734375 0.103125 0.053125
0 0.79765625 0.66796875 0.103125 0.103125
0 0.83515625 0.53046875 0.1296875 0.0609375
0 0.6234375 0.7375 0.09375 0.09375
0 0.59375 0.8484375 0.0890625 0.0890625
0 0.734375 0.865625 0.09609375 0.09609375
0 0.4421875 0.96640625 0.071875 0.0671875
0 0.534375 0.9203125 0.07421875 0.07421875
0 0.4921875 0.86640625 0.09140625 0.09140625
0 0.41796875 0.90625 0.1359375 0.15625
0 0.37265625 0.8546875 0.0453125 0.103125
0 0.62890625 0.62421875 0.3765625 0.2484375
0 0.86015625 0.9015625 0.09609375 0.09375
0 0.9609375 0.86796875 0.078125 0.0828125