0 0.0578125 0.159375 0.115625 0.21875
0 0.15234375 0.134375 0.165625 0.165625
0 0.234375 0.04140625 0.15 0.0828125
0 0.25546875 0.09921875 0.1078125 0.1984375
0 0.2671875 0.25859375 0.084375 0.1265625
0 0.221875 0.3734375 0.175 0.1125
0 0.2640625 0.3515625 0.090625 0.15625
0 0.378125 0.11796875 0.10546875 0.12734375
0 0.44375 0.10234375 0.0671875 0.0625
0 0.43671875 0.16484375 0.05078125 0.05078125
0 0.3921875 0.25859375 0.0578125 0.05078125
0 0.95390625 0.02109375 0.0515625 0.0421875
0 0.6765625 0.021875 0.04375 0.04375
0 0.63828125 0.0109375 0.0390625 0.021875
0 0.5703125 0.01875 0.05 0.0375
0 0.50625 0.0234375 0.071875 0.046875
0 0.71875 0.23828125 0.5625 0.3828125
0 0.19609375 0.459375 0.1140625 0.059375
0 0.15546875 0.584375 0.10546875 0.11796875
0 0.03515625 0.8765625 0.0703125 0.090625
0 0.596875 0.62734375 0.1390625 0.1390625
0 0.7109375 0.77890625 0.14921875 0.14453125
0 0.64609375 0.9578125 0.1453125 0.084375
0 0.87265625 0.621875 0.09375 0.0890625
0 0.946875 0.63046875 0.10625 0.1359375
0 0.97265625 0.721875 0.0546875 0.075
0 0.87421875 0.809375 0.1390625 0.134375
0 0.93203125 0.9890625 0.0765625 0.021875
0 0.56171875 0.54140625 0.0890625 0.0890625
0 0.3375 0.4546875 0.05625 0.05