0 0.13359375 0.19296875 0.15625 0.14453125
0 0.034375 0.15 0.0359375 0.040625
0 0.86875 0.03203125 0.125 0.0640625
0 0.78515625 0.12109375 0.09375 0.071875
0 0.865625 0.2578125 0.071875 0.04375
0 0.9546875 0.04296875 0.0625 0.06953125
0 0.5515625 0.48984375 0.05625 0.2578125
0 0.23203125 0.40859375 0.12734375 0.12734375
0 0.0453125 0.35859375 0.090625 0.0984375
0 0.26875 0.7765625 0.5375 0.446875
0 0.93828125 0.98515625 0.0640625 0.0296875
0 0.60703125 0.7859375 0.0546875 0.1125
0 0.6890625 0.346875 0.06953125 0.05078125
0 0.9296875 0.34296875 0.0625 0.06484375
0 0.98125 0.31484375 0.0375 0.0703125
0 0.92734375 0.63671875 0.1453125 0.4953125
0 0.70703125 0.68125 0.125 0.1515625