0 0.08046875 0.15546875 0.1390625 0.11796875
0 0.140625 0.2703125 0.053125 0.0671875
0 0.3578125 0.41640625 0.0765625 0.0625
0 0.3796875 0.1453125 0.0671875 0.0671875
0 0.01171875 0.48828125 0.0234375 0.0578125
0 0.0453125 0.453125 0.0453125 0.03125
0 0.0140625 0.42734375 0.028125 0.0359375
0 0.4 0.56484375 0.040625 0.0359375
0 0.4046875 0.42109375 0.03125 0.01953125
0 0.1671875 0.11796875 0.03359375 0.03359375
0 0.24140625 0.1265625 0.021875 0.03125
0 0.296875 0.19375 0.01953125 0.0265625
0 0.30859375 0.0515625 0.03359375 0.03125
0 0.56484375 0.4609375 0.15859375 0.1609375
0 0.8890625 0.28125 0.221875 0.465625
0 0.48203125 0.4890625 0.0640625 0.121875
0 0.7078125 0.5484375 0.09140625 0.084375
0 0.73671875 0.0453125 0.1078125 0.090625
0 0.86875 0.03671875 0.15 0.0734375
0 0.19140625 0.63125 0.0828125 0.0625
0 0.25234375 0.72578125 0.0796875 0.084375
0 0.34375 0.821875 0.09375 0.103125
0 0.12578125 0.87109375 0.08203125 0.0796875
0 0.4296875 0.96171875 0.040625 0.0734375
0 0.0171875 0.6171875 0.034375 0.034375
0 0.07578125 0.65 0.0578125 0.0578125
0 0.4828125 0.9625 0.065625 0.075