0 0.42578125 0.29453125 0.0671875 0.1203125
0 0.4078125 0.17421875 0.0578125 0.0671875
0 0.16015625 0.0234375 0.0890625 0.046875
0 0.12734375 0.296875 0.07421875 0.0671875
0 0.03515625 0.11484375 0.03359375 0.040625
0 0.10703125 0.009375 0.0359375 0.01875
0 0.37265625 0.33125 0.03828125 0.03359375
0 0.28515625 0.321875 0.02421875 0.03125
0 0.2234375 0.25 0.021875 0.0265625
0 0.20703125 0.39609375 0.03828125 0.03125
0 0.475 0.44765625 0.03125 0.1140625
0 0.52734375 0.4671875 0.10546875 0.1109375
0 0.53359375 0.346875 0.103125 0.10546875
0 0.7640625 0.52109375 0.134375 0.0953125
0 0.67578125 0.4390625 0.1515625 0.15390625
0 0.8140625 0.2046875 0.14921875 0.1421875
0 0.89296875 0.271875 0.0984375 0.10546875
0 0.6 0.0734375 0.0625 0.0625
0 0.71015625 0.065625 0.06484375 0.06484375
0 0.39296875 0.78359375 0.1203125 0.11796875
0 0.25390625 0.60390625 0.1203125 0.0703125
0 0.08515625 0.68046875 0.1109375 0.115625
0 0.0984375 0.74140625 0.071875 0.0765625
0 0.08671875 0.8015625 0.07421875 0.0765625
0 0.25703125 0.75859375 0.0765625 0.08203125
0 0.30390625 0.69609375 0.084375 0.08203125
0 0.325 0.9890625 0.0875 0.021875
0 0.21953125 0.91796875 0.2421875 0.1640625
0 0.3796875 0.85703125 0.0765625 0.071875
0 0.415625 0.9 0.08203125 0.0796875
0 0.61875 0.9671875 0.09375 0.065625
0 0.56171875 0.92109375 0.1515625 0.15390625
0 0.4734375 0.6046875 0.028125 0.071875
0 0.7140625 0.63671875 0.0671875 0.0796875
0 0.7140625 0.72421875 0.09375 0.09140625
0 0.85234375 0.75703125 0.12734375 0.12734375
0 0.8140625 0.61484375 0.0765625 0.0765625