0 0.07109375 0.1453125 0.103125 0.1296875
0 0.12734375 0.25 0.1109375 0.1078125
0 0.0203125 0.5390625 0.040625 0.05
0 0.1 0.51328125 0.0625 0.0578125
0 0.1890625 0.44140625 0.071875 0.09140625
0 0.18984375 0.06953125 0.06953125 0.0671875
0 0.31640625 0.01875 0.0796875 0.0375
0 0.884375 0.096875 0.18515625 0.1828125
0 0.80625 0.14296875 0.15390625 0.1515625
0 0.96953125 0.35859375 0.0609375 0.0859375
0 0.721875 0.57421875 0.090625 0.0109375
0 0.490625 0.09609375 0.12734375 0.12734375
0 0.3921875 0.09375 0.065625 0.11875
0 0.59140625 0.21484375 0.14921875 0.146875
0 0.6609375 0.1390625 0.08203125 0.08203125
0 0.690625 0.025 0.084375 0.05
0 0.71875 0.31484375 0.22109375 0.22109375
0 0.35 0.9359375 0.01875 0.05625
0 0.3125 0.8984375 0.08671875 0.08203125
0 0.746875 0.60078125 0.175 0.0421875
0 0.6296875 0.86796875 0.22578125 0.24296875
0 0.96484375 0.95234375 0.0703125 0.0953125
0 0.90859375 0.64609375 0.1828125 0.1328125