0 0.5125 0.0734375 0.146875 0.146875
0 0.525 0.184375 0.146875 0.14453125
0 0.12109375 0.37109375 0.146875 0.14453125
0 0.2703125 0.31328125 0.115625 0.12265625
0 0.30390625 0.41328125 0.07421875 0.06953125
0 0.3953125 0.421875 0.08203125 0.0765625
0 0.50703125 0.3890625 0.103125 0.11328125
0 0.64375 0.04296875 0.071875 0.0859375
0 0.0328125 0.01875 0.065625 0.0375
0 0.78671875 0.05078125 0.2140625 0.1015625
0 0.9515625 0.0375 0.096875 0.075
0 0.8421875 0.15390625 0.11796875 0.125
0 0.79296875 0.35 0.0765625 0.084375
0 0.775 0.44140625 0.04296875 0.07421875
0 0.7140625 0.45 0.06875 0.1
0 0.7484375 0.1984375 0.053125 0.06015625
0 0.03984375 0.53203125 0.0796875 0.0453125
0 0.57890625 0.82578125 0.11328125 0.103125
0 0.61171875 0.97578125 0.0671875 0.0484375
0 0.43203125 0.9171875 0.0671875 0.05546875
0 0.384375 0.8390625 0.06484375 0.0625
0 0.1890625 0.88984375 0.07421875 0.08203125
0 0.11953125 0.903125 0.053125 0.0578125
0 0.1734375 0.78515625 0.08203125 0.084375
0 0.071875 0.72265625 0.0578125 0.05078125
0 0.06328125 0.6578125 0.0625 0.0578125
0 0.13515625 0.653125 0.05546875 0.0453125
0 0.3546875 0.54609375 0.10625 0.0734375
0 0.446875 0.515625 0.053125 0.0125
0 0.5875 0.671875 0.07421875 0.07421875
0 0.659375 0.7 0.040625 0.053125
0 0.2796875 0.76875 0.06015625 0.05546875
0 0.74375 0.90859375 0.11796875 0.1296875
0 0.6953125 0.6671875 0.03125 0.084375