0 0.14765625 0.03828125 0.1109375 0.0765625
0 0.44453125 0.3296875 0.1109375 0.078125
0 0.33125 0.2359375 0.08203125 0.09609375
0 0.2625 0.31328125 0.0578125 0.05078125
0 0.175 0.28671875 0.0625 0.0578125
0 0.0859375 0.21484375 0.071875 0.09140625
0 0.77890625 0.271875 0.2140625 0.19375
0 0.95 0.08046875 0.1 0.1609375
0 0.96171875 0.23359375 0.0765625 0.1140625
0 0.7953125 0.01875 0.115625 0.0375
0 0.4625 0.7953125 0.15859375 0.16328125
0 0.5515625 0.5625 0.034375 0.065625
0 0.4875 0.43671875 0.09609375 0.10078125
0 0.35546875 0.47890625 0.0765625 0.0796875
0 0.2078125 0.47890625 0.084375 0.071875
0 0.1640625 0.46328125 0.071875 0.0671875
0 0.12421875 0.44375 0.09140625 0.09140625
0 0.1359375 0.39296875 0.1 0.0484375
0 0.23515625 0.809375 0.1078125 0.10546875
0 0.3578125 0.9328125 0.09609375 0.0984375
0 0.11953125 0.9234375 0.09609375 0.0890625
0 0.0234375 0.88671875 0.046875 0.0796875
0 0.15703125 0.78515625 0.0890625 0.09375
0 0.80390625 0.4078125 0.0765625 0.078125
0 0.91796875 0.5421875 0.0578125 0.08671875
0 0.96015625 0.4515625 0.0359375 0.06015625
0 0.65625 0.4109375 0.08125 0.084375
0 0.58359375 0.3875 0.0296875 0.0375
0 0.57265625 0.475 0.0078125 0.084375
0 0.6203125 0.56953125 0.0625 0.0671875
0 0.590625 0.74609375 0.04375 0.1078125
0 0.6984375 0.853125 0.0890625 0.0890625
0 0.8390625 0.81484375 0.0671875 0.08671875
0 0.95 0.984375 0.09375 0.03125