0 0.109375 0.1890625 0.09140625 0.0796875
0 0.25859375 0.103125 0.103125 0.0671875
0 0.29140625 0.3296875 0.084375 0.09609375
0 0.06484375 0.3265625 0.115625 0.1390625
0 0.075 0.415625 0.040625 0.028125
0 0.746875 0.38203125 0.184375 0.0953125
0 0.77421875 0.29765625 0.0984375 0.0890625
0 0.61328125 0.4171875 0.0796875 0.025
0 0.940625 0.09921875 0.11875 0.1078125
0 0.84140625 0.159375 0.1078125 0.09609375
0 0.5859375 0.1453125 0.071875 0.1
0 0.61875 0.0421875 0.1375 0.084375
0 0.13125 0.7984375 0.08203125 0.1078125
0 0.2 0.72734375 0.0765625 0.0765625
0 0.4578125 0.86796875 0.05546875 0.0625
0 0.525 0.69453125 0.05 0.1046875
0 0.4015625 0.47265625 0.0625 0.0625
0 0.4953125 0.45 0.0625 0.040625
0 0.58515625 0.90859375 0.0484375 0.05546875
0 0.990625 0.9171875 0.01875 0.0625
0 0.915625 0.8265625 0.06484375 0.071875
0 0.92265625 0.75625 0.08671875 0.084375
0 0.76015625 0.6078125 0.0890625 0.09375
0 0.65703125 0.5375 0.06015625 0.06484375
0 0.5859375 0.553125 0.06015625 0.06484375
0 0.59921875 0.67421875 0.0984375 0.1296875
0 0.7125 0.9375 0.0578125 0.0625
0 0.75234375 0.99453125 0.0578125 0.0109375
0 0.715625 0.49609375 0.06015625 0.06484375
0 0.934375 0.65 0.053125 0.06484375
0 0.875 0.54765625 0.03125 0.03828125