0 0.07578125 0.1046875 0.084375 0.09609375
0 0.1546875 0.30546875 0.06015625 0.06484375
0 0.2453125 0.3390625 0.065625 0.1
0 0.35078125 0.32734375 0.06015625 0.07421875
0 0.92421875 0.01953125 0.1515625 0.0390625
0 0.58203125 0.08125 0.13203125 0.1203125
0 0.55703125 0.23984375 0.19453125 0.19921875
0 0.7359375 0.2578125 0.13203125 0.12734375
0 0.675 0.353125 0.11875 0.071875
0 0.9015625 0.20625 0.15390625 0.146875
0 0.85859375 0.1078125 0.08203125 0.084375
0 0.740625 0.03515625 0.084375 0.0703125
0 0.9734375 0.12109375 0.053125 0.2234375
0 0.153125 0.50625 0.06484375 0.0796875
0 0.01015625 0.85546875 0.0203125 0.0765625
0 0.35390625 0.8765625 0.18984375 0.21640625
0 0.33203125 0.53671875 0.2359375 0.2953125
0 0.1171875 0.68828125 0.0890625 0.08203125
0 0.0078125 0.61015625 0.015625 0.0671875
0 0.51875 0.603125 0.1375 0.271875
0 0.47734375 0.85859375 0.0546875 0.0890625
0 0.515625 0.7921875 0.0578125 0.0625
0 0.6953125 0.803125 0.0890625 0.07421875
0 0.7546875 0.80078125 0.05078125 0.06484375
0 0.7171875 0.87734375 0.0625 0.0765625
0 0.66796875 0.5078125 0.0765625 0.0625
0 0.84375 0.53046875 0.05078125 0.05546875
0 0.93359375 0.5984375 0.12265625 0.1109375
0 0.790625 0.97421875 0.09375 0.0515625
0 0.59609375 0.959375 0.1140625 0.08125
0 0.88671875 0.82578125 0.06953125 0.06953125