0 0.35 0.3671875 0.09140625 0.0796875
0 0.2 0.4390625 0.103125 0.040625
0 0.16796875 0.2265625 0.084375 0.09609375
0 0.39453125 0.2296875 0.115625 0.1390625
0 0.45078125 0.0984375 0.0890625 0.103125
0 0.38359375 0.1296875 0.040625 0.0484375
0 0.08828125 0.02890625 0.0609375 0.0578125
0 0.88125 0.2796875 0.10546875 0.10546875
0 0.8265625 0.35546875 0.1078125 0.1078125
0 0.821875 0.42734375 0.1125 0.0640625
0 0.77578125 0.40859375 0.09375 0.09375
0 0.66015625 0.36640625 0.084375 0.084375
0 0.69375 0.33671875 0.08671875 0.08671875
0 0.7265625 0.221875 0.125 0.125
0 0.7640625 0.14921875 0.1609375 0.1609375
0 0.62421875 0.13125 0.196875 0.196875
0 0.5484375 0.07265625 0.096875 0.1453125
0 0.55703125 0.3265625 0.1140625 0.134375
0 0.534375 0.4140625 0.06875 0.090625
0 0.7953125 0.05859375 0.1375 0.1171875
0 0.95 0.12421875 0.1 0.1015625
0 0.8890625 0.10546875 0.08671875 0.08671875
0 0.9515625 0.3390625 0.096875 0.240625
0 0.45546875 0.96640625 0.0890625 0.0671875
0 0.02421875 0.9421875 0.0484375 0.115625
0 0.459375 0.84609375 0.08125 0.0859375
0 0.41484375 0.82265625 0.09609375 0.10078125
0 0.23984375 0.98984375 0.0671875 0.0203125
0 0.10703125 0.9765625 0.0734375 0.046875
0 0.12734375 0.7671875 0.1109375 0.11328125
0 0.078125 0.70859375 0.071875 0.0765625
0 0.18046875 0.6734375 0.0796875 0.0765625
0 0.30859375 0.76875 0.0765625 0.0796875
0 0.275 0.67734375 0.11328125 0.115625
0 0.35 0.5546875 0.09375 0.09140625
0 0.44140625 0.64765625 0.1078125 0.115625
0 0.44453125 0.534375 0.071875 0.06953125
0 0.96171875 0.8390625 0.07421875 0.06953125
0 0.975 0.76875 0.05 0.0625
0 0.98359375 0.7296875 0.0328125 0.053125
0 0.8328125 0.48515625 0.053125 0.0515625
0 0.67734375 0.5265625 0.06953125 0.08203125
0 0.57265625 0.56875 0.0484375 0.06953125
0 0.6671875 0.84765625 0.06953125 0.0671875
0 0.58828125 0.98046875 0.0859375 0.0390625