0 0.1796875 0.496875 0.09140625 0.0796875
0 0.32890625 0.5828125 0.103125 0.0671875
0 0.36171875 0.35625 0.084375 0.09609375
0 0.13515625 0.359375 0.115625 0.1390625
0 0.07890625 0.228125 0.0890625 0.103125
0 0.14609375 0.259375 0.040625 0.0484375
0 0.440625 0.15546875 0.06015625 0.06484375
0 0.53203125 0.1203125 0.06484375 0.10078125
0 0.5578125 0.01796875 0.021875 0.0359375
0 0.8640625 0.6421875 0.0578125 0.06015625
0 0.74140625 0.64140625 0.0984375 0.0765625
0 0.7828125 0.31640625 0.13203125 0.1296875
0 0.8546875 0.3765625 0.0578125 0.0765625
0 0.80546875 0.528125 0.071875 0.0796875
0 0.92890625 0.2890625 0.071875 0.0796875
0 0.96875 0.11015625 0.0625 0.0796875
0 0.8359375 0.05390625 0.15 0.1078125
0 0.671875 0.05078125 0.09375 0.084375
0 0.60625 0.16640625 0.075 0.0953125
0 0.59140625 0.52890625 0.0453125 0.1203125
0 0.40390625 0.75 0.3296875 0.140625
0 0.28515625 0.70859375 0.0734375 0.0578125
0 0.425 0.78203125 0.08203125 0.08203125
0 0.5390625 0.7890625 0.059375 0.134375
0 0.46640625 0.96484375 0.0890625 0.0703125
0 0.29921875 0.99140625 0.0578125 0.0171875
0 0.01796875 0.82109375 0.0359375 0.1390625
0 0.05546875 0.7 0.0796875 0.040625
0 0.15234375 0.68984375 0.0765625 0.0203125
0 0.190625 0.784375 0.06953125 0.071875
0 0.12109375 0.84453125 0.06484375 0.0671875
0 0.9390625 0.8515625 0.121875 0.153125
0 0.678125 0.75625 0.1109375 0.11796875
0 0.64140625 0.85625 0.06953125 0.0625
0 0.753125 0.940625 0.08203125 0.0984375
0 0.70625 0.690625 0.059375 0.021875
0 0.78203125 0.7796875 0.0796875 0.08203125
0 0.8296875 0.7453125 0.07421875 0.0765625
0 0.63125 0.978125 0.071875 0.04375
0 0.59609375 0.97109375 0.0546875 0.0578125
0 0.590625 0.9 0.04375 0.090625
0 0.978125 0.94296875 0.04375 0.1140625