0 0.29296875 0.06875 0.0625 0.0671875
0 0.3828125 0.10625 0.06953125 0.10078125
0 0.4875 0.096875 0.0625 0.0765625
0 0.3421875 0.25078125 0.071875 0.08203125
0 0.4171875 0.21796875 0.0453125 0.05078125
0 0.3796875 0.3265625 0.06015625 0.0453125
0 0.6765625 0.13671875 0.315625 0.2734375
0 0.9671875 0.06171875 0.065625 0.0765625
0 0.97578125 0.275 0.0484375 0.065625
0 0.8171875 0.34140625 0.059375 0.0546875
0 0.59453125 0.34921875 0.0671875 0.0390625
0 0.53671875 0.34765625 0.0359375 0.0421875
0 0.4546875 0.40234375 0.128125 0.0671875
0 0.43671875 0.50703125 0.15859375 0.13203125
0 0.4375 0.609375 0.084375 0.07421875
0 0.3296875 0.45078125 0.0671875 0.071875
0 0.5046875 0.8078125 0.028125 0.090625
0 0.46640625 0.740625 0.09140625 0.08203125
0 0.2375 0.69921875 0.084375 0.08671875
0 0.140625 0.58984375 0.14453125 0.1421875
0 0.03046875 0.45859375 0.0609375 0.1046875
0 0.10703125 0.8703125 0.12265625 0.1421875
0 0.23984375 0.82421875 0.13671875 0.134375
0 0.32578125 0.92578125 0.06015625 0.0578125
0 0.4171875 0.94453125 0.0796875 0.071875
0 0.19921875 0.96953125 0.0578125 0.0609375
0 0.84609375 0.3890625 0.1234375 0.040625
0 0.8859375 0.44296875 0.10546875 0.09609375
0 0.7578125 0.70234375 0.1109375 0.10078125
0 0.8484375 0.75859375 0.06484375 0.06953125
0 0.7015625 0.6 0.08203125 0.071875
0 0.7375 0.53515625 0.07421875 0.0625
0 0.53046875 0.9515625 0.0234375 0.071875
0 0.565625 0.9828125 0.071875 0.034375
0 0.6671875 0.9609375 0.0875 0.078125
0 0.809375 0.990625 0.059375 0.01875
0 0.86484375 0.9171875 0.05546875 0.05546875
0 0.96484375 0.8484375 0.0703125 0.059375
0 0.95625 0.67109375 0.06484375 0.053125