0 0.25234375 0.04140625 0.0734375 0.0828125
0 0.18828125 0.2375 0.0625 0.0671875
0 0.0984375 0.275 0.06953125 0.10078125
0 0.0125 0.26484375 0.025 0.0765625
0 0.1390625 0.41953125 0.071875 0.08203125
0 0.0640625 0.38671875 0.0453125 0.05078125
0 0.1015625 0.4953125 0.06015625 0.0453125
0 0.32890625 0.55703125 0.040625 0.053125
0 0.803125 0.603125 0.08203125 0.07421875
0 0.878125 0.575 0.0625 0.07421875
0 0.89375 0.434375 0.0578125 0.0796875
0 0.95234375 0.125 0.05078125 0.06015625
0 0.40703125 0.15703125 0.0984375 0.11796875
0 0.31875 0.23203125 0.059375 0.0796875
0 0.6546875 0.28828125 0.0578125 0.06484375
0 0.4359375 0.51875 0.06015625 0.0453125
0 0.36015625 0.525 0.06953125 0.06484375
0 0.0765625 0.9328125 0.08671875 0.1078125
0 0.49921875 0.93828125 0.07421875 0.0671875
0 0.71015625 0.9296875 0.0765625 0.040625
0 0.59296875 0.97421875 0.0640625 0.0515625
0 0.8484375 0.946875 0.05078125 0.0625
0 0.96875 0.81484375 0.0625 0.0640625
0 0.81953125 0.8546875 0.0484375 0.0453125
0 0.86171875 0.81484375 0.040625 0.02421875
0 0.85234375 0.78125 0.0453125 0.05078125
0 0.7453125 0.80625 0.08203125 0.0796875
0 0.303125 0.8390625 0.028125 0.06875
0 0.8 0.67734375 0.075 0.0546875
0 0.59375 0.8078125 0.0796875 0.06015625