0 0.46015625 0.31328125 0.11328125 0.1109375
0 0.584375 0.36015625 0.03125 0.1046875
0 0.55390625 0.5578125 0.0921875 0.084375
0 0.3828125 0.43203125 0.06953125 0.071875
0 0.1796875 0.48515625 0.08203125 0.08203125
0 0.13984375 0.5140625 0.06015625 0.06015625
0 0.06953125 0.5390625 0.09609375 0.09609375
0 0.28046875 0.6265625 0.05546875 0.0578125
0 0.16328125 0.19375 0.0890625 0.0890625
0 0.24921875 0.27109375 0.0765625 0.0765625
0 0.2109375 0.315625 0.0625 0.0625
0 0.321875 0.121875 0.0578125 0.0578125
0 0.4359375 0.084375 0.0578125 0.05546875
0 0.4515625 0.05234375 0.05546875 0.05546875
0 0.57265625 0.14765625 0.0546875 0.0703125
0 0.76328125 0.01796875 0.1203125 0.0359375
0 0.66875 0.09375 0.10078125 0.10078125
0 0.79296875 0.21640625 0.36328125 0.3609375
0 0.89375 0.05234375 0.071875 0.06953125
0 0.9875 0.09921875 0.025 0.1984375
0 0.7515625 0.496875 0.07421875 0.0890625
0 0.6953125 0.4640625 0.0765625 0.0765625
0 0.78046875 0.40625 0.0671875 0.053125
0 0.75625 0.5953125 0.0796875 0.08203125
0 0.88125 0.559375 0.09609375 0.09140625
0 0.515625 0.9296875 0.09140625 0.07421875
0 0.40546875 0.92890625 0.05546875 0.05546875
0 0.45234375 0.89609375 0.06484375 0.071875
0 0.30546875 0.7125 0.0484375 0.0578125
0 0.2515625 0.71328125 0.05078125 0.05078125
0 0.2265625 0.82421875 0.06484375 0.0578125
0 0.525 0.87421875 0.15 0.2515625
0 0.1078125 0.83984375 0.215625 0.3203125
0 0.5109375 0.7234375 0.03359375 0.03359375
0 0.94921875 0.86796875 0.1015625 0.2640625
0 0.6453125 0.8046875 0.090625 0.25
0 0.87734375 0.90078125 0.0671875 0.0796875