0 0.30703125 0.07578125 0.0234375 0.0546875
0 0.12265625 0.1484375 0.05546875 0.0625
0 0.0734375 0.14765625 0.04296875 0.04296875
0 0.0171875 0.165625 0.034375 0.06875
0 0.27421875 0.3984375 0.06015625 0.0671875
0 0.2953125 0.28359375 0.046875 0.0546875
0 0.24375 0.2703125 0.0453125 0.0453125
0 0.82265625 0.52734375 0.1328125 0.0640625
0 0.94921875 0.49140625 0.1015625 0.1359375
0 0.41640625 0.50390625 0.0671875 0.0796875
0 0.61484375 0.24375 0.0796875 0.08671875
0 0.575 0.15859375 0.0796875 0.084375
0 0.55078125 0.06484375 0.09140625 0.09375
0 0.67578125 0.0578125 0.08203125 0.09140625
0 0.7984375 0.209375 0.0765625 0.0765625
0 0.90703125 0.35078125 0.103125 0.11796875
0 0.7515625 0.44921875 0.06484375 0.0890625
0 0.22421875 0.9640625 0.0796875 0.06953125
0 0.046875 0.98203125 0.09375 0.0359375
0 0.20625 0.82109375 0.09375 0.08671875
0 0.27578125 0.7828125 0.07421875 0.08203125
0 0.2703125 0.6421875 0.06953125 0.0890625
0 0.70703125 0.90625 0.0796875 0.08671875
0 0.6671875 0.82109375 0.0796875 0.084375
0 0.64296875 0.72734375 0.09140625 0.09375
0 0.625 0.62890625 0.06953125 0.09140625
0 0.76796875 0.7203125 0.08203125 0.09140625
0 0.890625 0.871875 0.0765625 0.0765625
0 0.9734375 0.9765625 0.053125 0.046875
0 0.92734375 0.584375 0.0703125 0.05
0 0.534375 0.590625 0.059375 0.0625
0 0.3421875 0.69609375 0.046875 0.1109375