0 0.32578125 0.4375 0.0890625 0.0625
0 0.034375 0.21796875 0.06875 0.0984375
0 0.4921875 0.0171875 0.065625 0.034375
0 0.56015625 0.0359375 0.1265625 0.071875
0 0.496875 0.13125 0.075 0.15625
0 0.4703125 0.246875 0.021875 0.134375
0 0.61875 0.26328125 0.0890625 0.11796875
0 0.659375 0.0671875 0.10546875 0.09375
0 0.8109375 0.1734375 0.07421875 0.06484375
0 0.73984375 0.246875 0.0625 0.06953125
0 0.7328125 0.328125 0.06484375 0.05546875
0 0.65703125 0.40859375 0.05078125 0.053125
0 0.35 0.94140625 0.21875 0.1171875
0 0.1328125 0.97734375 0.071875 0.0453125
0 0.06953125 0.92109375 0.08203125 0.084375
0 0.25390625 0.978125 0.0578125 0.04375
0 0.203125 0.91640625 0.0625 0.0625
0 0.25859375 0.878125 0.12734375 0.12734375
0 0.4265625 0.90625 0.065625 0.084375
0 0.3265625 0.78515625 0.265625 0.3328125
0 0.23828125 0.746875 0.06953125 0.06953125
0 0.359375 0.65546875 0.0796875 0.0796875
0 0.37421875 0.4890625 0.0859375 0.040625
0 0.21171875 0.475 0.0546875 0.0125
0 0.0125 0.8890625 0.025 0.09375
0 0.03046875 0.79609375 0.0609375 0.0765625
0 0.078125 0.8171875 0.0578125 0.0578125
0 0.10078125 0.85859375 0.0578125 0.0578125
0 0.11640625 0.8015625 0.07421875 0.07421875
0 0.18515625 0.8109375 0.06953125 0.071875
0 0.13828125 0.68203125 0.06953125 0.06953125
0 0.06484375 0.634375 0.06484375 0.06484375
0 0.753125 0.546875 0.0984375 0.10078125
0 0.74609375 0.6484375 0.1421875 0.1390625
0 0.665625 0.68046875 0.125 0.12734375
0 0.72109375 0.91640625 0.125 0.125
0 0.671875 0.98515625 0.096875 0.0296875
0 0.88671875 0.94765625 0.0765625 0.07421875
0 0.965625 0.8984375 0.06875 0.090625