0 0.47578125 0.11796875 0.0625 0.06484375
0 0.58984375 0.4140625 0.0203125 0.103125
0 0.5296875 0.55078125 0.13203125 0.1203125
0 0.04453125 0.51015625 0.0890625 0.1109375
0 0.56640625 0.17734375 0.0671875 0.2015625
0 0.9609375 0.32109375 0.078125 0.0859375
0 0.90859375 0.16328125 0.165625 0.15625
0 0.86875 0.05546875 0.09609375 0.0796875
0 0.6109375 0.1375 0.021875 0.0625
0 0.815625 0.4 0.06953125 0.053125
0 0.8109375 0.4375 0.0984375 0.08671875
0 0.8890625 0.459375 0.0484375 0.03828125
0 0.990625 0.47890625 0.01875 0.0546875
0 0.6140625 0.52109375 0.028125 0.0421875
0 0.65625 0.578125 0.0484375 0.03828125
0 0.76796875 0.59296875 0.0546875 0.0515625
0 0.75 0.50234375 0.053125 0.05078125
0 0.08359375 0.8890625 0.1671875 0.215625
0 0.1828125 0.7625 0.09375 0.10546875
0 0.11015625 0.634375 0.0578125 0.03125
0 0.29140625 0.63671875 0.0453125 0.0359375
0 0.48203125 0.9734375 0.0484375 0.053125
0 0.8109375 0.796875 0.0890625 0.08671875
0 0.703125 0.6765625 0.09375 0.0984375