0 0.06015625 0.5078125 0.0984375 0.103125
0 0.1046875 0.14453125 0.0984375 0.10078125
0 0.596875 0.4234375 0.025 0.10625
0 0.571875 0.37890625 0.075 0.0796875
0 0.37265625 0.01328125 0.0671875 0.0265625
0 0.01875 0.1171875 0.0375 0.071875
0 0.72109375 0.5875 0.08203125 0.0796875
0 0.7953125 0.6265625 0.09375 0.065625
0 0.8125 0.55625 0.0671875 0.06015625
0 0.75 0.4328125 0.10078125 0.09609375
0 0.625 0.38125 0.03125 0.075
0 0.85703125 0.1296875 0.14921875 0.1421875
0 0.921875 0.20390625 0.0484375 0.0625
0 0.9828125 0.37265625 0.034375 0.1109375
0 0.6203125 0.09375 0.021875 0.071875
0 0.3046875 0.8296875 0.609375 0.340625
0 0.8046875 0.8296875 0.390625 0.340625