0 0.02578125 0.33046875 0.0515625 0.1078125
0 0.1234375 0.03046875 0.1 0.0609375
0 0.5140625 0.36953125 0.103125 0.1109375
0 0.47890625 0.31796875 0.09375 0.08671875
0 0.55234375 0.3171875 0.0765625 0.0765625
0 0.653125 0.271875 0.071875 0.075
0 0.6515625 0.0359375 0.075 0.071875
0 0.71640625 0.48515625 0.0546875 0.1359375
0 0.77265625 0.57265625 0.0953125 0.0546875
0 0.78359375 0.50546875 0.1515625 0.1515625
0 0.93515625 0.446875 0.1296875 0.134375
0 0.9234375 0.32578125 0.153125 0.1703125
0 0.72109375 0.2421875 0.0640625 0.084375
0 0.8609375 0.03203125 0.134375 0.0640625
0 0.86796875 0.12578125 0.11328125 0.11328125
0 0.91015625 0.17265625 0.084375 0.084375
0 0.8046875 0.2109375 0.09375 0.09375
0 0.76015625 0.11796875 0.0765625 0.0765625
0 0.7109375 0.13828125 0.04375 0.0578125
0 0.7 0.18046875 0.021875 0.0578125
0 0.98515625 0.10078125 0.0296875 0.0984375
0 0.94375 0.0078125 0.071875 0.015625
0 0.98046875 0.01875 0.0390625 0.0375
0 0.48203125 0.65390625 0.04296875 0.0671875
0 0.4 0.625 0.03125 0.05
0 0.50859375 0.71484375 0.0453125 0.06015625
0 0.57421875 0.82890625 0.0484375 0.0453125
0 0.82890625 0.6265625 0.0984375 0.053125
0 0.76875 0.8203125 0.0765625 0.07421875
0 0.72578125 0.89765625 0.0734375 0.1015625
0 0.7078125 0.70546875 0.0375 0.0515625
0 0.75390625 0.6734375 0.0578125 0.06484375
0 0.7640625 0.61796875 0.0625 0.0359375
0 0.99375 0.69765625 0.0125 0.0484375