0 0.3234375 0.0265625 0.075 0.053125
0 0.8359375 0.23046875 0.09375 0.10546875
0 0.6484375 0.2546875 0.078125 0.06875
0 0.6828125 0.07890625 0.146875 0.1578125
0 0.3265625 0.30390625 0.05625 0.0296875
0 0.559375 0.48828125 0.1 0.1046875
0 0.57109375 0.56328125 0.0765625 0.1140625
0 0.3671875 0.78828125 0.11328125 0.103125
0 0.10390625 0.91484375 0.10546875 0.1109375
0 0.32890625 0.94609375 0.2234375 0.1078125
0 0.71640625 0.9609375 0.0765625 0.078125
0 0.7328125 0.78671875 0.071875 0.0671875
0 0.86953125 0.6546875 0.0578125 0.0890625
0 0.9859375 0.47265625 0.028125 0.0828125
0 0.84140625 0.30078125 0.0703125 0.0234375