0 0.54140625 0.1578125 0.07421875 0.084375
0 0.059375 0.3375 0.07421875 0.08671875
0 0.1125 0.36953125 0.0765625 0.06015625
0 0.04609375 0.40078125 0.0578125 0.0578125
0 0.93671875 0.34609375 0.1078125 0.12265625
0 0.82265625 0.42734375 0.1421875 0.0828125
0 0.24921875 0.94375 0.1078125 0.1125
0 0.07578125 0.940625 0.1515625 0.11875
0 0.43359375 0.7875 0.14453125 0.11328125
0 0.503125 0.715625 0.08203125 0.103125
0 0.47109375 0.6515625 0.0625 0.0671875
0 0.3625 0.6625 0.0890625 0.0625
0 0.43359375 0.59921875 0.05078125 0.05546875
0 0.38046875 0.5375 0.08671875 0.0984375
0 0.49140625 0.5546875 0.07421875 0.0578125
0 0.5671875 0.60390625 0.0625 0.06015625
0 0.60703125 0.50859375 0.1859375 0.0796875
0 0.9234375 0.75703125 0.0671875 0.0484375
0 0.86796875 0.5734375 0.06015625 0.06015625
0 0.759375 0.6265625 0.0671875 0.0671875
0 0.728125 0.96875 0.0484375 0.0578125