0 0.21875 0.38359375 0.2546875 0.2546875
0 0.23203125 0.55546875 0.2203125 0.0671875
0 0.45234375 0.18203125 0.0453125 0.1671875
0 0.48046875 0.13984375 0.06015625 0.08203125
0 0.64296875 0.2390625 0.0625 0.071875
0 0.51640625 0.2859375 0.0671875 0.0625
0 0.759375 0.3171875 0.06484375 0.06484375
0 0.9734375 0.36171875 0.053125 0.0796875
0 0.953125 0.04921875 0.08203125 0.084375
0 0.7375 0.06875 0.0578125 0.0484375
0 0.765625 0.12421875 0.053125 0.05078125
0 0.94140625 0.21953125 0.1171875 0.1578125
0 0.20859375 0.8609375 0.103125 0.0984375
0 0.1421875 0.68515625 0.0765625 0.08671875
0 0.32578125 0.6421875 0.2078125 0.10625
0 0.03359375 0.91328125 0.0671875 0.0671875
0 0.0296875 0.65625 0.059375 0.134375
0 0.90078125 0.84375 0.13203125 0.15390625
0 0.5765625 0.7421875 0.29375 0.30625
0 0.97109375 0.87109375 0.0578125 0.1171875
0 0.78203125 0.928125 0.0765625 0.0796875