0 0.28984375 0.25390625 0.21875 0.21875
0 0.31484375 0.06796875 0.1890625 0.1359375
0 0.4359375 0.021875 0.134375 0.04375
0 0.18203125 0.61953125 0.2328125 0.0609375
0 0.95390625 0.56875 0.0921875 0.103125
0 0.92890625 0.271875 0.1421875 0.14375
0 0.96328125 0.38671875 0.0734375 0.1546875
0 0.79765625 0.51796875 0.08671875 0.08671875
0 0.73515625 0.5125 0.09609375 0.09609375
0 0.7484375 0.634375 0.0875 0.03125
0 0.596875 0.44140625 0.075 0.0796875
0 0.61953125 0.40859375 0.06484375 0.06484375
0 0.7015625 0.37734375 0.0671875 0.0671875
0 0.8046875 0.28515625 0.05546875 0.0578125
0 0.75625 0.29375 0.07421875 0.0765625
0 0.7171875 0.29921875 0.08203125 0.08203125
0 0.67421875 0.0265625 0.1171875 0.053125
0 0.59296875 0.0671875 0.0671875 0.071875
0 0.5859375 0.3453125 0.053125 0.16875
0 0.634375 0.18671875 0.15 0.2515625
0 0.0203125 0.684375 0.040625 0.06875
0 0.2546875 0.75234375 0.07421875 0.07421875
0 0.321875 0.8171875 0.09375 0.0765625
0 0.4375 0.790625 0.09609375 0.0984375
0 0.2140625 0.92578125 0.08671875 0.13203125
0 0.98046875 0.68828125 0.0390625 0.0765625
0 0.96015625 0.7875 0.0796875 0.128125
0 0.95 0.88515625 0.1 0.1140625
0 0.62734375 0.74375 0.1359375 0.1875
0 0.75390625 0.97109375 0.1359375 0.0578125