0 0.053125 0.11015625 0.10625 0.1265625
0 0.1625 0.31171875 0.0984375 0.10546875
0 0.02890625 0.33125 0.0578125 0.1125
0 0.18515625 0.23671875 0.06953125 0.06953125
0 0.14140625 0.2078125 0.0765625 0.0765625
0 0.253125 0.22265625 0.053125 0.1171875
0 0.63671875 0.34453125 0.2671875 0.2109375
0 0.415625 0.3625 0.07421875 0.07421875
0 0.96953125 0.05625 0.0609375 0.1125
0 0.63515625 0.1109375 0.7109375 0.221875
0 0.9703125 0.36171875 0.059375 0.1109375
0 0.09140625 0.8140625 0.0625 0.071875
0 0.15859375 0.715625 0.0890625 0.0984375
0 0.25703125 0.72265625 0.0453125 0.1359375
0 0.0234375 0.61796875 0.046875 0.1203125
0 0.23359375 0.990625 0.0703125 0.01875
0 0.0421875 0.88203125 0.0359375 0.040625
0 0.059375 0.909375 0.02890625 0.0359375
0 0.18125 0.89375 0.05546875 0.0484375
0 0.24921875 0.82890625 0.05078125 0.053125
0 0.42265625 0.5765625 0.09375 0.09609375
0 0.3109375 0.61171875 0.0625 0.1046875
0 0.29453125 0.67109375 0.0296875 0.0796875
0 0.378125 0.70859375 0.1390625 0.15625
0 0.4671875 0.75703125 0.09375 0.09609375
0 0.4 0.85625 0.1109375 0.1078125
0 0.571875 0.94375 0.15 0.1125
0 0.6640625 0.8953125 0.1078125 0.13203125
0 0.86484375 0.8625 0.2046875 0.2234375
0 0.65703125 0.66875 0.09140625 0.09609375