0 0.01171875 0.07734375 0.0234375 0.1140625
0 0.0203125 0.1265625 0.040625 0.0625
0 0.1515625 0.3171875 0.196875 0.165625
0 0.0859375 0.36875 0.065625 0.0625
0 0.02578125 0.29765625 0.0515625 0.1046875
0 0.94921875 0.08515625 0.1015625 0.0984375
0 0.68046875 0.30234375 0.08203125 0.09375
0 0.88359375 0.30859375 0.125 0.13203125
0 0.565625 0.0421875 0.09375 0.084375
0 0.159375 0.55625 0.31875 0.3125
0 0.4578125 0.42265625 0.103125 0.0453125
0 0.3296875 0.43359375 0.10625 0.0671875
0 0.9 0.4140625 0.071875 0.028125
0 0.69375 0.66484375 0.07421875 0.06953125
0 0.975 0.4703125 0.05 0.05625