0 0.22578125 0.2328125 0.10546875 0.09609375
0 0.17734375 0.04921875 0.1109375 0.0984375
0 0.103125 0.12421875 0.071875 0.06953125
0 0.45546875 0.11796875 0.071875 0.0890625
0 0.31328125 0.028125 0.0890625 0.05625
0 0.43359375 0.19765625 0.0578125 0.053125
0 0.3765625 0.2 0.0625 0.0578125
0 0.4859375 0.2640625 0.028125 0.0875
0 0.0796875 0.2515625 0.09140625 0.08203125
0 0.8421875 0.3125 0.315625 0.478125
0 0.621875 0.4953125 0.24375 0.128125
0 0.7578125 0.02109375 0.09375 0.0421875
0 0.65625 0.12109375 0.084375 0.0890625
0 0.578125 0.18125 0.0671875 0.0671875
0 0.53828125 0.28828125 0.0765625 0.3109375
0 0.2125 0.7796875 0.425 0.440625
0 0.46328125 0.9890625 0.0578125 0.021875
0 0.4453125 0.79140625 0.05546875 0.0484375
0 0.56171875 0.9734375 0.0578125 0.053125
0 0.55546875 0.86328125 0.08203125 0.0765625