0 0.04375 0.4515625 0.0875 0.075
0 0.08125 0.26171875 0.11796875 0.115625
0 0.16171875 0.34765625 0.0765625 0.0765625
0 0.0921875 0.1375 0.09140625 0.10078125
0 0.1609375 0.10390625 0.053125 0.05546875
0 0.18671875 0.46484375 0.0984375 0.0484375
0 0.40625 0.01953125 0.18125 0.0390625
0 0.8890625 0.375 0.11796875 0.1390625
0 0.60234375 0.0875 0.10546875 0.1109375
0 0.7234375 0.1625 0.09609375 0.09609375
0 0.56015625 0.19375 0.0796875 0.08203125
0 0.88828125 0.05546875 0.1203125 0.1109375
0 0.68359375 0.38125 0.09609375 0.0984375
0 0.759375 0.33671875 0.08671875 0.1203125
0 0.61953125 0.47890625 0.0734375 0.0203125
0 0.79453125 0.4796875 0.0578125 0.01875
0 0.82109375 0.45234375 0.0578125 0.0734375
0 0.103125 0.51875 0.09375 0.059375
0 0.1921875 0.5171875 0.096875 0.05625
0 0.0734375 0.7671875 0.146875 0.10546875
0 0.10859375 0.871875 0.084375 0.0765625
0 0.4265625 0.725 0.146875 0.471875
0 0.13828125 0.96328125 0.2734375 0.0734375
0 0.86640625 0.52265625 0.1109375 0.0671875
0 0.78203125 0.53515625 0.1828125 0.0921875
0 0.64375 0.78515625 0.08671875 0.0890625
0 0.715625 0.73359375 0.1109375 0.1109375
0 0.82890625 0.8296875 0.15390625 0.15390625
0 0.6875 0.97734375 0.1 0.0453125
0 0.575 0.85390625 0.11328125 0.11328125
0 0.68828125 0.88125 0.09140625 0.09140625