0 0.32734375 0.059375 0.2859375 0.11875
0 0.02265625 0.08359375 0.0453125 0.0953125
0 0.15546875 0.21875 0.0796875 0.08203125
0 0.178125 0.32578125 0.071875 0.0265625
0 0.41875 0.1984375 0.0890625 0.0765625
0 0.521875 0.02734375 0.08125 0.0546875
0 0.328125 0.321875 0.08125 0.034375
0 0.56796875 0.25625 0.0765625 0.084375
0 0.8703125 0.31796875 0.084375 0.0421875
0 0.77578125 0.3234375 0.0796875 0.03125
0 0.7734375 0.10859375 0.0890625 0.09609375
0 0.8890625 0.09375 0.06015625 0.0671875
0 0.66484375 0.05 0.0921875 0.084375
0 0.6609375 0.11484375 0.05546875 0.06015625
0 0.62734375 0.24453125 0.0171875 0.0671875
0 0.38515625 0.490625 0.4671875 0.303125
0 0.5640625 0.75546875 0.109375 0.1921875
0 0.578125 0.9015625 0.0625 0.0625
0 0.57109375 0.984375 0.0640625 0.03125
0 0.4078125 0.959375 0.09375 0.08125
0 0.153125 0.8765625 0.30625 0.246875
0 0.04453125 0.7359375 0.07421875 0.06953125
0 0.028125 0.68203125 0.05625 0.0546875
0 0.03359375 0.5484375 0.0671875 0.103125
0 0.0125 0.47421875 0.025 0.0921875
0 0.11875 0.34609375 0.071875 0.0140625
0 0.21796875 0.415625 0.09140625 0.09609375
0 0.1515625 0.478125 0.14921875 0.12734375
0 0.20078125 0.5515625 0.103125 0.084375
0 0.14296875 0.6078125 0.103125 0.0796875
0 0.40859375 0.7015625 0.071875 0.05078125
0 0.61015625 0.44140625 0.0171875 0.0484375
0 0.36171875 0.75390625 0.03828125 0.0359375
0 0.70078125 0.98046875 0.1109375 0.0390625
0 0.77890625 0.96796875 0.0890625 0.0640625
0 0.97265625 0.39375 0.0546875 0.109375
0 0.80546875 0.42578125 0.1109375 0.11328125