0 0.16796875 0.61328125 0.0890625 0.0328125
0 0.46171875 0.44609375 0.0546875 0.0953125
0 0.42109375 0.4796875 0.12265625 0.12265625
0 0.13984375 0.17421875 0.2796875 0.3484375
0 0.1015625 0.3234375 0.15390625 0.15390625
0 0.2796875 0.3390625 0.1421875 0.14453125
0 0.21328125 0.37578125 0.1296875 0.1296875
0 0.35859375 0.1703125 0.0984375 0.0984375
0 0.37421875 0.07421875 0.0890625 0.0890625
0 0.32265625 0.02265625 0.1234375 0.0453125
0 0.428125 0.0140625 0.09375 0.028125
0 0.0515625 0.59765625 0.090625 0.0640625
0 0.7421875 0.11953125 0.1421875 0.13671875
0 0.97421875 0.11875 0.0515625 0.10625
0 0.95703125 0.30390625 0.0765625 0.08671875
0 0.66640625 0.3796875 0.0890625 0.08203125
0 0.715625 0.4375 0.06015625 0.0625
0 0.66484375 0.49140625 0.06953125 0.0671875
0 0.78046875 0.35390625 0.11796875 0.13671875
0 0.60234375 0.00703125 0.0578125 0.0140625
0 0.525 0.06015625 0.071875 0.1203125
0 0.0421875 0.9796875 0.084375 0.040625
0 0.0921875 0.82578125 0.184375 0.2328125
0 0.26015625 0.91953125 0.125 0.125
0 0.46875 0.87109375 0.040625 0.0859375
0 0.4328125 0.85625 0.09609375 0.09609375
0 0.21640625 0.71015625 0.4328125 0.1609375
0 0.19453125 0.9765625 0.0859375 0.046875
0 0.9203125 0.928125 0.159375 0.14375
0 0.7234375 0.7578125 0.196875 0.25625
0 0.5625 0.78203125 0.146875 0.3046875
0 0.978125 0.6453125 0.04375 0.03125