0 0.2078125 0.03125 0.05625 0.0625
0 0.09609375 0.271875 0.0984375 0.09375
0 0.01015625 0.18984375 0.0203125 0.1046875
0 0.04296875 0.1953125 0.0859375 0.09375
0 0.2890625 0.23125 0.07421875 0.09609375
0 0.2796875 0.10390625 0.06015625 0.06953125
0 0.96796875 0.02265625 0.0484375 0.0453125
0 0.69140625 0.153125 0.103125 0.0984375
0 0.59296875 0.29375 0.0703125 0.05
0 0.3578125 0.96015625 0.084375 0.0796875
0 0.1828125 0.9421875 0.16875 0.115625
0 0.08046875 0.9375 0.1609375 0.125
0 0.00859375 0.87109375 0.0171875 0.1140625
0 0.13828125 0.721875 0.134375 0.13671875
0 0.11875 0.64609375 0.071875 0.084375
0 0.32421875 0.42734375 0.1515625 0.2171875
0 0.24765625 0.3796875 0.09140625 0.09375
0 0.353125 0.58359375 0.09375 0.09375
0 0.3421875 0.67890625 0.10546875 0.103125
0 0.3265625 0.86015625 0.084375 0.084375
0 0.02890625 0.65703125 0.05546875 0.06484375
0 0.846875 0.91171875 0.05546875 0.0578125
0 0.7984375 0.8671875 0.115625 0.10546875
0 0.63125 0.9015625 0.1109375 0.09140625
0 0.63046875 0.9921875 0.0515625 0.015625
0 0.7984375 0.7234375 0.05546875 0.0578125
0 0.75625 0.6859375 0.0796875 0.06953125
0 0.6984375 0.63046875 0.071875 0.071875
0 0.453125 0.846875 0.0578125 0.06484375
0 0.503125 0.9046875 0.0671875 0.0578125
0 0.5 0.97890625 0.0625 0.0421875
0 0.98203125 0.56015625 0.0359375 0.0578125
0 0.975 0.38515625 0.05 0.0953125
0 0.628125 0.50703125 0.0578125 0.0625
0 0.4125 0.50703125 0.025 0.0578125
0 0.46640625 0.75 0.053125 0.05078125
0 0.57109375 0.36015625 0.06953125 0.071875
0 0.8078125 0.4015625 0.06484375 0.06015625
0 0.865625 0.3390625 0.0625 0.040625
0 0.4234375 0.36953125 0.046875 0.0546875
0 0.80078125 0.33359375 0.0671875 0.0296875
0 0.84765625 0.77890625 0.0484375 0.0453125
0 0.5796875 0.7296875 0.03359375 0.03125