0 0.346875 0.04921875 0.065625 0.0984375
0 0.1765625 0.02734375 0.084375 0.0546875
0 0.74765625 0.3921875 0.3421875 0.19375
0 0.89296875 0.22109375 0.1390625 0.1421875
0 0.72734375 0.12421875 0.12265625 0.125
0 0.52734375 0.0625 0.103125 0.103125
0 0.4734375 0.41953125 0.1078125 0.10546875
0 0.9203125 0.41875 0.13671875 0.134375
0 0.915625 0.34609375 0.0984375 0.0984375
0 0.303125 0.91484375 0.12265625 0.12734375
0 0.2515625 0.9796875 0.071875 0.040625
0 0.13515625 0.97734375 0.0609375 0.0453125
0 0.22265625 0.73671875 0.14453125 0.125
0 0.31171875 0.68046875 0.08671875 0.0796875
0 0.35859375 0.58671875 0.0421875 0.0640625
0 0.1890625 0.5171875 0.04375 0.05625
0 0.209375 0.60234375 0.0484375 0.05078125
0 0.2453125 0.5453125 0.05546875 0.0578125
0 0.5625 0.6078125 0.08671875 0.07421875
0 0.63515625 0.62265625 0.08671875 0.07421875
0 0.4984375 0.68125 0.0765625 0.0796875
0 0.409375 0.82421875 0.059375 0.0890625
0 0.46875 0.80546875 0.07421875 0.0796875
0 0.53359375 0.81015625 0.0765625 0.08671875
0 0.5625 0.921875 0.153125 0.15625
0 0.41953125 0.97578125 0.0796875 0.0484375
0 0.84375 0.96796875 0.084375 0.0640625
0 0.7375 0.91328125 0.0765625 0.08203125
0 0.840625 0.7203125 0.11328125 0.115625
0 0.67421875 0.68359375 0.12265625 0.1203125
0 0.8390625 0.5109375 0.065625 0.04375
0 0.98125 0.67265625 0.0375 0.2609375
0 0.90703125 0.83203125 0.0578125 0.06015625