0 0.046875 0.25546875 0.0671875 0.0765625
0 0.12265625 0.23984375 0.0578125 0.05546875
0 0.015625 0.2140625 0.03125 0.05625
0 0.01796875 0.11875 0.0359375 0.084375
0 0.115625 0.1234375 0.06953125 0.05546875
0 0.88359375 0.00859375 0.0703125 0.0171875
0 0.75703125 0.03203125 0.0765625 0.0640625
0 0.93359375 0.125 0.0765625 0.07421875
0 0.95078125 0.28125 0.0984375 0.1078125
0 0.9109375 0.39375 0.178125 0.071875
0 0.81015625 0.3953125 0.0734375 0.06875
0 0.7703125 0.22734375 0.19921875 0.19453125
0 0.67734375 0.21328125 0.0765625 0.0890625
0 0.5578125 0.3453125 0.07421875 0.08203125
0 0.68359375 0.35390625 0.0765625 0.07421875
0 0.47109375 0.41875 0.0734375 0.021875
0 0.43828125 0.21796875 0.0390625 0.0609375
0 0.4328125 0.275 0.028125 0.059375
0 0.065625 0.81171875 0.11328125 0.1203125
0 0.05703125 0.9515625 0.09609375 0.09140625
0 0.23359375 0.86953125 0.09140625 0.08671875
0 0.29765625 0.8421875 0.0765625 0.0671875
0 0.3046875 0.7328125 0.05546875 0.06015625
0 0.25546875 0.725 0.0625 0.053125
0 0.2203125 0.61328125 0.09140625 0.1109375
0 0.0171875 0.6140625 0.034375 0.075
0 0.0125 0.54765625 0.025 0.0453125
0 0.3234375 0.4515625 0.0875 0.04375
0 0.28828125 0.53046875 0.06015625 0.071875
0 0.4078125 0.61953125 0.021875 0.0796875
0 0.15078125 0.49296875 0.05546875 0.06484375
0 0.39296875 0.4453125 0.0515625 0.03125
0 0.0671875 0.51484375 0.1203125 0.1421875
0 0.64375 0.70703125 0.09609375 0.1109375
0 0.68984375 0.79921875 0.0890625 0.11328125
0 0.7953125 0.71875 0.0890625 0.10546875
0 0.81328125 0.90625 0.13671875 0.146875
0 0.8109375 0.48203125 0.084375 0.08671875