0 0.09375 0.56796875 0.0671875 0.0765625
0 0.16953125 0.58359375 0.0578125 0.05546875
0 0.04921875 0.60859375 0.06015625 0.05546875
0 0.3265625 0.0328125 0.05546875 0.0578125
0 0.02578125 0.03671875 0.0515625 0.0734375
0 0.0875 0.146875 0.071875 0.06953125
0 0.0328125 0.40078125 0.065625 0.0796875
0 0.75625 0.10625 0.0765625 0.07421875
0 0.61015625 0.14453125 0.06484375 0.06484375
0 0.590625 0.20625 0.0765625 0.0671875
0 0.60546875 0.41953125 0.0796875 0.06484375
0 0.5546875 0.471875 0.0765625 0.06953125
0 0.60390625 0.55078125 0.10546875 0.103125
0 0.96015625 0.58515625 0.0796875 0.1296875
0 0.75390625 0.53515625 0.0625 0.06015625
0 0.7203125 0.459375 0.0578125 0.04296875
0 0.809375 0.4296875 0.08203125 0.08671875
0 0.88671875 0.43203125 0.0765625 0.0796875
0 0.94375 0.37265625 0.0890625 0.0765625
0 0.95390625 0.1109375 0.0671875 0.06953125
0 0.909375 0.1015625 0.053125 0.0453125
0 0.5125 0.33359375 0.05078125 0.0453125
0 0.440625 0.4046875 0.04375 0.0625
0 0.44453125 0.36796875 0.0515625 0.0484375
0 0.4296875 0.62421875 0.021875 0.0515625
0 0.0796875 0.84453125 0.115625 0.1078125
0 0.23671875 0.81875 0.31015625 0.2859375
0 0.38359375 0.69765625 0.0703125 0.0953125
0 0.40078125 0.65234375 0.0359375 0.0046875
0 0.26640625 0.95859375 0.1359375 0.0828125
0 0.39375 0.8234375 0.05 0.096875
0 0.7453125 0.734375 0.05546875 0.06484375
0 0.878125 0.98046875 0.09375 0.0390625
0 0.58515625 0.725 0.071875 0.0578125
0 0.4546875 0.965625 0.0671875 0.06484375
0 0.5734375 0.8 0.053125 0.05546875
0 0.84140625 0.72421875 0.04296875 0.06484375
0 0.8421875 0.78671875 0.0578125 0.0484375
0 0.7078125 0.85390625 0.04296875 0.05546875
0 0.7078125 0.92734375 0.03828125 0.04296875
0 0.63203125 0.91640625 0.09609375 0.103125
0 0.90625 0.815625 0.053125 0.0625