0 0.41875 0.1828125 0.06015625 0.0625
0 0.19609375 0.50234375 0.1078125 0.103125
0 0.09140625 0.30078125 0.05078125 0.05546875
0 0.1265625 0.12265625 0.0671875 0.07421875
0 0.31484375 0.38984375 0.0625 0.06015625
0 0.22734375 0.21796875 0.0890625 0.10546875
0 0.69140625 0.13671875 0.4453125 0.2734375
0 0.81875 0.41328125 0.3125 0.3109375
0 0.91171875 0.43828125 0.1765625 0.2609375
0 0.50546875 0.25234375 0.0734375 0.1203125
0 0.51640625 0.4046875 0.071875 0.07421875
0 0.63125 0.53515625 0.1125 0.0671875
0 0.26484375 0.9421875 0.1359375 0.115625
0 0.23125 0.934375 0.0578125 0.06015625
0 0.36328125 0.98984375 0.0703125 0.0203125
0 0.43359375 0.9875 0.0703125 0.025
0 0.43359375 0.84375 0.0703125 0.128125
0 0.32421875 0.58125 0.0921875 0.025
0 0.309375 0.609375 0.0765625 0.0765625
0 0.303125 0.6453125 0.0671875 0.06484375
0 0.34375 0.75 0.10078125 0.10078125
0 0.296875 0.71875 0.09609375 0.09609375
0 0.3078125 0.8 0.0765625 0.0765625
0 0.0546875 0.91640625 0.1078125 0.10546875
0 0.053125 0.75703125 0.084375 0.09609375
0 0.4890625 0.9828125 0.040625 0.034375
0 0.490625 0.96171875 0.04375 0.0546875
0 0.521875 0.91328125 0.05546875 0.0625
0 0.50390625 0.60625 0.0703125 0.075
0 0.8875 0.5984375 0.115625 0.059375
0 0.80625 0.99296875 0.0625 0.0140625