0 0.02109375 0.52421875 0.0421875 0.0515625
0 0.215625 0.03046875 0.046875 0.0609375
0 0.2140625 0.1046875 0.05 0.06875
0 0.2234375 0.44765625 0.03125 0.1046875
0 0.5859375 0.071875 0.09375 0.0796875
0 0.5609375 0.1515625 0.0671875 0.07421875
0 0.4515625 0.34296875 0.10078125 0.10546875
0 0.7546875 0.37734375 0.06484375 0.084375
0 0.8578125 0.34140625 0.06953125 0.09375
0 0.946875 0.434375 0.0765625 0.0984375
0 0.86640625 0.48125 0.0890625 0.084375
0 0.9421875 0.00703125 0.0625 0.0140625
0 0.0671875 0.97578125 0.059375 0.0484375
0 0.2859375 0.57734375 0.09375 0.0546875
0 0.546875 0.6296875 0.08203125 0.0984375
0 0.4125 0.86015625 0.09140625 0.0984375
0 0.43203125 0.98359375 0.0953125 0.0328125
0 0.56015625 0.890625 0.0671875 0.09140625
0 0.8734375 0.6453125 0.08203125 0.07421875
0 0.71484375 0.609375 0.07421875 0.06015625