0 0.26875 0.0140625 0.084375 0.028125
0 0.0953125 0.01328125 0.0375 0.0265625
0 0.18203125 0.19765625 0.0796875 0.0578125
0 0.12734375 0.46796875 0.04296875 0.03359375
0 0.584375 0.5390625 0.128125 0.121875
0 0.41015625 0.30625 0.0421875 0.125
0 0.4046875 0.0375 0.03125 0.075
0 0.81171875 0.06796875 0.08203125 0.08203125
0 0.903125 0.1125 0.0796875 0.0796875
0 0.925 0.1796875 0.0578125 0.0578125
0 0.98046875 0.06953125 0.0390625 0.0796875
0 0.8796875 0.3 0.0796875 0.09375
0 0.7015625 0.328125 0.09609375 0.08671875
0 0.5390625 0.2171875 0.0453125 0.05546875
0 0.7140625 0.54921875 0.121875 0.1015625
0 0.89140625 0.56015625 0.1390625 0.0796875
0 0.96875 0.45234375 0.0625 0.1015625
0 0.496875 0.49140625 0.0484375 0.040625
0 0.46640625 0.03125 0.0703125 0.0625
0 0.5375 0.0234375 0.0625 0.046875
0 0.35078125 0.6234375 0.0671875 0.046875
0 0.19453125 0.8 0.3890625 0.4
0 0.94609375 0.73125 0.0890625 0.103125
0 0.86171875 0.8125 0.08203125 0.08203125
0 0.8078125 0.94453125 0.146875 0.1109375
0 0.52890625 0.9796875 0.0578125 0.040625
0 0.4140625 0.9125 0.05 0.071875
0 0.4375 0.86953125 0.05078125 0.05078125
0 0.48671875 0.828125 0.05546875 0.05546875
0 0.72734375 0.73671875 0.06015625 0.05078125
0 0.7234375 0.7015625 0.08671875 0.08203125
0 0.7921875 0.6796875 0.040625 0.0359375
0 0.9 0.6609375 0.05546875 0.05546875
0 0.4421875 0.65625 0.0484375 0.053125
0 0.54375 0.61953125 0.034375 0.0390625
0 0.66953125 0.6375 0.0453125 0.0484375