0 0.16953125 0.071875 0.1671875 0.14375
0 0.046875 0.05 0.09375 0.1
0 0.22265625 0.40625 0.1765625 0.165625
0 0.0234375 0.46015625 0.046875 0.0578125
0 0.05390625 0.46640625 0.1078125 0.0453125
0 0.53203125 0.13359375 0.2265625 0.2671875
0 0.6046875 0.0578125 0.0765625 0.0765625
0 0.5890625 0.14140625 0.09609375 0.09609375
0 0.496875 0.1875 0.0796875 0.0796875
0 0.46015625 0.459375 0.0828125 0.059375
0 0.46640625 0.33515625 0.0953125 0.1046875
0 0.553125 0.29765625 0.0578125 0.0578125
0 0.6375 0.284375 0.12734375 0.1296875
0 0.61796875 0.3625 0.08671875 0.08671875
0 0.68515625 0.40703125 0.14921875 0.14921875
0 0.74921875 0.4375 0.0984375 0.0984375
0 0.8 0.47421875 0.0875 0.0296875
0 0.85703125 0.03203125 0.0765625 0.0640625
0 0.7984375 0.03515625 0.0875 0.0703125
0 0.934375 0.04453125 0.08671875 0.0890625
0 0.95703125 0.07890625 0.08203125 0.084375
0 0.96015625 0.15703125 0.0796875 0.0984375
0 0.971875 0.29609375 0.05625 0.0578125
0 0.92578125 0.25546875 0.06484375 0.06484375
0 0.88984375 0.2953125 0.071875 0.071875
0 0.96484375 0.32578125 0.0703125 0.0765625
0 0.91953125 0.3640625 0.06484375 0.06484375
0 0.8140625 0.221875 0.0671875 0.0671875
0 0.0328125 0.528125 0.065625 0.078125
0 0.07734375 0.65703125 0.06953125 0.071875
0 0.09296875 0.99296875 0.0453125 0.0140625
0 0.40078125 0.9328125 0.0359375 0.0625
0 0.1265625 0.9203125 0.02890625 0.0359375
0 0.15859375 0.88671875 0.03359375 0.04296875
0 0.07578125 0.9046875 0.01953125 0.03828125
0 0.3359375 0.940625 0.03828125 0.0484375
0 0.31875 0.73515625 0.0484375 0.0453125
0 0.18984375 0.6234375 0.04296875 0.0578125
0 0.2359375 0.68125 0.03359375 0.0359375
0 0.00859375 0.76484375 0.0171875 0.0328125
0 0.70546875 0.678125 0.11328125 0.11328125
0 0.8 0.73359375 0.08203125 0.103125
0 0.73125 0.9203125 0.18125 0.159375
0 0.49609375 0.9734375 0.1546875 0.053125
0 0.4515625 0.82890625 0.065625 0.0765625
0 0.4890625 0.771875 0.040625 0.04296875
0 0.4578125 0.7359375 0.053125 0.05546875
0 0.52421875 0.63125 0.0453125 0.05078125
0 0.5921875 0.59765625 0.06015625 0.06015625
0 0.5734375 0.5484375 0.11875 0.11875
0 0.759375 0.53203125 0.06953125 0.084375
0 0.83671875 0.60625 0.071875 0.06484375
0 0.91796875 0.93671875 0.1640625 0.1265625
0 0.675 0.4984375 0.0625 0.01875
0 0.88984375 0.521875 0.0921875 0.065625
0 0.925 0.746875 0.05546875 0.05546875
0 0.890625 0.76953125 0.0359375 0.03828125
0 0.89765625 0.6328125 0.05078125 0.053125
0 0.425 0.60546875 0.0125 0.0734375
0 0.47734375 0.590625 0.03828125 0.0484375