0 0.24921875 0.33046875 0.071875 0.071875
0 0.17109375 0.37734375 0.0578125 0.0453125
0 0.0109375 0.2359375 0.021875 0.075
0 0.21875 0.071875 0.10546875 0.125
0 0.03515625 0.01875 0.0515625 0.0375
0 0.0515625 0.05390625 0.084375 0.06953125
0 0.60390625 0.05234375 0.2203125 0.1046875
0 0.49765625 0.0671875 0.06484375 0.06953125
0 0.40859375 0.10546875 0.06953125 0.0671875
0 0.990625 0.11484375 0.01875 0.0578125
0 0.9890625 0.246875 0.021875 0.15625
0 0.83203125 0.3234375 0.2765625 0.153125
0 0.6890625 0.29296875 0.06015625 0.06953125
0 0.63984375 0.25078125 0.08671875 0.0890625
0 0.6484375 0.165625 0.06484375 0.0578125
0 0.56015625 0.14375 0.071875 0.0984375
0 0.5921875 0.3765625 0.115625 0.046875
0 0.35703125 0.16796875 0.0484375 0.05546875
0 0.5484375 0.25 0.03359375 0.0578125
0 0.5078125 0.24609375 0.0484375 0.0578125
0 0.78984375 0.11171875 0.0484375 0.0578125
0 0.85859375 0.11875 0.05546875 0.05078125
0 0.16484375 0.7 0.3296875 0.6
0 0.0640625 0.83671875 0.128125 0.1421875
0 0.07421875 0.91484375 0.1484375 0.1703125
0 0.13203125 0.94921875 0.1453125 0.1015625
0 0.95546875 0.91796875 0.0890625 0.0921875
0 0.8203125 0.9109375 0.06484375 0.0453125
0 0.83125 0.85703125 0.0671875 0.05078125
0 0.5828125 0.92109375 0.0765625 0.103125
0 0.69453125 0.7921875 0.0578125 0.0796875
0 0.72890625 0.87421875 0.0359375 0.053125
0 0.446875 0.90625 0.08203125 0.103125
0 0.3640625 0.92890625 0.06015625 0.07421875
0 0.35234375 0.83359375 0.0453125 0.0765625
0 0.41875 0.75390625 0.0625 0.0625
0 0.38203125 0.59609375 0.08671875 0.0984375
0 0.50546875 0.509375 0.08671875 0.08203125
0 0.6328125 0.54921875 0.0671875 0.0796875
0 0.74375 0.4109375 0.090625 0.021875
0 0.98046875 0.590625 0.0390625 0.05