0 0.20390625 0.54609375 0.07421875 0.07421875
0 0.121875 0.5765625 0.059375 0.025
0 0.325 0.02265625 0.1125 0.0453125
0 0.1859375 0.28515625 0.11328125 0.1296875
0 0.0515625 0.021875 0.071875 0.04375
0 0.01640625 0.21484375 0.0328125 0.0578125
0 0.03203125 0.2578125 0.0640625 0.075
0 0.775 0.29609375 0.146875 0.14921875
0 0.6515625 0.13515625 0.15859375 0.1515625
0 0.48515625 0.303125 0.0984375 0.09609375
0 0.440625 0.29375 0.04375 0.146875
0 0.4859375 0.10390625 0.134375 0.1453125
0 0.81484375 0.3859375 0.09375 0.09375
0 0.40234375 0.6921875 0.0328125 0.059375
0 0.25703125 0.76171875 0.0578125 0.06953125
0 0.3046875 0.6796875 0.053125 0.0578125
0 0.04921875 0.9859375 0.0546875 0.028125
0 0.5765625 0.96328125 0.246875 0.0734375
0 0.809375 0.69375 0.38125 0.209375
0 0.44296875 0.775 0.0484375 0.21875
0 0.54921875 0.8109375 0.13203125 0.134375
0 0.6515625 0.7015625 0.1296875 0.1296875