0 0.4015625 0.3171875 0.05625 0.090625
0 0.38203125 0.3640625 0.0953125 0.103125
0 0.02265625 0.26796875 0.0453125 0.1546875
0 0.0265625 0.3796875 0.053125 0.09375
0 0.08515625 0.4578125 0.1703125 0.084375
0 0.24140625 0.08046875 0.1578125 0.1609375
0 0.22109375 0.3890625 0.09375 0.09140625
0 0.18125 0.4203125 0.0984375 0.09375
0 0.1890625 0.484375 0.075 0.03125
0 0.3640625 0.23359375 0.071875 0.07421875
0 0.37421875 0.18828125 0.1109375 0.1046875
0 0.62890625 0.36953125 0.071875 0.07421875
0 0.63359375 0.27734375 0.084375 0.0890625
0 0.7609375 0.315625 0.0890625 0.09609375
0 0.715625 0.42109375 0.11796875 0.1109375
0 0.79609375 0.47421875 0.1515625 0.0515625
0 0.59609375 0.440625 0.07421875 0.0671875
0 0.98671875 0.03046875 0.0265625 0.0609375
0 0.928125 0.12421875 0.09375 0.084375
0 0.61796875 0.0546875 0.0578125 0.0671875
0 0.1515625 0.9765625 0.09375 0.046875
0 0.0390625 0.97890625 0.078125 0.0421875
0 0.04453125 0.5140625 0.0671875 0.028125
0 0.21640625 0.80625 0.040625 0.0453125
0 0.240625 0.73515625 0.0578125 0.0484375
0 0.16328125 0.6765625 0.040625 0.0484375
0 0.20625 0.55859375 0.04296875 0.040625
0 0.38515625 0.50859375 0.0765625 0.0171875
0 0.28046875 0.52421875 0.0546875 0.0484375
0 0.07109375 0.9046875 0.10078125 0.08671875
0 0.259375 0.671875 0.0453125 0.04296875
0 0.3390625 0.9640625 0.053125 0.0578125
0 0.39375 0.765625 0.0359375 0.03125
0 0.009375 0.83359375 0.01875 0.0671875
0 0.00703125 0.746875 0.0140625 0.040625
0 0.021875 0.60859375 0.04375 0.0578125
0 0.47734375 0.74140625 0.0953125 0.1578125
0 0.72421875 0.7484375 0.21640625 0.23046875
0 0.83828125 0.66171875 0.10546875 0.10546875
0 0.65703125 0.54453125 0.0921875 0.0890625