0 0.13984375 0.275 0.134375 0.1296875
0 0.1734375 0.1734375 0.0765625 0.07421875
0 0.3234375 0.04296875 0.0875 0.0859375
0 0.34765625 0.10546875 0.08671875 0.09375
0 0.31328125 0.40703125 0.10078125 0.09609375
0 0.03359375 0.45 0.0671875 0.09375
0 0.125 0.53203125 0.065625 0.0359375
0 0.16015625 0.44375 0.07421875 0.071875
0 0.09921875 0.446875 0.07421875 0.07421875
0 0.84140625 0.19453125 0.1921875 0.19921875
0 0.8640625 0.0328125 0.05546875 0.0625
0 0.50390625 0.09140625 0.084375 0.0984375
0 0.57578125 0.08671875 0.05546875 0.0796875
0 0.45859375 0.36875 0.0578125 0.071875
0 0.6109375 0.49375 0.0453125 0.0453125
0 0.6546875 0.43515625 0.053125 0.05078125
0 0.75234375 0.3796875 0.0578125 0.06953125
0 0.8921875 0.4046875 0.08203125 0.06953125
0 0.97265625 0.47890625 0.0546875 0.0734375
0 0.7125 0.2046875 0.05546875 0.0578125
0 0.0375 0.971875 0.05625 0.05625
0 0.12578125 0.884375 0.0484375 0.04296875
0 0.0203125 0.71875 0.040625 0.071875
0 0.40703125 0.77734375 0.0453125 0.0671875
0 0.34453125 0.8734375 0.0453125 0.05546875
0 0.278125 0.85 0.04296875 0.040625
0 0.12109375 0.64453125 0.0578125 0.0578125
0 0.14296875 0.56640625 0.0921875 0.0328125
0 0.29609375 0.99140625 0.0984375 0.0171875
0 0.23515625 0.99296875 0.0359375 0.0140625
0 0.30625 0.74140625 0.04296875 0.053125
0 0.8 0.72578125 0.4 0.3515625
0 0.54375 0.91015625 0.11328125 0.115625
0 0.64921875 0.84453125 0.1109375 0.1109375
0 0.8203125 0.9390625 0.084375 0.084375