0 0.66796875 0.19375 0.0234375 0.134375
0 0.54609375 0.31796875 0.2671875 0.3015625
0 0.47890625 0.14921875 0.15625 0.16796875
0 0.2796875 0.1265625 0.2625 0.253125
0 0.10390625 0.43671875 0.1921875 0.2046875
0 0.384375 0.45234375 0.115625 0.1203125
0 0.46484375 0.4890625 0.1078125 0.115625
0 0.396875 0.38515625 0.10078125 0.103125
0 0.6859375 0.115625 0.0125 0.0625
0 0.4671875 0.98125 0.09375 0.0375
0 0.490625 0.73203125 0.0984375 0.10546875
0 0.509375 0.60859375 0.090625 0.0984375
0 0.615625 0.78125 0.06953125 0.06484375
0 0.72265625 0.93203125 0.0859375 0.0984375
0 0.83125 0.9828125 0.08125 0.034375
0 0.73515625 0.70546875 0.1109375 0.2671875
0 0.91015625 0.66484375 0.09140625 0.0890625
0 0.77265625 0.95234375 0.05546875 0.06015625