0 0.85 0.11328125 0.221875 0.2265625
0 0.9203125 0.03125 0.121875 0.0625
0 0.4546875 0.27421875 0.14375 0.0296875
0 0.7 0.2671875 0.09375 0.04375
0 0.684375 0.040625 0.10625 0.08125
0 0.1828125 0.42890625 0.053125 0.05546875
0 0.29921875 0.721875 0.0984375 0.0890625
0 0.18359375 0.83828125 0.1109375 0.10078125
0 0.29375 0.49765625 0.1125 0.1796875
0 0.6953125 0.434375 0.1203125 0.1421875
0 0.925 0.5109375 0.15 0.175
0 0.6140625 0.83984375 0.13671875 0.178125
0 0.49765625 0.9296875 0.1203125 0.13671875
0 0.4921875 0.34375 0.115625 0.109375
0 0.546875 0.4359375 0.08671875 0.09375
0 0.60078125 0.50390625 0.0765625 0.08203125
0 0.49609375 0.48828125 0.09375 0.09609375
0 0.5671875 0.56875 0.10546875 0.1078125
0 0.37578125 0.48671875 0.0515625 0.0890625
0 0.38515625 0.59453125 0.0703125 0.0953125
0 0.40234375 0.8 0.07421875 0.0796875
0 0.74375 0.6375 0.084375 0.071875
0 0.81328125 0.48984375 0.07421875 0.07421875
0 0.8359375 0.65078125 0.0578125 0.05546875
0 0.70390625 0.98515625 0.0890625 0.0296875
0 0.60078125 0.9828125 0.0578125 0.034375
0 0.54921875 0.98984375 0.0765625 0.0203125
0 0.80078125 0.9703125 0.0671875 0.059375
0 0.86875 0.7171875 0.053125 0.053125