0 0.22890625 0.05234375 0.2390625 0.1046875
0 0.14921875 0.1125 0.12734375 0.13671875
0 0.22109375 0.26875 0.21171875 0.2359375
0 0.1078125 0.3578125 0.071875 0.0625
0 0.0515625 0.3484375 0.103125 0.08125
0 0.540625 0.24765625 0.15625 0.165625
0 0.41015625 0.046875 0.0953125 0.09375
0 0.35703125 0.06484375 0.084375 0.084375
0 0.9828125 0.1078125 0.034375 0.0625
0 0.90546875 0.0421875 0.06015625 0.03828125
0 0.87265625 0.16640625 0.06484375 0.06015625
0 0.8296875 0.23984375 0.0578125 0.0765625
0 0.73671875 0.34765625 0.0765625 0.0796875
0 0.865625 0.378125 0.065625 0.021875
0 0.703125 0.05859375 0.046875 0.0703125
0 0.7765625 0.03515625 0.0625 0.053125
0 0.775 0.090625 0.0578125 0.0484375
0 0.340625 0.4375 0.0796875 0.06953125
0 0.47265625 0.5421875 0.103125 0.1296875
0 0.52890625 0.646875 0.1109375 0.1078125
0 0.23046875 0.95703125 0.1109375 0.0859375
0 0.3453125 0.859375 0.08203125 0.09609375
0 0.4140625 0.93671875 0.0578125 0.05078125
0 0.5015625 0.91015625 0.0625 0.0578125
0 0.590625 0.83828125 0.071875 0.09140625
0 0.59140625 0.46640625 0.06953125 0.0671875
0 0.1578125 0.41015625 0.040625 0.0421875
0 0.01796875 0.66875 0.0359375 0.053125
0 0.69609375 0.57734375 0.0328125 0.1140625
0 0.70625 0.69375 0.053125 0.125
0 0.90234375 0.69609375 0.06953125 0.08671875
0 0.98984375 0.9375 0.0203125 0.115625
0 0.9375 0.884375 0.06953125 0.0890625
0 0.71875 0.8796875 0.06015625 0.06484375
0 0.7 0.94375 0.040625 0.0625
0 0.8578125 0.415625 0.071875 0.053125
0 0.890625 0.525 0.0796875 0.071875
0 0.7765625 0.6546875 0.0484375 0.05546875
0 0.73828125 0.55625 0.05078125 0.05078125