0 0.2328125 0.32265625 0.11796875 0.11328125
0 0.134375 0.3359375 0.0765625 0.08203125
0 0.33515625 0.37421875 0.08203125 0.0984375
0 0.32109375 0.01015625 0.0796875 0.0203125
0 0.88828125 0.04375 0.1109375 0.0875
0 0.909375 0.5296875 0.071875 0.040625
0 0.85078125 0.39765625 0.11328125 0.1203125
0 0.734375 0.41484375 0.1078125 0.1109375
0 0.53828125 0.40546875 0.2765625 0.2890625
0 0.58984375 0.19375 0.0625 0.06484375
0 0.67421875 0.18984375 0.0671875 0.06953125
0 0.790625 0.1234375 0.09140625 0.09375
0 0.74765625 0.0828125 0.05546875 0.06484375
0 0.80859375 0.25390625 0.06484375 0.0671875
0 0.17109375 0.98046875 0.0578125 0.0390625
0 0.11875 0.92421875 0.084375 0.1515625
0 0.28359375 0.915625 0.0578125 0.1421875
0 0.16484375 0.6921875 0.259375 0.259375
0 0.0046875 0.62734375 0.009375 0.0453125
0 0.378125 0.8703125 0.04375 0.08125
0 0.69140625 0.95078125 0.1359375 0.0984375
0 0.7921875 0.86328125 0.303125 0.2734375
0 0.92890625 0.81015625 0.13671875 0.1390625
0 0.93359375 0.91875 0.0984375 0.10546875
0 0.8828125 0.978125 0.0625 0.04375
0 0.58359375 0.746875 0.09375 0.09609375
0 0.425 0.63203125 0.05 0.0765625
0 0.42421875 0.85703125 0.0484375 0.2859375
0 0.4234375 0.928125 0.046875 0.059375
0 0.54140625 0.9671875 0.1234375 0.065625