0 0.50078125 0.29375 0.1171875 0.125
0 0.3703125 0.290625 0.084375 0.0796875
0 0.4171875 0.3484375 0.06015625 0.0625
0 0.23515625 0.390625 0.0796875 0.08203125
0 0.19375 0.5296875 0.06875 0.078125
0 0.4375 0.4359375 0.05078125 0.05546875
0 0.26796875 0.20390625 0.0984375 0.09140625
0 0.16953125 0.1484375 0.05546875 0.0453125
0 0.25625 0.03671875 0.125 0.0734375
0 0.928125 0.371875 0.115625 0.11328125
0 0.6859375 0.284375 0.253125 0.56875
0 0.04765625 0.778125 0.0953125 0.125
0 0.19453125 0.7140625 0.1203125 0.1203125
0 0.2859375 0.8015625 0.15390625 0.15390625
0 0.3453125 0.9078125 0.10078125 0.103125
0 0.47265625 0.90703125 0.1734375 0.1859375
0 0.0578125 0.60703125 0.115625 0.0765625
0 0.83203125 0.91015625 0.0578125 0.07421875
0 0.74296875 0.9359375 0.0484375 0.0765625
0 0.66328125 0.759375 0.05078125 0.06484375
0 0.60078125 0.8265625 0.05546875 0.0578125
0 0.575 0.70859375 0.03125 0.0578125