0 0.34140625 0.0859375 0.1359375 0.134375
0 0.39296875 0.48046875 0.0328125 0.0671875
0 0.22265625 0.5671875 0.0796875 0.025
0 0.02890625 0.5296875 0.0578125 0.0875
0 0.0609375 0.5640625 0.071875 0.03125
0 0.1890625 0.0296875 0.0578125 0.05078125
0 0.6578125 0.065625 0.084375 0.071875
0 0.39375 0.6203125 0.03125 0.06875
0 0.3765625 0.96484375 0.065625 0.0578125
0 0.175 0.86328125 0.0578125 0.06015625
0 0.21796875 0.7734375 0.0484375 0.0671875
0 0.2296875 0.65703125 0.10546875 0.1078125
0 0.01875 0.89609375 0.0375 0.0671875
0 0.0078125 0.821875 0.015625 0.09375
0 0.8359375 0.6484375 0.0765625 0.071875
0 0.9859375 0.878125 0.028125 0.115625
0 0.796875 0.9890625 0.08125 0.021875
0 0.559375 0.903125 0.06484375 0.06484375
0 0.61015625 0.809375 0.05546875 0.06953125
0 0.62421875 0.68671875 0.125 0.11328125
0 0.54453125 0.590625 0.0828125 0.021875