0 0.1640625 0.23125 0.15390625 0.16796875
0 0.32734375 0.43046875 0.0640625 0.1765625
0 0.01875 0.08046875 0.0375 0.1078125
0 0.0171875 0.2703125 0.034375 0.1
0 0.9453125 0.27109375 0.109375 0.2453125
0 0.50390625 0.38125 0.1421875 0.1296875
0 0.63984375 0.16640625 0.5609375 0.3328125
0 0.771875 0.503125 0.09375 0.03125
0 0.30078125 0.65546875 0.1171875 0.1265625
0 0.1984375 0.64140625 0.178125 0.2328125
0 0.04921875 0.96796875 0.0984375 0.0640625
0 0.140625 0.98671875 0.071875 0.0265625
0 0.2015625 0.86171875 0.10546875 0.1296875
0 0.071875 0.59453125 0.14375 0.1515625
0 0.60859375 0.93046875 0.2140625 0.1390625
0 0.68671875 0.646875 0.115625 0.115625
0 0.91875 0.61640625 0.0984375 0.10078125
0 0.9328125 0.7484375 0.084375 0.09375
0 0.37890625 0.646875 0.0390625 0.125
0 0.51484375 0.571875 0.06953125 0.0765625
0 0.86640625 0.971875 0.1328125 0.05625