0 0.2984375 0.28515625 0.125 0.13203125
0 0.60078125 0.5265625 0.0765625 0.09375
0 0.5796875 0.4171875 0.11875 0.165625
0 0.5046875 0.109375 0.053125 0.05078125
0 0.0703125 0.1984375 0.0890625 0.08203125
0 0.13359375 0.37109375 0.0765625 0.0796875
0 0.13828125 0.5328125 0.0625 0.06484375
0 0.02890625 0.56171875 0.0578125 0.0359375
0 0.01875 0.14140625 0.0375 0.0765625
0 0.884375 0.1828125 0.071875 0.0578125
0 0.68515625 0.33125 0.0921875 0.13125
0 0.9046875 0.36796875 0.05078125 0.084375
0 0.734375 0.06875 0.053125 0.05546875
0 0.6578125 0.1828125 0.0375 0.053125
0 0.82421875 0.38125 0.03828125 0.040625
0 0.86640625 0.36796875 0.03125 0.0359375
0 0.7859375 0.19140625 0.053125 0.04296875
0 0.82578125 0.1078125 0.0453125 0.040625
0 0.5609375 0.7296875 0.15625 0.3
0 0.52734375 0.60078125 0.0921875 0.0421875
0 0.26875 0.6296875 0.11875 0.1
0 0.29140625 0.89765625 0.14453125 0.14453125
0 0.34453125 0.83984375 0.10546875 0.10546875
0 0.1703125 0.7765625 0.0984375 0.0984375
0 0.54375 0.83125 0.0890625 0.0890625
0 0.98125 0.62109375 0.0375 0.0828125
0 0.9734375 0.884375 0.053125 0.0625
0 0.678125 0.96328125 0.078125 0.0640625