0 0.55390625 0.28359375 0.0515625 0.0109375
0 0.53359375 0.15546875 0.06953125 0.0796875
0 0.39765625 0.1375 0.0578125 0.06015625
0 0.26171875 0.07734375 0.06953125 0.0484375
0 0.2296875 0.0453125 0.0578125 0.0484375
0 0.20078125 0.021875 0.0703125 0.04375
0 0.93828125 0.02734375 0.0734375 0.0546875
0 0.8875 0.1171875 0.0765625 0.07421875
0 0.69609375 0.23203125 0.0578125 0.06015625
0 0.70390625 0.021875 0.0578125 0.04375
0 0.62578125 0.01484375 0.0515625 0.0296875
0 0.8515625 0.22265625 0.06484375 0.0671875
0 0.7921875 0.125 0.06953125 0.07421875
0 0.14453125 0.37265625 0.0671875 0.0625
0 0.0109375 0.39921875 0.021875 0.0671875
0 0.0375 0.43359375 0.0578125 0.05078125
0 0.02890625 0.48984375 0.0578125 0.0671875
0 0.18203125 0.4234375 0.05546875 0.05078125
0 0.21484375 0.44921875 0.0484375 0.053125
0 0.17734375 0.4953125 0.0671875 0.06953125
0 0.1484375 0.53125 0.053125 0.0578125
0 0.159375 0.5734375 0.09375 0.09375
0 0.084375 0.609375 0.0484375 0.05078125
0 0.15703125 0.63671875 0.06015625 0.06015625
0 0.565625 0.32578125 0.06875 0.0734375
0 0.54296875 0.3921875 0.0671875 0.071875
0 0.5921875 0.41875 0.015625 0.0625
0 0.26953125 0.6359375 0.07421875 0.07421875
0 0.02734375 0.85703125 0.0546875 0.0796875
0 0.04921875 0.9734375 0.0546875 0.053125
0 0.13203125 0.98359375 0.0859375 0.0328125
0 0.45625 0.77265625 0.0671875 0.06015625
0 0.4046875 0.88125 0.0484375 0.0484375
0 0.38671875 0.93125 0.06953125 0.0765625
0 0.496875 0.83984375 0.05546875 0.053125
0 0.45 0.85546875 0.053125 0.05546875
0 0.5546875 0.8515625 0.090625 0.1375
0 0.57734375 0.7140625 0.0453125 0.05625
0 0.45703125 0.46171875 0.0453125 0.0453125
0 0.384375 0.53828125 0.0484375 0.05078125
0 0.70390625 0.4421875 0.17578125 0.1703125
0 0.84765625 0.65078125 0.15390625 0.16796875
0 0.6890625 0.646875 0.0984375 0.1109375
0 0.6359375 0.690625 0.071875 0.075
0 0.72890625 0.84609375 0.053125 0.0671875
0 0.79609375 0.88828125 0.07421875 0.09140625
0 0.940625 0.95703125 0.071875 0.0765625
0 0.99140625 0.96015625 0.0171875 0.0609375
0 0.7609375 0.99296875 0.059375 0.0140625
0 0.84921875 0.41875 0.0890625 0.115625
0 0.91640625 0.3015625 0.1078125 0.025
0 0.678125 0.796875 0.0578125 0.0578125
0 0.62578125 0.83203125 0.0453125 0.04296875
0 0.621875 0.8921875 0.04296875 0.0453125
0 0.66640625 0.9171875 0.040625 0.03828125
0 0.98515625 0.7890625 0.0296875 0.05
0 0.88671875 0.8515625 0.040625 0.040625
0 0.98359375 0.3984375 0.0328125 0.065625
0 0.85546875 0.51328125 0.0484375 0.0453125