0 0.496875 0.3453125 0.04375 0.1
0 0.5015625 0.2703125 0.034375 0.0875
0 0.27578125 0.15703125 0.0890625 0.09375
0 0.1921875 0.22578125 0.09609375 0.103125
0 0.07734375 0.18359375 0.10546875 0.1109375
0 0.13671875 0.11484375 0.1109375 0.103125
0 0.12265625 0.0109375 0.0671875 0.021875
0 0.17578125 0.64765625 0.0546875 0.0421875
0 0.22890625 0.63203125 0.0625 0.06484375
0 0.32734375 0.64375 0.0765625 0.05
0 0.2109375 0.5984375 0.06484375 0.0671875
0 0.23359375 0.55625 0.08203125 0.0796875
0 0.61171875 0.63515625 0.1859375 0.0671875
0 0.6703125 0.61171875 0.11328125 0.1109375
0 0.78828125 0.61640625 0.071875 0.08203125
0 0.5671875 0.3953125 0.096875 0.103125
0 0.65234375 0.2546875 0.16328125 0.1609375
0 0.79296875 0.27421875 0.103125 0.09375
0 0.82890625 0.1109375 0.15625 0.18984375
0 0.97421875 0.096875 0.0515625 0.06875
0 0.11015625 0.7328125 0.1203125 0.128125
0 0.02578125 0.74453125 0.0515625 0.0765625
0 0.3859375 0.834375 0.0765625 0.06484375
0 0.48828125 0.8546875 0.0609375 0.071875
0 0.21953125 0.98828125 0.0734375 0.0234375
0 0.3203125 0.971875 0.0625 0.05625
0 0.8421875 0.68359375 0.05625 0.0296875
0 0.89140625 0.678125 0.0421875 0.01875
0 0.96328125 0.69375 0.0671875 0.05
0 0.69140625 0.9171875 0.06015625 0.0671875
0 0.6640625 0.803125 0.0578125 0.05546875
0 0.721875 0.7890625 0.0453125 0.0453125
0 0.53046875 0.884375 0.0234375 0.0375