0 0.4703125 0.55546875 0.096875 0.1078125
0 0.42421875 0.4546875 0.08203125 0.0796875
0 0.3390625 0.465625 0.0890625 0.11796875
0 0.384375 0.40625 0.053125 0.05546875
0 0.36875 0.28515625 0.0796875 0.06484375
0 0.390625 0.2203125 0.0578125 0.06015625
0 0.48046875 0.06328125 0.0765625 0.0859375
0 0.225 0.03515625 0.0578125 0.06953125
0 0.134375 0.06484375 0.06015625 0.0765625
0 0.05703125 0.0140625 0.0671875 0.028125
0 0.03359375 0.4234375 0.040625 0.0453125
0 0.1046875 0.478125 0.053125 0.053125
0 0.0296875 0.38828125 0.040625 0.05078125
0 0.0625 0.3609375 0.05546875 0.05546875
0 0.83671875 0.28203125 0.3265625 0.5640625
0 0.67265625 0.05703125 0.1046875 0.1140625
0 0.54296875 0.20859375 0.0484375 0.0703125
0 0.1078125 0.9578125 0.125 0.084375
0 0.19375 0.66796875 0.053125 0.06953125
0 0.2125 0.75390625 0.0796875 0.0765625
0 0.3546875 0.75390625 0.10546875 0.10546875
0 0.284375 0.64296875 0.0625 0.0265625
0 0.53203125 0.815625 0.0265625 0.103125
0 0.76875 0.721875 0.13203125 0.115625
0 0.73125 0.953125 0.0765625 0.06015625