0 0.16796875 0.07890625 0.07421875 0.06953125
0 0.41484375 0.12265625 0.0484375 0.0921875
0 0.3546875 0.1640625 0.0765625 0.0765625
0 0.08515625 0.23046875 0.07421875 0.0796875
0 0.06484375 0.3875 0.08203125 0.08203125
0 0.3140625 0.52109375 0.09375 0.0765625
0 0.63828125 0.2421875 0.1875 0.18984375
0 0.5703125 0.51328125 0.1 0.0921875
0 0.975 0.0171875 0.05 0.034375
0 0.915625 0.13515625 0.103125 0.1078125
0 0.7796875 0.08125 0.07421875 0.06953125
0 0.8765625 0.51171875 0.1125 0.0953125
0 0.4546875 0.21015625 0.03125 0.1140625
0 0.02109375 0.5859375 0.0421875 0.053125
0 0.28359375 0.6140625 0.08203125 0.08671875
0 0.32109375 0.77578125 0.08671875 0.0890625
0 0.08203125 0.9453125 0.10078125 0.0984375
0 0.92421875 0.9515625 0.1171875 0.096875
0 0.9625 0.84453125 0.075 0.1234375
0 0.93046875 0.86796875 0.10078125 0.103125
0 0.96015625 0.78125 0.0796875 0.090625
0 0.984375 0.7265625 0.03125 0.06875
0 0.896875 0.80078125 0.0984375 0.0984375
0 0.82578125 0.7375 0.0625 0.0625
0 0.7859375 0.76953125 0.084375 0.084375
0 0.7484375 0.73359375 0.07421875 0.071875
0 0.54140625 0.9234375 0.2046875 0.153125
0 0.46640625 0.91328125 0.0546875 0.1203125
0 0.47890625 0.86953125 0.0796875 0.0890625
0 0.634375 0.8296875 0.0796875 0.0796875
0 0.71015625 0.87578125 0.08671875 0.08671875
0 0.79296875 0.88984375 0.06953125 0.0671875
0 0.76796875 0.984375 0.0578125 0.03125
0 0.9140625 0.59765625 0.096875 0.0765625
0 0.63671875 0.6265625 0.0765625 0.0796875
0 0.45 0.6765625 0.021875 0.084375
0 0.48359375 0.57734375 0.0703125 0.0359375
0 0.58359375 0.58984375 0.0671875 0.0609375