0 0.26953125 0.565625 0.0859375 0.0875
0 0.53125 0.3859375 0.05625 0.071875
0 0.01875 0.20859375 0.0375 0.0765625
0 0.4046875 0.340625 0.0453125 0.0453125
0 0.26171875 0.48125 0.05546875 0.03125
0 0.11015625 0.525 0.053125 0.053125
0 0.1359375 0.3296875 0.0484375 0.0765625
0 0.18828125 0.403125 0.05078125 0.0484375
0 0.0234375 0.365625 0.046875 0.0625
0 0.3953125 0.271875 0.0359375 0.02890625
0 0.8765625 0.53046875 0.103125 0.125
0 0.78828125 0.0140625 0.0734375 0.028125
0 0.6703125 0.03125 0.065625 0.0625
0 0.77421875 0.18125 0.09140625 0.1109375
0 0.8421875 0.23125 0.08671875 0.08671875
0 0.7625 0.325 0.0984375 0.0796875
0 0.80078125 0.43359375 0.0671875 0.0796875
0 0.6328125 0.53046875 0.07421875 0.0890625
0 0.61328125 0.43203125 0.08671875 0.08203125
0 0.6046875 0.30859375 0.090625 0.1234375
0 0.96171875 0.39375 0.0625 0.071875
0 0.68203125 0.31796875 0.0578125 0.06484375
0 0.0109375 0.65078125 0.021875 0.0828125
0 0.1375 0.6546875 0.1875 0.090625
0 0.2984375 0.66796875 0.15625 0.1171875
0 0.45859375 0.6390625 0.2015625 0.059375
0 0.2078125 0.87578125 0.178125 0.16328125
0 0.17578125 0.953125 0.1171875 0.09375
0 0.23203125 0.98359375 0.0859375 0.0328125
0 0.32578125 0.95390625 0.1078125 0.0921875
0 0.859375 0.71171875 0.05546875 0.0578125
0 0.9078125 0.75625 0.115625 0.10546875
0 0.9078125 0.9 0.05546875 0.0578125
0 0.95 0.9375 0.0796875 0.06953125
0 0.9859375 0.978125 0.028125 0.04375
0 0.64921875 0.8484375 0.05078125 0.053125
0 0.85859375 0.84453125 0.0484375 0.0453125