0 0.4609375 0.36484375 0.07421875 0.071875
0 0.328125 0.3265625 0.0453125 0.0453125
0 0.1953125 0.4671875 0.05546875 0.03359375
0 0.06796875 0.3265625 0.0484375 0.07421875
0 0.121875 0.3953125 0.05078125 0.0484375
0 0.31640625 0.26015625 0.0359375 0.02890625
0 0.915625 0.43125 0.16875 0.115625
0 0.81953125 0.20625 0.08671875 0.084375
0 0.8640625 0.1265625 0.1515625 0.146875
0 0.953125 0.03203125 0.09375 0.0640625
0 0.096875 0.5421875 0.115625 0.10625
0 0.1734375 0.74453125 0.346875 0.5109375
0 0.1765625 0.9578125 0.0875 0.084375
0 0.24296875 0.67734375 0.10546875 0.1078125
0 0.28515625 0.84765625 0.06015625 0.06484375
0 0.44140625 0.7078125 0.3359375 0.4375
0 0.70859375 0.946875 0.1109375 0.10625
0 0.6671875 0.9265625 0.115625 0.134375
0 0.6265625 0.72265625 0.034375 0.1171875
0 0.79140625 0.74375 0.11328125 0.115625
0 0.73984375 0.78359375 0.09140625 0.09140625
0 0.790625 0.5046875 0.13125 0.03125
0 0.85546875 0.625 0.115625 0.11796875
0 0.96015625 0.6640625 0.0796875 0.1125
0 0.634375 0.59140625 0.05 0.0984375