0 0.24140625 0.0203125 0.0734375 0.040625
0 0.02578125 0.07734375 0.05078125 0.06015625
0 0.375 0.04375 0.0453125 0.0453125
0 0.38671875 0.11015625 0.0359375 0.02890625
0 0.9859375 0.334375 0.028125 0.06875
0 0.9078125 0.15234375 0.08203125 0.0765625
0 0.94296875 0.32578125 0.06953125 0.07421875
0 0.696875 0.3296875 0.0796875 0.0765625
0 0.5671875 0.3015625 0.075 0.134375
0 0.74453125 0.084375 0.14453125 0.1515625
0 0.78125 0.0171875 0.16875 0.034375
0 0.50234375 0.790625 0.0546875 0.16875
0 0.49296875 0.54765625 0.05078125 0.05078125
0 0.490625 0.67265625 0.071875 0.06953125
0 0.4515625 0.73515625 0.15625 0.1609375
0 0.4265625 0.73046875 0.0671875 0.0671875
0 0.353125 0.7625 0.09140625 0.09140625
0 0.3484375 0.82421875 0.071875 0.071875
0 0.134375 0.81484375 0.06484375 0.06484375
0 0.0859375 0.95 0.171875 0.1
0 0.32109375 0.9578125 0.0671875 0.06484375
0 0.19921875 0.8375 0.08671875 0.09140625
0 0.2078125 0.77109375 0.0453125 0.0484375
0 0.18984375 0.72578125 0.08671875 0.084375
0 0.30546875 0.703125 0.05546875 0.05546875
0 0.7671875 0.3875 0.084375 0.0375
0 0.8703125 0.44375 0.259375 0.15
0 0.928125 0.4734375 0.08671875 0.08671875
0 0.95078125 0.51796875 0.0984375 0.1546875
0 0.9765625 0.3984375 0.046875 0.059375
0 0.76953125 0.4359375 0.08203125 0.0765625
0 0.73046875 0.51875 0.06484375 0.0671875
0 0.83671875 0.6125 0.1078125 0.11796875
0 0.91328125 0.71484375 0.0671875 0.06484375
0 0.9859375 0.89765625 0.028125 0.1921875
0 0.95625 0.97109375 0.0875 0.0578125
0 0.67265625 0.97578125 0.0921875 0.0484375
0 0.66328125 0.9328125 0.0578125 0.0578125
0 0.70703125 0.8984375 0.0671875 0.0765625
0 0.77265625 0.82890625 0.10078125 0.09375
0 0.6875 0.7640625 0.13203125 0.1296875
0 0.6 0.44609375 0.140625 0.1546875
0 0.6984375 0.409375 0.05546875 0.06015625
0 0.5921875 0.6859375 0.06015625 0.06484375
0 0.6109375 0.63203125 0.06953125 0.071875
0 0.8640625 0.8640625 0.0796875 0.071875
0 0.896875 0.9015625 0.0484375 0.0484375