0 0.53515625 0.18515625 0.0671875 0.1453125
0 0.33203125 0.146875 0.09609375 0.09375
0 0.68046875 0.42421875 0.0671875 0.0296875
0 0.68984375 0.40546875 0.06484375 0.06484375
0 0.98828125 0.04453125 0.0234375 0.0890625
0 0.65546875 0.0109375 0.0734375 0.021875
0 0.8703125 0.278125 0.259375 0.271875
0 0.428125 0.65234375 0.28125 0.4265625
0 0.02734375 0.62890625 0.0546875 0.1015625
0 0.0421875 0.8453125 0.084375 0.178125
0 0.16015625 0.88984375 0.08203125 0.0765625
0 0.24296875 0.90703125 0.1734375 0.1859375
0 0.08203125 0.9671875 0.1359375 0.065625
0 0.34140625 0.68671875 0.1078125 0.10546875
0 0.26484375 0.58515625 0.07421875 0.0796875
0 0.39296875 0.84765625 0.08203125 0.0796875
0 0.6015625 0.46171875 0.065625 0.0453125
0 0.58359375 0.490625 0.0296875 0.05625
0 0.6703125 0.71171875 0.06015625 0.06484375
0 0.61328125 0.74453125 0.0890625 0.1328125
0 0.6703125 0.84375 0.0796875 0.0625
0 0.75234375 0.90703125 0.084375 0.11328125
0 0.934375 0.9578125 0.13125 0.084375
0 0.95625 0.72890625 0.0875 0.1828125
0 0.7875 0.57109375 0.0796875 0.06953125
0 0.66953125 0.50625 0.0578125 0.0578125