0 0.27265625 0.36171875 0.1109375 0.1078125
0 0.74765625 0.1859375 0.1203125 0.1390625
0 0.8265625 0.29375 0.03828125 0.071875
0 0.95078125 0.340625 0.06015625 0.0796875
0 0.94140625 0.01015625 0.0796875 0.0203125
0 0.90234375 0.04765625 0.09609375 0.09140625
0 0.90625 0.228125 0.05078125 0.0578125
0 0.834375 0.52578125 0.075 0.0671875
0 0.440625 0.2953125 0.103125 0.09140625
0 0.40859375 0.37421875 0.0390625 0.0890625
0 0.56796875 0.23046875 0.1078125 0.103125
0 0.3359375 0.79921875 0.10625 0.1265625
0 0.2703125 0.946875 0.13125 0.10625
0 0.26953125 0.821875 0.11328125 0.12265625
0 0.3 0.7015625 0.06015625 0.06953125
0 0.3734375 0.69609375 0.03125 0.0515625
0 0.25625 0.6625 0.06015625 0.06484375
0 0.16171875 0.59140625 0.0578125 0.053125
0 0.65078125 0.92421875 0.3234375 0.1515625
0 0.48828125 0.7828125 0.103125 0.10078125
0 0.415625 0.63046875 0.053125 0.1390625
0 0.740625 0.675 0.08671875 0.08671875
0 0.8921875 0.7421875 0.0671875 0.0671875
0 0.98828125 0.75703125 0.0234375 0.0734375
0 0.8421875 0.90703125 0.315625 0.1859375