0 0.4203125 0.40078125 0.10625 0.0578125
0 0.46640625 0.0984375 0.09609375 0.09375
0 0.31015625 0.39296875 0.07421875 0.071875
0 0.81171875 0.41796875 0.0578125 0.0234375
0 0.57421875 0.32109375 0.06015625 0.0484375
0 0.57734375 0.2859375 0.0484375 0.03828125
0 0.99296875 0.30546875 0.0140625 0.0484375
0 0.9203125 0.0796875 0.159375 0.159375
0 0.8125 0.00546875 0.05625 0.0109375
0 0.6265625 0.1234375 0.09609375 0.08671875
0 0.74609375 0.30546875 0.06015625 0.04296875
0 0.940625 0.32890625 0.06015625 0.0796875
0 0.978125 0.3890625 0.02890625 0.04296875
0 0.359375 0.50625 0.084375 0.08671875
0 0.03125 0.8078125 0.0625 0.165625
0 0.203125 0.7453125 0.125 0.12734375
0 0.41484375 0.84140625 0.13203125 0.1296875
0 0.99140625 0.47421875 0.0171875 0.0890625
0 0.978125 0.571875 0.04375 0.08125
0 0.9625 0.69453125 0.075 0.1234375
0 0.69609375 0.47578125 0.1171875 0.0921875
0 0.69921875 0.51484375 0.0671875 0.06015625
0 0.53046875 0.98671875 0.0234375 0.0265625
0 0.66328125 0.68203125 0.05546875 0.05546875
0 0.6984375 0.7140625 0.05078125 0.0453125