0 0.16796875 0.0234375 0.0828125 0.046875
0 0.7609375 0.02734375 0.071875 0.0546875
0 0.9859375 0.24921875 0.028125 0.0796875
0 0.87109375 0.09375 0.0578125 0.0625
0 0.67734375 0.1984375 0.06953125 0.0671875
0 0.7953125 0.1984375 0.040625 0.0359375
0 0.83203125 0.20234375 0.02890625 0.0484375
0 0.925 0.175 0.03359375 0.03125
0 0.7578125 0.3609375 0.0359375 0.0578125
0 0.57578125 0.35078125 0.0515625 0.0765625
0 0.9234375 0.309375 0.04296875 0.053125
0 0.62265625 0.015625 0.0609375 0.03125
0 0.615625 0.08828125 0.0359375 0.04296875
0 0.596875 0.2296875 0.0625 0.0578125
0 0.41875 0.6765625 0.084375 0.0578125
0 0.54375 0.61796875 0.0125 0.0578125
0 0.03984375 0.64296875 0.0578125 0.05078125
0 0.190625 0.96171875 0.0875 0.0765625
0 0.22109375 0.75625 0.053125 0.0578125
0 0.0421875 0.81171875 0.071875 0.06484375
0 0.596875 0.54140625 0.09375 0.1296875
0 0.65 0.48125 0.0984375 0.0984375
0 0.57109375 0.8640625 0.0421875 0.10625
0 0.7859375 0.9515625 0.06015625 0.06484375
0 0.79453125 0.84921875 0.0890625 0.08203125
0 0.6734375 0.7703125 0.0625 0.0671875
0 0.77421875 0.43984375 0.07421875 0.071875