0 0.24921875 0.46640625 0.1078125 0.0453125
0 0.71953125 0.16328125 0.10078125 0.10078125
0 0.95078125 0.1671875 0.0984375 0.153125
0 0.97890625 0.421875 0.0421875 0.084375
0 0.7671875 0.415625 0.159375 0.146875
0 0.578125 0.45078125 0.08125 0.0765625
0 0.46015625 0.39296875 0.1421875 0.1921875
0 0.44609375 0.26640625 0.0765625 0.0796875
0 0.6453125 0.25703125 0.09609375 0.09375
0 0.8375 0.33125 0.09140625 0.0890625
0 0.9046875 0.29765625 0.0984375 0.10078125
0 0.88203125 0.2125 0.0984375 0.10078125
0 0.55625 0.221875 0.05546875 0.05546875
0 0.91484375 0.0140625 0.0796875 0.028125
0 0.25625 0.9515625 0.1 0.096875
0 0.3171875 0.70625 0.084375 0.0796875
0 0.01640625 0.95234375 0.0328125 0.0578125
0 0.0328125 0.56875 0.065625 0.065625
0 0.171875 0.51015625 0.121875 0.0421875
0 0.13203125 0.8109375 0.040625 0.040625
0 0.0984375 0.77578125 0.04296875 0.0453125
0 0.84453125 0.51171875 0.2109375 0.0453125
0 0.96953125 0.54140625 0.0609375 0.1046875
0 0.95859375 0.59765625 0.08203125 0.08203125
0 0.8359375 0.7828125 0.08203125 0.08203125
0 0.47890625 0.87265625 0.1390625 0.14453125