0 0.26875 0.0890625 0.103125 0.1109375
0 0.28984375 0.18046875 0.0984375 0.1109375
0 0.403125 0.13515625 0.09609375 0.103125
0 0.078125 0.36796875 0.13203125 0.1390625
0 0.32265625 0.42734375 0.12265625 0.13671875
0 0.37890625 0.303125 0.14453125 0.14921875
0 0.121875 0.5703125 0.071875 0.078125
0 0.62265625 0.32890625 0.0921875 0.1296875
0 0.621875 0.4296875 0.08671875 0.1078125
0 0.6578125 0.07890625 0.021875 0.0578125
0 0.871875 0.4546875 0.084375 0.09140625
0 0.8265625 0.50625 0.06484375 0.071875
0 0.75546875 0.08046875 0.06015625 0.0578125
0 0.84296875 0.30546875 0.0484375 0.0453125
0 0.884375 0.33984375 0.04296875 0.04296875
0 0.965625 0.16015625 0.0625 0.053125
0 0.9625 0.21171875 0.05546875 0.04296875
0 0.06328125 0.628125 0.0890625 0.0375
0 0.040625 0.6890625 0.06484375 0.0578125
0 0.20703125 0.74296875 0.1078125 0.13203125
0 0.1234375 0.7265625 0.06015625 0.07421875
0 0.1859375 0.86796875 0.14453125 0.165625
0 0.63046875 0.9328125 0.0625 0.06015625
0 0.45703125 0.640625 0.06953125 0.0625
0 0.5578125 0.63203125 0.06875 0.0453125
0 0.3765625 0.99296875 0.0625 0.0140625
0 0.29765625 0.97578125 0.0578125 0.0484375
0 0.940625 0.725 0.0671875 0.0625
0 0.8484375 0.83671875 0.0578125 0.06015625
0 0.9765625 0.98515625 0.046875 0.0296875
0 0.84453125 0.971875 0.0890625 0.05625
0 0.98828125 0.62578125 0.0234375 0.0328125