0 0.15390625 0.35625 0.0796875 0.0984375
0 0.2203125 0.27421875 0.06953125 0.103125
0 0.3078125 0.378125 0.071875 0.09375
0 0.10625 0.01953125 0.103125 0.0390625
0 0.3734375 0.053125 0.090625 0.10625
0 0.36640625 0.19609375 0.115625 0.12734375
0 0.26875 0.5984375 0.071875 0.040625
0 0.7703125 0.465625 0.0671875 0.07421875
0 0.8765625 0.434375 0.21640625 0.2546875
0 0.9015625 0.31875 0.071875 0.071875
0 0.93671875 0.2625 0.1203125 0.12734375
0 0.97578125 0.38125 0.0484375 0.0625
0 0.75625 0.3921875 0.0671875 0.0625
0 0.6984375 0.321875 0.053125 0.0578125
0 0.77890625 0.2046875 0.08671875 0.10078125
0 0.828125 0.0875 0.0578125 0.053125
0 0.96171875 0.10234375 0.0765625 0.0828125
0 0.6640625 0.02421875 0.084375 0.0484375
0 0.59765625 0.09453125 0.1109375 0.10546875
0 0.55546875 0.49296875 0.1921875 0.2171875
0 0.753125 0.6046875 0.05625 0.028125
0 0.69375 0.434375 0.04296875 0.053125
0 0.52421875 0.19296875 0.0484375 0.05546875
0 0.55546875 0.240625 0.0578125 0.06015625
0 0.25546875 0.94609375 0.1703125 0.1078125
0 0.12890625 0.91484375 0.0765625 0.0796875
0 0.0765625 0.8296875 0.08203125 0.06953125
0 0.03828125 0.790625 0.0484375 0.0453125
0 0.05859375 0.725 0.0484375 0.053125
0 0.3734375 0.96171875 0.05546875 0.05546875
0 0.4375 0.93515625 0.03828125 0.03359375
0 0.3640625 0.875 0.040625 0.03828125
0 0.3734375 0.828125 0.04296875 0.040625
0 0.15625 0.68359375 0.0265625 0.02890625
0 0.49609375 0.9609375 0.0734375 0.078125
0 0.8203125 0.915625 0.0890625 0.10078125
0 0.978125 0.653125 0.04375 0.06875
0 0.67734375 0.93125 0.06953125 0.08671875