0 0.0890625 0.01953125 0.10625 0.0390625
0 0.10546875 0.07578125 0.10078125 0.1109375
0 0.22109375 0.0453125 0.0984375 0.090625
0 0.1203125 0.3234375 0.12734375 0.13671875
0 0.18515625 0.2046875 0.146875 0.1515625
0 0.4140625 0.25 0.071875 0.134375
0 0.4109375 0.34765625 0.078125 0.1078125
0 0.47265625 0.28046875 0.0453125 0.1171875
0 0.671875 0.39375 0.0875 0.03125
0 0.78359375 0.3359375 0.08203125 0.08203125
0 0.53828125 0.05859375 0.06953125 0.08671875
0 0.71484375 0.08046875 0.084375 0.0890625
0 0.77421875 0.0125 0.0609375 0.025
0 0.059375 0.5546875 0.11875 0.178125
0 0.15859375 0.62578125 0.07421875 0.0796875
0 0.4046875 0.53515625 0.07421875 0.103125
0 0.38359375 0.88515625 0.1328125 0.1828125
0 0.2921875 0.725 0.1078125 0.1109375
0 0.23046875 0.79296875 0.11796875 0.084375
0 0.0796875 0.84453125 0.05078125 0.0625
0 0.23046875 0.9203125 0.06015625 0.06484375
0 0.29765625 0.98125 0.0578125 0.0375
0 0.3265625 0.5375 0.06484375 0.0796875
0 0.26171875 0.53671875 0.05546875 0.071875
0 0.74453125 0.51953125 0.5109375 0.2203125
0 0.69921875 0.44296875 0.1328125 0.0671875
0 0.78828125 0.46796875 0.1484375 0.1171875
0 0.5359375 0.62890625 0.171875 0.1765625
0 0.50625 0.74375 0.1125 0.115625
0 0.8359375 0.7640625 0.328125 0.471875
0 0.53515625 0.86484375 0.1703125 0.2640625