0 0.55859375 0.5234375 0.0609375 0.071875
0 0.51796875 0.484375 0.13671875 0.1421875
0 0.53515625 0.103125 0.1078125 0.165625
0 0.5203125 0.0296875 0.1375 0.059375
0 0.35234375 0.13125 0.1421875 0.14453125
0 0.23203125 0.15390625 0.13203125 0.134375
0 0.10703125 0.24296875 0.2140625 0.3171875
0 0.1671875 0.421875 0.0765625 0.0796875
0 0.2515625 0.396875 0.084375 0.084375
0 0.38828125 0.42421875 0.1109375 0.11328125
0 0.3609375 0.4796875 0.071875 0.07421875
0 0.36171875 0.28828125 0.0796875 0.08203125
0 0.9609375 0.36953125 0.078125 0.0828125
0 0.92421875 0.425 0.071875 0.07421875
0 0.8421875 0.42578125 0.05546875 0.06953125
0 0.7046875 0.209375 0.09375 0.09375
0 0.9 0.09296875 0.05546875 0.05546875
0 0.9796875 0.0203125 0.040625 0.040625
0 0.7265625 0.0296875 0.090625 0.059375
0 0.82109375 0.06640625 0.1546875 0.1328125
0 0.615625 0.03046875 0.053125 0.0609375
0 0.72578125 0.30234375 0.05546875 0.0484375
0 0.6734375 0.303125 0.03359375 0.05546875
0 0.6625 0.4609375 0.06015625 0.0890625
0 0.6 0.45859375 0.021875 0.0921875
0 0.175 0.78046875 0.0890625 0.08671875
0 0.2703125 0.94609375 0.09375 0.10078125
0 0.4796875 0.8 0.07421875 0.0796875
0 0.9875 0.94765625 0.025 0.0390625