0 0.21875 0.3046875 0.1296875 0.12265625
0 0.12421875 0.2421875 0.071875 0.06953125
0 0.15390625 0.1734375 0.11328125 0.11328125
0 0.24921875 0.0609375 0.09140625 0.0890625
0 0.3046875 0.096875 0.05546875 0.0625
0 0.3390625 0.29765625 0.140625 0.2640625
0 0.85703125 0.04609375 0.1265625 0.0921875
0 0.81796875 0.128125 0.1109375 0.10078125
0 0.471875 0.02734375 0.125 0.0546875
0 0.58203125 0.25078125 0.13671875 0.15859375
0 0.94609375 0.3890625 0.1078125 0.08125
0 0.9828125 0.29453125 0.034375 0.0765625
0 0.96484375 0.22578125 0.0703125 0.0671875
0 0.534375 0.36640625 0.07421875 0.0671875
0 0.74375 0.36953125 0.0671875 0.05546875
0 0.01171875 0.54921875 0.0234375 0.0796875
0 0.0453125 0.5796875 0.0625 0.06953125
0 0.059375 0.65078125 0.053125 0.0484375
0 0.0234375 0.74140625 0.046875 0.0578125
0 0.19296875 0.78828125 0.2671875 0.23828125
0 0.22578125 0.93828125 0.084375 0.07421875
0 0.3703125 0.53515625 0.078125 0.1015625
0 0.40234375 0.53359375 0.0140625 0.0640625
0 0.2328125 0.528125 0.0484375 0.05078125
0 0.16171875 0.5515625 0.06953125 0.06484375
0 0.13203125 0.46796875 0.1015625 0.0765625
0 0.0671875 0.99296875 0.0375 0.0140625
0 0.3171875 0.66171875 0.0765625 0.0578125
0 0.53125 0.83828125 0.125 0.1421875
0 0.50859375 0.7234375 0.06953125 0.07421875
0 0.4265625 0.7046875 0.034375 0.09375
0 0.97578125 0.71796875 0.0484375 0.0796875
0 0.7234375 0.68046875 0.084375 0.084375
0 0.62734375 0.65625 0.0625 0.06015625
0 0.69140625 0.57734375 0.0671875 0.0765625
0 0.81875 0.46171875 0.075 0.0640625