0 0.03828125 0.36171875 0.06015625 0.0578125
0 0.1265625 0.2296875 0.09609375 0.103125
0 0.23671875 0.26953125 0.09140625 0.09609375
0 0.42890625 0.29609375 0.2328125 0.2453125
0 0.421875 0.08046875 0.053125 0.0578125
0 0.3390625 0.06015625 0.0578125 0.06015625
0 0.19453125 0.09609375 0.05546875 0.0578125
0 0.66953125 0.09140625 0.1796875 0.1828125
0 0.9015625 0.16328125 0.0890625 0.10078125
0 0.9171875 0.3921875 0.0625 0.0484375
0 0.49453125 0.940625 0.05546875 0.053125
0 0.13828125 0.48828125 0.12734375 0.1390625
0 0.27578125 0.57265625 0.08203125 0.0796875
0 0.36171875 0.684375 0.053125 0.0625
0 0.43671875 0.65546875 0.0484375 0.0484375
0 0.12890625 0.6984375 0.0484375 0.06953125
0 0.178125 0.76875 0.05546875 0.05546875
0 0.04609375 0.66328125 0.0921875 0.0890625
0 0.41640625 0.8609375 0.1109375 0.0984375
0 0.484375 0.8453125 0.040625 0.05546875
0 0.1484375 0.9921875 0.065625 0.015625
0 0.109375 0.9640625 0.04296875 0.05546875
0 0.40546875 0.53046875 0.0484375 0.06015625
0 0.8515625 0.5890625 0.09375 0.1203125
0 0.69609375 0.5734375 0.2328125 0.228125
0 0.60390625 0.68984375 0.0484375 0.0890625
0 0.68828125 0.71640625 0.0484375 0.05078125
0 0.69765625 0.8453125 0.071875 0.06484375
0 0.734375 0.975 0.0875 0.05
0 0.86640625 0.8796875 0.0484375 0.053125
0 0.909375 0.8796875 0.0578125 0.0625
0 0.9140625 0.9328125 0.171875 0.134375
0 0.83203125 0.9921875 0.0578125 0.015625
0 0.97890625 0.51328125 0.0421875 0.0984375
0 0.97734375 0.75078125 0.0453125 0.0671875
0 0.9 0.7203125 0.05546875 0.05078125