0 0.4171875 0.01875 0.09375 0.0375
0 0.19765625 0.27890625 0.0984375 0.125
0 0.15546875 0.3984375 0.1078125 0.12734375
0 0.29609375 0.48671875 0.06015625 0.0578125
0 0.384375 0.3546875 0.09609375 0.103125
0 0.48359375 0.39375 0.0703125 0.096875
0 0.48828125 0.09765625 0.0609375 0.0796875
0 0.45234375 0.22109375 0.05546875 0.0578125
0 0.76328125 0.028125 0.0828125 0.05625
0 0.97890625 0.16171875 0.0421875 0.3234375
0 0.9734375 0.321875 0.053125 0.071875
0 0.9875 0.46875 0.025 0.05625
0 0.88359375 0.4421875 0.2046875 0.215625
0 0.52734375 0.35234375 0.0171875 0.0546875
0 0.65234375 0.34609375 0.06484375 0.0578125
0 0.6359375 0.40859375 0.0484375 0.05078125
0 0.76953125 0.4015625 0.05078125 0.0453125
0 0.7359375 0.49296875 0.0578125 0.06015625
0 0.63125 0.5390625 0.0625 0.021875
0 0.66328125 0.0375 0.0578125 0.075
0 0.59609375 0.128125 0.06953125 0.0765625
0 0.88125 0.0921875 0.053125 0.053125
0 0.90390625 0.16328125 0.0578125 0.0578125
0 0.04296875 0.85078125 0.0859375 0.2203125
0 0.2140625 0.7171875 0.06953125 0.06015625
0 0.12890625 0.8453125 0.0484375 0.06015625
0 0.40546875 0.84765625 0.084375 0.103125
0 0.30390625 0.9546875 0.06953125 0.0796875
0 0.16640625 0.971875 0.1234375 0.05625
0 0.0265625 0.640625 0.053125 0.08125
0 0.959375 0.66484375 0.08125 0.1171875
0 0.58359375 0.56015625 0.1046875 0.0203125
0 0.5546875 0.84921875 0.071875 0.0890625
0 0.54296875 0.66796875 0.0484375 0.0984375
0 0.6078125 0.94453125 0.1125 0.1109375