0 0.66953125 0.19375 0.0609375 0.084375
0 0.5890625 0.22421875 0.0625 0.0625
0 0.4890625 0.3015625 0.0984375 0.1078125
0 0.4625 0.446875 0.0765625 0.05546875
0 0.01171875 0.1859375 0.0234375 0.071875
0 0.21171875 0.1109375 0.2609375 0.221875
0 0.01953125 0.12109375 0.0390625 0.0578125
0 0.53359375 0.16640625 0.08203125 0.071875
0 0.24375 0.3625 0.084375 0.07421875
0 0.9390625 0.47890625 0.103125 0.0609375
0 0.7171875 0.26640625 0.034375 0.1015625
0 0.8125 0.0953125 0.0625 0.05546875
0 0.5765625 0.62578125 0.146875 0.15390625
0 0.11484375 0.63515625 0.2296875 0.2515625
0 0.03046875 0.71328125 0.0609375 0.0890625
0 0.025 0.81171875 0.05 0.1390625
0 0.059375 0.93984375 0.11875 0.1203125
0 0.55078125 0.9609375 0.1109375 0.078125
0 0.25625 0.76171875 0.13671875 0.13671875
0 0.27109375 0.5296875 0.0796875 0.040625
0 0.5203125 0.528125 0.071875 0.0375
0 0.49296875 0.596875 0.07421875 0.0796875
0 0.6765625 0.978125 0.046875 0.04375
0 0.8390625 0.59453125 0.1109375 0.1203125
0 0.70859375 0.6578125 0.0171875 0.059375
0 0.78984375 0.68984375 0.0578125 0.05078125
0 0.85078125 0.734375 0.06953125 0.0671875
0 0.73046875 0.80703125 0.0609375 0.0640625
0 0.73203125 0.971875 0.0640625 0.05625
0 0.9640625 0.9484375 0.071875 0.103125
0 0.98671875 0.61640625 0.0265625 0.0640625