0 0.46171875 0.0203125 0.0859375 0.040625
0 0.16328125 0.175 0.23828125 0.25
0 0.0234375 0.38671875 0.03359375 0.03828125
0 0.4265625 0.36484375 0.165625 0.1703125
0 0.48125 0.1296875 0.05625 0.0625
0 0.94375 0.4265625 0.071875 0.046875
0 0.96875 0.353125 0.0625 0.071875
0 0.97421875 0.18828125 0.0515625 0.0953125
0 0.875 0.18046875 0.04296875 0.03359375
0 0.67734375 0.20078125 0.1078125 0.1109375
0 0.5953125 0.1734375 0.0671875 0.0796875
0 0.715625 0.084375 0.071875 0.071875
0 0.66484375 0.1046875 0.05546875 0.0578125
0 0.31640625 0.47890625 0.1515625 0.0578125
0 0.3078125 0.80703125 0.30078125 0.31015625
0 0.35546875 0.96640625 0.1296875 0.0671875
0 0.95859375 0.4859375 0.0828125 0.071875
0 0.88671875 0.63828125 0.16328125 0.17578125
0 0.73515625 0.62890625 0.103125 0.10078125
0 0.7109375 0.8234375 0.1515625 0.209375
0 0.54921875 0.85390625 0.0671875 0.0765625