0 0.3515625 0.3890625 0.034375 0.08125
0 0.15546875 0.39140625 0.0765625 0.071875
0 0.23984375 0.2015625 0.10078125 0.10078125
0 0.546875 0.43203125 0.08125 0.0546875
0 0.58671875 0.03984375 0.1515625 0.0796875
0 0.9078125 0.1265625 0.103125 0.08671875
0 0.96640625 0.3421875 0.0671875 0.09375
0 0.903125 0.4171875 0.071875 0.0671875
0 0.7421875 0.2703125 0.0453125 0.04296875
0 0.80078125 0.31640625 0.05078125 0.0484375
0 0.2859375 0.96796875 0.103125 0.0640625
0 0.3203125 0.55078125 0.096875 0.1828125
0 0.190625 0.584375 0.0765625 0.0765625
0 0.1390625 0.64375 0.09140625 0.0671875
0 0.0390625 0.71640625 0.078125 0.0828125
0 0.38125 0.8640625 0.025 0.06875
0 0.575 0.85546875 0.071875 0.0796875
0 0.621875 0.871875 0.05546875 0.0578125
0 0.6984375 0.87578125 0.0890625 0.09140625
0 0.5125 0.55703125 0.08203125 0.08671875
0 0.88515625 0.67734375 0.09375 0.0890625
0 0.78515625 0.815625 0.07421875 0.07421875
0 0.44765625 0.66171875 0.071875 0.071875
0 0.49765625 0.6953125 0.06015625 0.06015625