0 0.15859375 0.20546875 0.0765625 0.071875
0 0.04921875 0.109375 0.06484375 0.06953125
0 0.21953125 0.50625 0.0578125 0.053125
0 0.24140625 0.30625 0.06953125 0.071875
0 0.2921875 0.29453125 0.075 0.0890625
0 0.29765625 0.03515625 0.053125 0.0578125
0 0.37734375 0.2359375 0.0953125 0.190625
0 0.346875 0.096875 0.034375 0.084375
0 0.659375 0.31484375 0.1390625 0.13671875
0 0.7484375 0.27265625 0.11796875 0.1203125
0 0.5125 0.29921875 0.15390625 0.15390625
0 0.93203125 0.12265625 0.1296875 0.13203125
0 0.85546875 0.03828125 0.1203125 0.0765625
0 0.83515625 0.4484375 0.09609375 0.0984375
0 0.44140625 0.8125 0.053125 0.0671875
0 0.36328125 0.8203125 0.0671875 0.103125
0 0.80234375 0.8484375 0.0578125 0.0625
0 0.696875 0.83203125 0.05546875 0.0625
0 0.6484375 0.7921875 0.05078125 0.05078125
0 0.65546875 0.63359375 0.09140625 0.0984375
0 0.9609375 0.64296875 0.05546875 0.06484375
0 0.9125 0.6140625 0.0671875 0.0890625
0 0.6796875 0.97265625 0.03359375 0.053125
0 0.90703125 0.8796875 0.05078125 0.06015625
0 0.98515625 0.8328125 0.0296875 0.040625
0 0.9875 0.79765625 0.025 0.0484375
0 0.728125 0.715625 0.040625 0.04296875
0 0.49296875 0.9671875 0.0921875 0.065625
0 0.9265625 0.97265625 0.05625 0.0546875