0 0.07265625 0.1578125 0.0578125 0.0671875
0 0.07421875 0.0203125 0.0921875 0.040625
0 0.26953125 0.1578125 0.040625 0.0484375
0 0.74375 0.0921875 0.14453125 0.146875
0 0.66640625 0.13671875 0.0671875 0.08203125
0 0.68359375 0.25703125 0.0796875 0.0234375
0 0.61328125 0.04140625 0.0796875 0.0828125
0 0.48671875 0.0296875 0.0609375 0.059375
0 0.9390625 0.0171875 0.103125 0.034375
0 0.9734375 0.19765625 0.053125 0.0984375
0 0.0171875 0.62109375 0.034375 0.1796875
0 0.03515625 0.378125 0.0703125 0.090625
0 0.096875 0.278125 0.071875 0.01875
0 0.209375 0.378125 0.18984375 0.2046875
0 0.17734375 0.528125 0.0984375 0.11796875
0 0.29765625 0.65078125 0.1609375 0.2046875
0 0.22421875 0.7796875 0.0578125 0.06484375
0 0.1640625 0.79765625 0.0984375 0.084375
0 0.0484375 0.77109375 0.096875 0.1140625
0 0.04140625 0.86953125 0.0671875 0.071875
0 0.02578125 0.9375 0.0515625 0.084375
0 0.240625 0.93671875 0.09140625 0.10546875
0 0.36484375 0.92734375 0.08203125 0.084375
0 0.39609375 0.375 0.0671875 0.08125
0 0.36328125 0.3109375 0.0671875 0.08203125
0 0.35859375 0.4125 0.0671875 0.0671875
0 0.834375 0.76953125 0.06953125 0.06953125
0 0.91640625 0.6 0.10546875 0.10546875
0 0.475 0.6765625 0.084375 0.08671875
0 0.4453125 0.77421875 0.03125 0.0453125
0 0.51640625 0.2921875 0.0953125 0.046875
0 0.71796875 0.3921875 0.0625 0.0796875
0 0.9546875 0.89453125 0.0890625 0.071875
0 0.73359375 0.72734375 0.09140625 0.08671875
0 0.74453125 0.575 0.0484375 0.05078125
0 0.5109375 0.56640625 0.0625 0.0625