0 0.415625 0.396875 0.071875 0.04375
0 0.38671875 0.09609375 0.053125 0.05078125
0 0.3421875 0.29765625 0.06484375 0.0671875
0 0.28828125 0.3046875 0.06953125 0.08671875
0 0.028125 0.40078125 0.05625 0.0359375
0 0.01796875 0.31953125 0.0359375 0.0578125
0 0.16875 0.32265625 0.06015625 0.0625
0 0.0859375 0.265625 0.084375 0.09375
0 0.075 0.11875 0.07421875 0.071875
0 0.20625 0.14296875 0.0765625 0.0984375
0 0.14296875 0.0453125 0.06015625 0.053125
0 0.6734375 0.028125 0.05546875 0.05078125
0 0.9765625 0.30546875 0.046875 0.1515625
0 0.9234375 0.10625 0.03828125 0.0484375
0 0.6 0.2359375 0.05078125 0.053125
0 0.61328125 0.31640625 0.0484375 0.03359375
0 0.39921875 0.475 0.0765625 0.0625
0 0.20859375 0.628125 0.0765625 0.0796875
0 0.3421875 0.63125 0.0796875 0.0890625
0 0.3734375 0.6828125 0.05546875 0.0671875
0 0.2828125 0.74453125 0.1078125 0.13203125
0 0.209375 0.81171875 0.07421875 0.0796875
0 0.2984375 0.89140625 0.09140625 0.08671875
0 0.05390625 0.96796875 0.0828125 0.0640625
0 0.02109375 0.77421875 0.0421875 0.0796875
0 0.746875 0.85546875 0.06015625 0.06484375
0 0.65546875 0.8203125 0.06484375 0.10078125
0 0.56484375 0.8328125 0.0296875 0.075
0 0.69296875 0.675 0.06953125 0.0796875
0 0.61796875 0.7109375 0.04296875 0.05078125
0 0.6515625 0.6015625 0.0578125 0.04296875