0 0.45625 0.3265625 0.07421875 0.071875
0 0.55234375 0.19609375 0.0546875 0.0703125
0 0.02421875 0.065625 0.0484375 0.103125
0 0.41171875 0.0203125 0.0578125 0.040625
0 0.5453125 0.03671875 0.06875 0.0734375
0 0.44140625 0.68046875 0.05546875 0.053125
0 0.3828125 0.45703125 0.0671875 0.071875
0 0.32421875 0.4515625 0.06953125 0.09375
0 0.275 0.1578125 0.05078125 0.06015625
0 0.13984375 0.0984375 0.0578125 0.0671875
0 0.03359375 0.32890625 0.0671875 0.0984375
0 0.0265625 0.45234375 0.053125 0.0609375
0 0.1953125 0.4390625 0.06015625 0.0671875
0 0.1109375 0.50859375 0.08671875 0.10078125
0 0.10859375 0.6734375 0.0765625 0.07421875
0 0.246875 0.63828125 0.0765625 0.10546875
0 0.184375 0.7515625 0.0625 0.05546875
0 0.6015625 0.2515625 0.04375 0.05
0 0.64609375 0.1390625 0.0484375 0.053125
0 0.68125 0.0125 0.040625 0.025
0 0.853125 0.14296875 0.053125 0.0671875
0 0.96015625 0.1109375 0.0796875 0.1
0 0.92265625 0.2375 0.09140625 0.09140625
0 0.66640625 0.325 0.0578125 0.0578125
0 0.7578125 0.4359375 0.03359375 0.040625
0 0.96015625 0.328125 0.06484375 0.0765625
0 0.9890625 0.33828125 0.021875 0.0796875
0 0.67265625 0.51796875 0.0578125 0.0578125
0 0.71328125 0.540625 0.08203125 0.0796875
0 0.89296875 0.45546875 0.03828125 0.04296875
0 0.93125 0.44765625 0.03828125 0.04296875
0 0.85625 0.74140625 0.0625 0.06484375
0 0.884375 0.67734375 0.0671875 0.084375
0 0.8328125 0.56328125 0.0453125 0.04296875
0 0.97890625 0.7234375 0.0421875 0.04375
0 0.4765625 0.803125 0.053125 0.046875
0 0.5453125 0.959375 0.06875 0.08125
0 0.48671875 0.9671875 0.0578125 0.065625
0 0.0921875 0.80703125 0.065625 0.0546875
0 0.84921875 0.9 0.3015625 0.2
0 0.82109375 0.89453125 0.0625 0.0796875
0 0.77578125 0.953125 0.0625 0.08671875
0 0.6265625 0.90859375 0.0625 0.0578125
0 0.59296875 0.80703125 0.0265625 0.0546875