0 0.40390625 0.33515625 0.1515625 0.1671875
0 0.23984375 0.16875 0.4796875 0.3375
0 0.58203125 0.02578125 0.0484375 0.0515625
0 0.88203125 0.05078125 0.1296875 0.1015625
0 0.8109375 0.190625 0.0625 0.0578125
0 0.903125 0.21484375 0.0671875 0.09609375
0 0.88203125 0.2921875 0.0453125 0.0484375
0 0.55390625 0.33046875 0.11796875 0.12734375
0 0.05 0.83515625 0.1 0.1390625
0 0.0171875 0.7 0.034375 0.115625
0 0.1359375 0.9546875 0.115625 0.090625
0 0.24609375 0.97109375 0.0796875 0.0578125
0 0.39375 0.75703125 0.11796875 0.115625
0 0.465625 0.67890625 0.028125 0.1015625
0 0.30234375 0.88671875 0.0796875 0.0796875
0 0.57890625 0.96328125 0.1984375 0.0734375
0 0.90859375 0.8703125 0.0671875 0.08203125
0 0.8 0.89453125 0.06484375 0.07421875
0 0.76328125 0.81953125 0.10546875 0.125
0 0.6828125 0.71640625 0.06484375 0.0671875
0 0.6328125 0.7859375 0.1078125 0.1421875
0 0.50703125 0.8859375 0.0546875 0.065625
0 0.9625 0.7078125 0.07421875 0.0890625
0 0.96875 0.640625 0.05078125 0.05546875
0 0.97421875 0.4703125 0.0515625 0.071875
0 0.6046875 0.6390625 0.0625 0.0671875