0 0.403125 0.01796875 0.134375 0.0359375
0 0.3578125 0.025 0.059375 0.05
0 0.42578125 0.09921875 0.0671875 0.0625
0 0.52265625 0.0453125 0.0734375 0.084375
0 0.49453125 0.4859375 0.0984375 0.103125
0 0.36015625 0.3109375 0.06484375 0.05546875
0 0.246875 0.2796875 0.49375 0.559375
0 0.58359375 0.01875 0.0484375 0.0375
0 0.878125 0.13203125 0.103125 0.1078125
0 0.75703125 0.190625 0.0625 0.071875
0 0.721875 0.2484375 0.08671875 0.08671875
0 0.75234375 0.0328125 0.1390625 0.065625
0 0.86171875 0.325 0.1296875 0.13671875
0 0.8171875 0.478125 0.12734375 0.1390625
0 0.04296875 0.93359375 0.0859375 0.1078125
0 0.190625 0.9625 0.0625 0.06484375
0 0.17890625 0.890625 0.071875 0.0671875
0 0.2421875 0.83046875 0.0890625 0.09609375
0 0.1140625 0.68359375 0.09375 0.084375
0 0.51796875 0.58515625 0.0828125 0.0515625
0 0.76796875 0.92421875 0.1890625 0.1515625
0 0.9765625 0.61875 0.046875 0.071875
0 0.8203125 0.6640625 0.10546875 0.09609375
0 0.68125 0.64375 0.08671875 0.084375