0 0.015625 0.22109375 0.03125 0.0453125
0 0.5796875 0.01171875 0.078125 0.0234375
0 0.3046875 0.25 0.609375 0.5
0 0.94453125 0.340625 0.053125 0.0671875
0 0.6890625 0.32109375 0.05546875 0.0625
0 0.7375 0.3609375 0.05078125 0.05078125
0 0.7296875 0.48984375 0.090625 0.0390625
0 0.70625 0.18046875 0.03359375 0.053125
0 0.65234375 0.07734375 0.040625 0.05078125
0 0.6578125 0.4375 0.040625 0.04296875
0 0.8921875 0.15390625 0.09140625 0.1296875
0 0.54609375 0.796875 0.06015625 0.0625
0 0.49296875 0.74765625 0.125 0.11796875
0 0.31171875 0.78515625 0.1203125 0.10078125
0 0.31171875 0.9078125 0.05546875 0.0578125
0 0.49296875 0.5875 0.06015625 0.0625
0 0.446875 0.546875 0.084375 0.075
0 0.11953125 0.725 0.0625 0.071875
0 0.1734375 0.78828125 0.071875 0.06484375
0 0.17109375 0.88125 0.0671875 0.0625
0 0.13359375 0.61796875 0.0578125 0.05546875
0 0.546875 0.64921875 0.053125 0.05078125
0 0.4859375 0.97734375 0.040625 0.03828125
0 0.5734375 0.93046875 0.0453125 0.040625
0 0.25625 0.5953125 0.03828125 0.03359375
0 0.64375 0.78359375 0.05 0.0765625
0 0.921875 0.5984375 0.103125 0.103125
0 0.825 0.703125 0.07421875 0.0671875
0 0.8359375 0.846875 0.0484375 0.0578125