0 0.0921875 0.3078125 0.0890625 0.08671875
0 0.18828125 0.1 0.0625 0.04296875
0 0.50234375 0.42421875 0.1859375 0.0890625
0 0.0328125 0.41484375 0.065625 0.1078125
0 0.35390625 0.18203125 0.4921875 0.3640625
0 0.8578125 0.19140625 0.125 0.134375
0 0.88203125 0.31875 0.08671875 0.0890625
0 0.9703125 0.428125 0.059375 0.08125
0 0.9828125 0.19921875 0.034375 0.0828125
0 0.66953125 0.440625 0.0796875 0.05625
0 0.7453125 0.13515625 0.06015625 0.0578125
0 0.75234375 0.2203125 0.05078125 0.053125
0 0.36875 0.5140625 0.125 0.090625
0 0.45625 0.5515625 0.11796875 0.146875
0 0.559375 0.6328125 0.08125 0.125
0 0.5421875 0.725 0.0765625 0.06953125
0 0.38828125 0.66484375 0.1203125 0.13203125
0 0.29453125 0.76796875 0.125 0.125
0 0.134375 0.65078125 0.26875 0.3640625
0 0.10703125 0.88359375 0.1109375 0.11796875
0 0.3484375 0.98046875 0.0625 0.0390625
0 0.87578125 0.80390625 0.053125 0.06015625
0 0.68828125 0.69453125 0.08671875 0.0671875
0 0.65625 0.49296875 0.065625 0.0484375
0 0.81875 0.57421875 0.06484375 0.0671875
0 0.9921875 0.6609375 0.015625 0.040625
0 0.971875 0.62578125 0.0453125 0.0453125