0 0.203125 0.0140625 0.103125 0.028125
0 0.33515625 0.0265625 0.0671875 0.053125
0 0.25859375 0.13203125 0.0796875 0.084375
0 0.21015625 0.3734375 0.09609375 0.103125
0 0.08046875 0.14765625 0.1609375 0.2046875
0 0.771875 0.0390625 0.128125 0.078125
0 0.73359375 0.29453125 0.5328125 0.2703125
0 0.4515625 0.578125 0.015625 0.0875
0 0.4265625 0.7078125 0.065625 0.153125
0 0.17421875 0.81875 0.0796875 0.08671875
0 0.2765625 0.7265625 0.071875 0.0796875
0 0.19375 0.98828125 0.08125 0.0234375
0 0.13203125 0.534375 0.10546875 0.11328125
0 0.30546875 0.4765625 0.1171875 0.09375
0 0.08046875 0.66796875 0.05546875 0.0578125
0 0.765625 0.59765625 0.40625 0.3359375
0 0.5828125 0.93125 0.20625 0.1375
0 0.7109375 0.94375 0.215625 0.1125
0 0.6359375 0.4984375 0.08203125 0.0796875
0 0.559375 0.73671875 0.09375 0.09140625
0 0.87421875 0.7375 0.0796875 0.0765625