0 0.39453125 0.20390625 0.2328125 0.2359375
0 0.209375 0.28671875 0.08203125 0.084375
0 0.20625 0.3671875 0.09609375 0.09609375
0 0.4265625 0.38671875 0.20625 0.1453125
0 0.07734375 0.1953125 0.1515625 0.1515625
0 0.1421875 0.06796875 0.0890625 0.0890625
0 0.03515625 0.0484375 0.0703125 0.096875
0 0.10234375 0.421875 0.1109375 0.075
0 0.93515625 0.3828125 0.1296875 0.153125
0 0.85546875 0.3875 0.2015625 0.14375
0 0.784375 0.4265625 0.13125 0.065625
0 0.68515625 0.41484375 0.07421875 0.0765625
0 0.70703125 0.353125 0.103125 0.10546875
0 0.88828125 0.3171875 0.10546875 0.103125
0 0.5984375 0.075 0.11875 0.13125
0 0.55625 0.1203125 0.034375 0.134375
0 0.80859375 0.23671875 0.22578125 0.23046875
0 0.71015625 0.1875 0.1203125 0.1203125
0 0.69375 0.2609375 0.1203125 0.1203125
0 0.634375 0.203125 0.0890625 0.0890625
0 0.7515625 0.14375 0.0890625 0.0890625
0 0.9109375 0.103125 0.0796875 0.0796875
0 0.97109375 0.1484375 0.0578125 0.0875
0 0.62734375 0.37734375 0.09375 0.09140625
0 0.5734375 0.39375 0.0671875 0.0671875
0 0.3046875 0.65234375 0.0796875 0.09609375
0 0.23359375 0.490625 0.0734375 0.0625
0 0.725 0.95625 0.1625 0.0875
0 0.56875 0.8890625 0.059375 0.096875
0 0.6109375 0.95625 0.103125 0.0875
0 0.88984375 0.74921875 0.12265625 0.12265625
0 0.7109375 0.48828125 0.115625 0.0578125
0 0.79921875 0.49453125 0.0796875 0.0703125
0 0.88046875 0.50859375 0.0671875 0.0671875
0 0.90390625 0.4796875 0.0734375 0.040625
0 0.553125 0.5234375 0.028125 0.103125
0 0.653125 0.71015625 0.09140625 0.09140625