0 0.08046875 0.1203125 0.0671875 0.0578125
0 0.021875 0.2265625 0.04375 0.084375
0 0.5453125 0.44921875 0.06875 0.0609375
0 0.515625 0.40234375 0.03828125 0.05078125
0 0.8109375 0.4359375 0.0875 0.0875
0 0.70078125 0.18046875 0.14453125 0.16796875
0 0.73359375 0.36875 0.0625 0.06953125
0 0.5640625 0.0328125 0.0796875 0.06484375
0 0.1609375 0.86171875 0.11328125 0.103125
0 0.42421875 0.73515625 0.10546875 0.1109375
0 0.1984375 0.64609375 0.2234375 0.2234375
0 0.78203125 0.5515625 0.09375 0.09375
0 0.7796875 0.87109375 0.10078125 0.103125