0 0.17578125 0.16171875 0.071875 0.06484375
0 0.24765625 0.0453125 0.0640625 0.090625
0 0.9796875 0.03125 0.040625 0.0625
0 0.6921875 0.175 0.603125 0.35
0 0.3671875 0.31171875 0.059375 0.0765625
0 0.33828125 0.08046875 0.1171875 0.1609375
0 0.04140625 0.53203125 0.0828125 0.1953125
0 0.17109375 0.946875 0.2171875 0.10625
0 0.03828125 0.825 0.06484375 0.06015625
0 0.0265625 0.35625 0.053125 0.0125
0 0.75859375 0.40703125 0.1296875 0.1140625
0 0.83203125 0.6078125 0.1703125 0.17578125
0 0.696875 0.63359375 0.1203125 0.11796875
0 0.5515625 0.50390625 0.071875 0.07421875
0 0.325 0.42265625 0.090625 0.1234375
0 0.44453125 0.6171875 0.0984375 0.0984375
0 0.5125 0.6890625 0.10546875 0.103125
0 0.6265625 0.71953125 0.13203125 0.1296875
0 0.73359375 0.95859375 0.1578125 0.0828125
0 0.45 0.92265625 0.134375 0.13671875
0 0.4328125 0.85 0.0984375 0.0984375
0 0.30859375 0.846875 0.0578125 0.10625
0 0.30078125 0.75078125 0.0421875 0.1734375
0 0.93046875 0.4234375 0.084375 0.08671875
0 0.6578125 0.84765625 0.12265625 0.12265625