0 0.12734375 0.34140625 0.2546875 0.1765625
0 0.05390625 0.24921875 0.1078125 0.3609375
0 0.10703125 0.0828125 0.2140625 0.165625
0 0.37890625 0.07265625 0.0421875 0.1453125
0 0.27890625 0.1765625 0.1078125 0.10546875
0 0.24140625 0.228125 0.09609375 0.09609375
0 0.315625 0.25703125 0.09140625 0.09375
0 0.4421875 0.0953125 0.084375 0.190625
0 0.80859375 0.0515625 0.3828125 0.103125
0 0.5921875 0.2984375 0.1875 0.1875
0 0.5796875 0.13125 0.11328125 0.11328125
0 0.68125 0.0578125 0.1109375 0.1109375
0 0.85859375 0.13828125 0.084375 0.084375
0 0.86953125 0.2734375 0.084375 0.084375
0 0.42578125 0.37890625 0.0515625 0.1015625
0 0.48046875 0.40390625 0.0671875 0.0515625
0 0.02734375 0.89375 0.0546875 0.075
0 0.37734375 0.884375 0.0453125 0.06875
0 0.978125 0.7875 0.04375 0.13125
0 0.73203125 0.6015625 0.10078125 0.12265625
0 0.7234375 0.49921875 0.0984375 0.08671875
0 0.646875 0.4703125 0.075 0.08125
0 0.49296875 0.6765625 0.06015625 0.06484375
0 0.5125 0.88515625 0.0625 0.05546875
0 0.46640625 0.821875 0.07421875 0.071875