0 0.10703125 0.11484375 0.2140625 0.2296875
0 0.15234375 0.48046875 0.3046875 0.0984375
0 0.4296875 0.3234375 0.1 0.290625
0 0.45625 0.13828125 0.046875 0.0921875
0 0.24609375 0.0609375 0.125 0.06953125
0 0.25390625 0.24609375 0.103125 0.103125
0 0.2296875 0.31875 0.0890625 0.0984375
0 0.1625 0.26875 0.08203125 0.0984375
0 0.92734375 0.09140625 0.0890625 0.1078125
0 0.75078125 0.5140625 0.0578125 0.03125
0 0.83984375 0.396875 0.0796875 0.09609375
0 0.8984375 0.35234375 0.07421875 0.0765625
0 0.8296875 0.2703125 0.084375 0.06953125
0 0.8625 0.1765625 0.0578125 0.06953125
0 0.71796875 0.09140625 0.06484375 0.0796875
0 0.7 0.178125 0.07421875 0.071875
0 0.684375 0.28359375 0.0984375 0.10546875
0 0.5828125 0.03046875 0.059375 0.0609375
0 0.98671875 0.209375 0.0265625 0.0625
0 0.76015625 0.2765625 0.05078125 0.0578125
0 0.2625 0.54375 0.053125 0.028125
0 0.42734375 0.6234375 0.053125 0.053125
0 0.28046875 0.78828125 0.084375 0.09375
0 0.2671875 0.8734375 0.05078125 0.053125
0 0.309375 0.92890625 0.10078125 0.1203125
0 0.10859375 0.78828125 0.2171875 0.2515625
0 0.62890625 0.7515625 0.2640625 0.2671875
0 0.86328125 0.9078125 0.1390625 0.13671875
0 0.984375 0.78984375 0.03125 0.1203125
0 0.9546875 0.69921875 0.090625 0.1078125
0 0.77421875 0.59296875 0.1609375 0.1265625