0 0.0578125 0.10390625 0.115625 0.2078125
0 0.25703125 0.19921875 0.040625 0.05078125
0 0.115625 0.27109375 0.06953125 0.071875
0 0.0265625 0.28515625 0.053125 0.0609375
0 0.6671875 0.034375 0.15625 0.06875
0 0.57265625 0.053125 0.05546875 0.071875
0 0.58125 0.14921875 0.08203125 0.071875
0 0.45859375 0.04453125 0.09609375 0.06953125
0 0.93203125 0.04140625 0.0734375 0.0828125
0 0.31796875 0.30859375 0.0359375 0.0921875
0 0.32578125 0.184375 0.0515625 0.10625
0 0.49453125 0.28125 0.0625 0.06484375
0 0.56484375 0.33828125 0.0640625 0.0421875
0 0.278125 0.49296875 0.04375 0.1203125
0 0.27109375 0.93671875 0.0578125 0.1265625
0 0.153125 0.9640625 0.15 0.071875
0 0.040625 0.80234375 0.08125 0.1265625
0 0.1515625 0.79921875 0.0765625 0.0765625
0 0.834375 0.50625 0.09375 0.10078125
0 0.85859375 0.6015625 0.06953125 0.06015625
0 0.940625 0.7421875 0.0765625 0.0671875
0 0.93203125 0.96796875 0.0765625 0.0640625
0 0.80859375 0.98046875 0.0984375 0.0390625
0 0.68203125 0.6578125 0.115625 0.13671875
0 0.77109375 0.64140625 0.06484375 0.0765625
0 0.7046875 0.78671875 0.1515625 0.1703125
0 0.4171875 0.55234375 0.07421875 0.06484375
0 0.32421875 0.5296875 0.0484375 0.071875
0 0.50390625 0.93828125 0.0671875 0.06015625
0 0.58671875 0.9125 0.06015625 0.0765625
0 0.471875 0.98203125 0.075 0.0359375
0 0.6765625 0.9828125 0.075 0.034375
0 0.5765625 0.3828125 0.071875 0.046875
0 0.4796875 0.403125 0.06015625 0.07421875