0 0.4390625 0.1453125 0.1 0.2375
0 0.07734375 0.06328125 0.1546875 0.1265625
0 0.11640625 0.221875 0.11796875 0.1515625
0 0.353125 0.2109375 0.103125 0.10078125
0 0.38671875 0.271875 0.0796875 0.0625
0 0.3046875 0.03359375 0.075 0.0671875
0 0.378125 0.01484375 0.05625 0.0296875
0 0.66640625 0.296875 0.0796875 0.025
0 0.75859375 0.2703125 0.0765625 0.078125
0 0.51015625 0.2234375 0.0421875 0.1625
0 0.3703125 0.88515625 0.18984375 0.196875
0 0.4484375 0.9078125 0.0671875 0.0765625
0 0.4734375 0.8859375 0.03125 0.0625
0 0.43828125 0.571875 0.1015625 0.146875
0 0.4171875 0.48515625 0.14375 0.1609375
0 0.23359375 0.4796875 0.071875 0.08671875
0 0.24296875 0.39453125 0.09140625 0.103125
0 0.35859375 0.34140625 0.2265625 0.0640625
0 0.034375 0.81328125 0.06875 0.0890625
0 0.09765625 0.9328125 0.08671875 0.07421875
0 0.2203125 0.659375 0.0625 0.071875
0 0.05703125 0.52734375 0.1140625 0.1546875
0 0.14140625 0.971875 0.1390625 0.05625
0 0.32265625 0.62890625 0.06015625 0.06953125
0 0.51328125 0.74609375 0.0484375 0.0671875
0 0.58671875 0.8296875 0.084375 0.0890625
0 0.61328125 0.7359375 0.0578125 0.06484375
0 0.5125 0.528125 0.046875 0.084375
0 0.503125 0.43359375 0.028125 0.0671875
0 0.87265625 0.33828125 0.1078125 0.0578125
0 0.93125 0.3359375 0.053125 0.053125
0 0.94453125 0.55390625 0.09140625 0.0890625
0 0.903125 0.84765625 0.103125 0.1078125
0 0.89453125 0.9671875 0.0796875 0.065625
0 0.96875 0.915625 0.0625 0.0625
0 0.80234375 0.9640625 0.0765625 0.071875
0 0.85625 0.4546875 0.05078125 0.06015625