0 0.0734375 0.01796875 0.075 0.0359375
0 0.21484375 0.10390625 0.2046875 0.2078125
0 0.0234375 0.45390625 0.046875 0.1140625
0 0.140625 0.4984375 0.0984375 0.0890625
0 0.4125 0.57265625 0.26875 0.0546875
0 0.57734375 0.31484375 0.0640625 0.0890625
0 0.2609375 0.44375 0.0625 0.0671875
0 0.028125 0.19140625 0.05625 0.0609375
0 0.84765625 0.3734375 0.11796875 0.12734375
0 0.76328125 0.315625 0.11328125 0.11328125
0 0.778125 0.07734375 0.175 0.1546875
0 0.92890625 0.134375 0.12734375 0.16796875
0 0.73359375 0.51171875 0.07421875 0.07421875
0 0.68125 0.4625 0.0625 0.0625
0 0.134375 0.77734375 0.1390625 0.1390625
0 0.24765625 0.6484375 0.1484375 0.096875
0 0.41015625 0.7828125 0.09375 0.0890625
0 0.49921875 0.7734375 0.134375 0.13671875
0 0.51953125 0.68203125 0.071875 0.07421875
0 0.56875 0.6796875 0.08125 0.103125
0 0.41171875 0.63125 0.1390625 0.0625
0 0.09921875 0.86328125 0.0890625 0.0890625
0 0.87421875 0.9125 0.10078125 0.115625
0 0.84609375 0.66015625 0.0625 0.0671875
0 0.85859375 0.61015625 0.0484375 0.0203125
0 0.72890625 0.97421875 0.1140625 0.0515625