0 0.4453125 0.3328125 0.07421875 0.0578125
0 0.5390625 0.2703125 0.0765625 0.0671875
0 0.52421875 0.1203125 0.04296875 0.053125
0 0.89609375 0.24453125 0.084375 0.0890625
0 0.9703125 0.359375 0.059375 0.059375
0 0.64375 0.1078125 0.06953125 0.084375
0 0.759375 0.1640625 0.08203125 0.084375
0 0.28359375 0.95859375 0.1203125 0.0828125
0 0.33046875 0.884375 0.08671875 0.071875
0 0.13515625 0.415625 0.1046875 0.053125
0 0.1734375 0.484375 0.125 0.09609375
0 0.2046875 0.5640625 0.09609375 0.0765625
0 0.53984375 0.440625 0.0984375 0.103125
0 0.515625 0.50859375 0.09140625 0.0890625
0 0.56015625 0.60859375 0.05078125 0.053125
0 0.4125 0.60234375 0.05078125 0.05078125
0 0.15234375 0.6296875 0.053125 0.053125
0 0.22109375 0.66015625 0.0625 0.053125
0 0.21171875 0.715625 0.0578125 0.071875
0 0.49375 0.85078125 0.03828125 0.04296875
0 0.91953125 0.57265625 0.1609375 0.2671875
0 0.9734375 0.70703125 0.053125 0.0921875
0 0.6171875 0.76640625 0.05625 0.0671875
0 0.7609375 0.81015625 0.09140625 0.09140625
0 0.8796875 0.78984375 0.07421875 0.0796875
0 0.80625 0.640625 0.0890625 0.084375
0 0.771875 0.4453125 0.08671875 0.09609375
0 0.6078125 0.45234375 0.0375 0.0828125
0 0.67890625 0.621875 0.0671875 0.0625