0 0.5765625 0.184375 0.08671875 0.084375
0 0.590625 0.2828125 0.078125 0.09375
0 0.7984375 0.02578125 0.06875 0.0515625
0 0.7421875 0.059375 0.0578125 0.06484375
0 0.7140625 0.27265625 0.06953125 0.0796875
0 0.7765625 0.265625 0.0671875 0.071875
0 0.98046875 0.128125 0.0390625 0.084375
0 0.371875 0.73515625 0.134375 0.12734375
0 0.459375 0.62109375 0.1109375 0.10546875
0 0.03984375 0.978125 0.0796875 0.04375
0 0.2375 0.8296875 0.11328125 0.10078125
0 0.18046875 0.925 0.08203125 0.07421875
0 0.13046875 0.81328125 0.0765625 0.07421875
0 0.05546875 0.55625 0.1109375 0.096875
0 0.6078125 0.88515625 0.04375 0.0671875
0 0.1015625 0.70625 0.07421875 0.0765625
0 0.9 0.4734375 0.09140625 0.115625
0 0.89921875 0.38046875 0.0921875 0.0609375
0 0.82578125 0.3625 0.0671875 0.025
0 0.65546875 0.528125 0.0515625 0.059375
0 0.6578125 0.73828125 0.05625 0.0515625
0 0.63984375 0.67109375 0.0203125 0.0671875
0 0.7859375 0.93046875 0.06953125 0.0578125