0 0.103125 0.28828125 0.05546875 0.0671875
0 0.834375 0.16875 0.1296875 0.146875
0 0.83046875 0.2921875 0.1734375 0.153125
0 0.9328125 0.28046875 0.08671875 0.11328125
0 0.98203125 0.12578125 0.0359375 0.0828125
0 0.61640625 0.27578125 0.1203125 0.12265625
0 0.03984375 0.8875 0.0671875 0.08203125
0 0.1484375 0.91171875 0.06484375 0.07421875
0 0.18515625 0.83671875 0.10546875 0.125
0 0.265625 0.73359375 0.06484375 0.0671875
0 0.315625 0.803125 0.1078125 0.1421875
0 0.4359375 0.903125 0.046875 0.065625
0 0.0109375 0.72421875 0.021875 0.0890625
0 0.02890625 0.41484375 0.0578125 0.0921875
0 0.2625 0.3921875 0.165625 0.046875
0 0.34375 0.65625 0.0625 0.0671875
0 0.59453125 0.38046875 0.1078125 0.0234375
0 0.8390625 0.425 0.071875 0.0765625
0 0.8546875 0.4828125 0.05078125 0.03828125
0 0.753125 0.50078125 0.053125 0.05546875
0 0.68984375 0.73515625 0.3390625 0.32421875
0 0.909375 0.9234375 0.0578125 0.08203125
0 0.96953125 0.95390625 0.0453125 0.0578125
0 0.50078125 0.89375 0.04296875 0.04296875
0 0.95078125 0.4828125 0.0578125 0.07421875