0 0.4453125 0.2234375 0.0671875 0.06484375
0 0.5296875 0.2921875 0.06953125 0.07421875
0 0.51640625 0.45546875 0.03828125 0.0578125
0 0.596875 0.27421875 0.05625 0.1921875
0 0.64296875 0.521875 0.0765625 0.034375
0 0.88359375 0.5 0.1703125 0.078125
0 0.834375 0.12109375 0.1109375 0.13203125
0 0.63046875 0.01484375 0.0703125 0.0296875
0 0.5953125 0.0328125 0.053125 0.0625
0 0.528125 0.596875 0.08125 0.115625
0 0.42421875 0.75859375 0.196875 0.2046875
0 0.17421875 0.8671875 0.0984375 0.10546875
0 0.03515625 0.66953125 0.0703125 0.1109375
0 0.10546875 0.5671875 0.0671875 0.05625
0 0.14609375 0.69765625 0.0671875 0.06953125
0 0.63984375 0.56875 0.0765625 0.059375
0 0.76796875 0.58671875 0.1921875 0.0953125
0 0.90859375 0.57109375 0.0859375 0.0640625
0 0.8515625 0.63671875 0.05546875 0.0765625
0 0.7734375 0.659375 0.03828125 0.04296875
0 0.76640625 0.7703125 0.0578125 0.0578125
0 0.7359375 0.896875 0.071875 0.06953125
0 0.628125 0.79921875 0.03828125 0.0453125
0 0.59296875 0.79921875 0.0484375 0.05546875
0 0.6140625 0.88125 0.090625 0.190625
0 0.65703125 0.9171875 0.0484375 0.05546875
0 0.7640625 0.98984375 0.04375 0.0203125
0 0.90078125 0.9640625 0.1421875 0.071875
0 0.6015625 0.6609375 0.0453125 0.04296875
0 0.97578125 0.65390625 0.0484375 0.0578125
0 0.99296875 0.65390625 0.0140625 0.0609375