0 0.2984375 0.26484375 0.08671875 0.084375
0 0.28828125 0.18125 0.08203125 0.0625
0 0.13984375 0.03203125 0.0546875 0.0640625
0 0.7328125 0.1296875 0.0796875 0.06953125
0 0.87578125 0.17734375 0.10078125 0.08203125
0 0.884375 0.259375 0.10078125 0.0984375
0 0.89609375 0.55625 0.2078125 0.0875
0 0.7765625 0.5859375 0.071875 0.028125
0 0.728125 0.4984375 0.06484375 0.0796875
0 0.565625 0.45546875 0.09375 0.10546875
0 0.59921875 0.3265625 0.0671875 0.071875
0 0.5125 0.2328125 0.0796875 0.0796875
0 0.66796875 0.26640625 0.0671875 0.0578125
0 0.67265625 0.31953125 0.0625 0.053125
0 0.690625 0.37109375 0.05078125 0.0578125
0 0.48515625 0.4015625 0.03828125 0.0484375
0 0.91796875 0.01484375 0.1078125 0.0296875
0 0.95 0.4015625 0.1 0.115625
0 0.26640625 0.9796875 0.1015625 0.040625
0 0.0828125 0.9875 0.040625 0.025
0 0.225 0.75703125 0.45 0.3140625
0 0.9578125 0.77734375 0.084375 0.2046875
0 0.48203125 0.959375 0.0640625 0.08125
0 0.5796875 0.86640625 0.13203125 0.13671875
0 0.784375 0.9328125 0.146875 0.134375
0 0.88515625 0.69765625 0.18984375 0.1828125
0 0.70625 0.63828125 0.21875 0.0765625
0 0.5359375 0.665625 0.159375 0.13125