0 0.35 0.4296875 0.21875 0.378125
0 0.07734375 0.4390625 0.09140625 0.09609375
0 0.04296875 0.58203125 0.0859375 0.0734375
0 0.21328125 0.20234375 0.125 0.134375
0 0.2640625 0.25078125 0.0765625 0.06484375
0 0.28671875 0.33984375 0.0671875 0.0625
0 0.3046875 0.37890625 0.06953125 0.0671875
0 0.240625 0.3734375 0.07421875 0.0796875
0 0.4140625 0.15625 0.090625 0.08125
0 0.37890625 0.06328125 0.0796875 0.0796875
0 0.2296875 0.521875 0.09375 0.08203125
0 0.7484375 0.6 0.165625 0.0375
0 0.61015625 0.56015625 0.08671875 0.0890625
0 0.8875 0.50625 0.13203125 0.12734375
0 0.89609375 0.5859375 0.0984375 0.065625
0 0.94609375 0.53515625 0.1078125 0.1390625
0 0.96796875 0.35390625 0.0640625 0.0921875
0 0.91171875 0.4078125 0.13203125 0.125
0 0.7890625 0.2359375 0.11328125 0.125
0 0.65 0.0984375 0.125 0.1296875
0 0.4671875 0.090625 0.015625 0.075
0 0.49140625 0.08203125 0.0640625 0.0609375
0 0.01171875 0.65859375 0.0234375 0.0796875
0 0.096875 0.821875 0.0796875 0.0796875
0 0.046875 0.90546875 0.09375 0.0953125
0 0.62421875 0.6390625 0.0671875 0.040625
0 0.51171875 0.81015625 0.1046875 0.1921875
0 0.57109375 0.915625 0.10546875 0.1203125
0 0.6265625 0.95859375 0.10625 0.0828125
0 0.8640625 0.9078125 0.09140625 0.08671875
0 0.87421875 0.8453125 0.0578125 0.0578125
0 0.83046875 0.8109375 0.0671875 0.0765625
0 0.76484375 0.74140625 0.10078125 0.09375
0 0.84921875 0.6796875 0.1328125 0.121875
0 0.91875 0.9890625 0.065625 0.021875
0 0.6734375 0.7765625 0.0796875 0.071875
0 0.640625 0.8140625 0.0484375 0.0484375