0 0.384375 0.34375 0.13125 0.65
0 0.2734375 0.15625 0.34375 0.3125
0 0.15859375 0.47734375 0.10078125 0.10546875
0 0.0390625 0.60234375 0.078125 0.1703125
0 0.10625 0.3109375 0.11328125 0.11796875
0 0.315625 0.67734375 0.1375 0.0640625
0 0.36796875 0.66484375 0.08203125 0.06953125
0 0.3875 0.56953125 0.071875 0.06953125
0 0.40390625 0.52734375 0.0765625 0.07421875
0 0.33671875 0.5375 0.08203125 0.084375
0 0.31875 0.38125 0.10078125 0.0890625
0 0.01015625 0.48671875 0.0203125 0.0796875
0 0.64921875 0.0546875 0.1046875 0.109375
0 0.8171875 0.071875 0.07421875 0.071875
0 0.55078125 0.15703125 0.103125 0.071875
0 0.4625 0.03828125 0.025 0.0703125
0 0.74453125 0.01953125 0.0953125 0.0390625
0 0.56484375 0.5859375 0.07421875 0.1078125
0 0.46875 0.49453125 0.0375 0.0640625
0 0.22421875 0.7234375 0.0671875 0.028125
0 0.1734375 0.73984375 0.084375 0.0609375
0 0.24296875 0.834375 0.0578125 0.0625
0 0.04375 0.94375 0.0578125 0.0796875
0 0.840625 0.8546875 0.31875 0.290625
0 0.59921875 0.87109375 0.10546875 0.10078125
0 0.53828125 0.95390625 0.1609375 0.0921875