0 0.08828125 0.128125 0.1765625 0.25625
0 0.2203125 0.3 0.440625 0.4
0 0.4421875 0.0625 0.1375 0.125
0 0.39140625 0.10546875 0.08203125 0.06953125
0 0.371875 0.20078125 0.071875 0.06953125
0 0.35546875 0.24296875 0.0765625 0.07421875
0 0.42265625 0.2328125 0.08203125 0.084375
0 0.22578125 0.03046875 0.0984375 0.0609375
0 0.440625 0.3890625 0.10078125 0.0890625
0 0.67890625 0.4015625 0.0765625 0.0984375
0 0.11328125 0.928125 0.05546875 0.0484375
0 0.103125 0.61015625 0.20625 0.2203125
0 0.0765625 0.75 0.06484375 0.07421875
0 0.1671875 0.70703125 0.05078125 0.053125
0 0.21015625 0.6359375 0.06015625 0.0671875
0 0.1765625 0.54375 0.05078125 0.0578125
0 0.2828125 0.51015625 0.0375 0.0203125
0 0.33203125 0.56640625 0.07421875 0.0984375
0 0.36796875 0.51640625 0.0484375 0.0328125
0 0.44140625 0.53359375 0.0890625 0.0671875
0 0.5 0.53203125 0.059375 0.0640625
0 0.3171875 0.89453125 0.05078125 0.05546875
0 0.2796875 0.85625 0.053125 0.0625
0 0.38203125 0.9328125 0.053125 0.06484375
0 0.41796875 0.9234375 0.04296875 0.0671875
0 0.47578125 0.8765625 0.0625 0.06953125
0 0.50859375 0.7765625 0.040625 0.0453125
0 0.5078125 0.72421875 0.04375 0.0515625
0 0.4125 0.72734375 0.04296875 0.0453125
0 0.56484375 0.52734375 0.0703125 0.0546875
0 0.99296875 0.5359375 0.0140625 0.071875
0 0.59140625 0.8140625 0.09140625 0.0796875
0 0.6203125 0.70390625 0.0796875 0.0671875
0 0.8453125 0.8671875 0.071875 0.071875
0 0.88828125 0.88984375 0.0625 0.06015625
0 0.98203125 0.91015625 0.0359375 0.0515625
0 0.98671875 0.865625 0.0265625 0.08125