0 0.44140625 0.321875 0.0953125 0.09375
0 0.3609375 0.26953125 0.0984375 0.08203125
0 0.19609375 0.1421875 0.09140625 0.0625
0 0.19140625 0.0890625 0.09609375 0.0765625
0 0.4859375 0.046875 0.065625 0.06875
0 0.04375 0.26640625 0.0671875 0.06015625
0 0.13671875 0.35 0.0765625 0.0375
0 0.9640625 0.25859375 0.071875 0.1390625
0 0.54609375 0.24609375 0.0546875 0.0734375
0 0.3859375 0.39453125 0.1 0.0515625
0 0.32109375 0.459375 0.1484375 0.18125
0 0.14609375 0.42890625 0.125 0.10546875
0 0.1828125 0.5546875 0.09140625 0.10546875
0 0.03671875 0.621875 0.06484375 0.05078125
0 0.85625 0.85703125 0.2875 0.2859375
0 0.90390625 0.7546875 0.08203125 0.08671875
0 0.6671875 0.6015625 0.08671875 0.10078125
0 0.5765625 0.65859375 0.0765625 0.10078125
0 0.596875 0.828125 0.0765625 0.071875
0 0.54453125 0.81484375 0.0515625 0.0828125
0 0.615625 0.90234375 0.19375 0.1953125