0 0.37734375 0.02734375 0.0796875 0.0546875
0 0.51171875 0.12890625 0.07421875 0.05546875
0 0.51328125 0.17421875 0.0734375 0.0671875
0 0.19375 0.2015625 0.1125 0.096875
0 0.27265625 0.2109375 0.0578125 0.06015625
0 0.10703125 0.11015625 0.12734375 0.1078125
0 0.95859375 0.1234375 0.06015625 0.06953125
0 0.91171875 0.078125 0.08671875 0.084375
0 0.84765625 0.0265625 0.0796875 0.053125
0 0.5921875 0.15625 0.0578125 0.06015625
0 0.99296875 0.190625 0.0140625 0.05625
0 0.7171875 0.13125 0.03828125 0.0359375
0 0.51953125 0.8796875 0.0609375 0.240625
0 0.4765625 0.57109375 0.10078125 0.09609375
0 0.43359375 0.6078125 0.084375 0.0796875
0 0.51171875 0.6890625 0.0765625 0.08125
0 0.51953125 0.746875 0.0609375 0.09375
0 0.259375 0.7375 0.09609375 0.0984375
0 0.16796875 0.7328125 0.3359375 0.534375
0 0.3375 0.95390625 0.09140625 0.0890625
0 0.0546875 0.359375 0.09609375 0.09375
0 0.21953125 0.5109375 0.115625 0.11796875
0 0.28046875 0.5609375 0.08203125 0.084375
0 0.2890625 0.41796875 0.12265625 0.12265625
0 0.42109375 0.41328125 0.08203125 0.0765625
0 0.46484375 0.35546875 0.09140625 0.0890625
0 0.39609375 0.3125 0.0765625 0.071875
0 0.19453125 0.346875 0.08671875 0.08671875
0 0.90703125 0.53046875 0.10546875 0.103125
0 0.58828125 0.4015625 0.0765625 0.134375
0 0.6875 0.490625 0.09140625 0.09140625
0 0.98125 0.97265625 0.0375 0.0546875
0 0.7125 0.65 0.0625 0.071875