0 0.01875 0.13203125 0.0375 0.0984375
0 0.28125 0.03671875 0.15625 0.0734375
0 0.21328125 0.0375 0.0796875 0.075
0 0.390625 0.15703125 0.19921875 0.19453125
0 0.4890625 0.121875 0.140625 0.190625
0 0.51171875 0.2265625 0.0953125 0.09375
0 0.54296875 0.36796875 0.0328125 0.0703125
0 0.48359375 0.45390625 0.12265625 0.12265625
0 0.371875 0.425 0.084375 0.08671875
0 0.19609375 0.421875 0.125 0.1296875
0 0.2046875 0.3328125 0.08671875 0.0890625
0 0.16640625 0.27265625 0.084375 0.084375
0 0.1625 0.196875 0.0765625 0.0765625
0 0.32890625 0.50078125 0.0703125 0.0578125
0 0.296875 0.45546875 0.11328125 0.11328125
0 0.26328125 0.38203125 0.0765625 0.0765625
0 0.30546875 0.2140625 0.06015625 0.0625
0 0.2609375 0.18046875 0.0484375 0.05078125
0 0.82734375 0.11640625 0.3453125 0.2328125
0 0.5921875 0.04921875 0.065625 0.0984375
0 0.58203125 0.14609375 0.0453125 0.0890625
0 0.615625 0.234375 0.1125 0.121875
0 0.61640625 0.31796875 0.09140625 0.09140625
0 0.6765625 0.315625 0.11328125 0.11328125
0 0.68046875 0.3734375 0.0890625 0.0890625
0 0.665625 0.43828125 0.09140625 0.09140625
0 0.68515625 0.49140625 0.0828125 0.0765625
0 0.8703125 0.33828125 0.10078125 0.103125
0 0.9625 0.43359375 0.075 0.0984375
0 0.32578125 0.7453125 0.3765625 0.43125
0 0.028125 0.56328125 0.05625 0.0671875
0 0.040625 0.821875 0.08125 0.0875
0 0.03359375 0.9390625 0.0671875 0.121875
0 0.05 0.6265625 0.0578125 0.0453125
0 0.896875 0.6734375 0.20625 0.2125
0 0.78984375 0.58203125 0.0625 0.071875
0 0.790625 0.67890625 0.0796875 0.08671875
0 0.74296875 0.78046875 0.08203125 0.08671875
0 0.65625 0.85 0.06484375 0.06953125
0 0.66484375 0.94453125 0.084375 0.09140625
0 0.5703125 0.94765625 0.021875 0.0484375
0 0.7296875 0.9890625 0.103125 0.021875
0 0.9796875 0.63828125 0.040625 0.1609375
0 0.58671875 0.6875 0.0546875 0.09375
0 0.97734375 0.99296875 0.0453125 0.0140625
0 0.834375 0.84765625 0.0625 0.05546875
0 0.828125 0.94375 0.06015625 0.06015625
0 0.85859375 0.98828125 0.0609375 0.0234375