0 0.109375 0.01796875 0.08125 0.0359375
0 0.0984375 0.04921875 0.08671875 0.0765625
0 0.41171875 0.13359375 0.1296875 0.1296875
0 0.33359375 0.12109375 0.06484375 0.0671875
0 0.38984375 0.328125 0.16796875 0.15625
0 0.48203125 0.3765625 0.0953125 0.165625
0 0.4390625 0.459375 0.0796875 0.07421875
0 0.20390625 0.521875 0.0671875 0.071875
0 0.071875 0.4046875 0.0984375 0.1109375
0 0.13515625 0.3421875 0.0671875 0.0765625
0 0.14375 0.271875 0.0671875 0.071875
0 0.1890625 0.21171875 0.0625 0.06484375
0 0.1171875 0.546875 0.053125 0.04375
0 0.1265625 0.4953125 0.09375 0.09140625
0 0.1484375 0.41796875 0.0625 0.06484375
0 0.2890625 0.315625 0.0484375 0.053125
0 0.27734375 0.26171875 0.03828125 0.04296875
0 0.48515625 0.05390625 0.0890625 0.1078125
0 0.540625 0.5140625 0.021875 0.08125
0 0.6046875 0.31875 0.08203125 0.08203125
0 0.93125 0.15546875 0.1375 0.1390625
0 0.94921875 0.54765625 0.1015625 0.0421875
0 0.42734375 0.9734375 0.0703125 0.053125
0 0.49296875 0.81171875 0.0734375 0.1046875
0 0.06875 0.8890625 0.084375 0.08671875
0 0.03046875 0.98203125 0.0484375 0.0359375
0 0.3109375 0.60625 0.0625 0.075
0 0.32734375 0.93984375 0.09140625 0.08671875
0 0.33828125 0.7875 0.0484375 0.05078125
0 0.1046875 0.77890625 0.0625 0.0625
0 0.57578125 0.6296875 0.0921875 0.121875
0 0.96640625 0.91015625 0.0671875 0.0796875
0 0.9078125 0.8640625 0.0796875 0.071875
0 0.77421875 0.75390625 0.07421875 0.05546875
0 0.76953125 0.7078125 0.0796875 0.0671875
0 0.9921875 0.67109375 0.015625 0.0609375
0 0.8828125 0.5796875 0.05625 0.021875
0 0.64921875 0.86171875 0.05546875 0.053125
0 0.725 0.95 0.0625 0.0625