0 0.63984375 0.334375 0.1390625 0.146875
0 0.63203125 0.40703125 0.0765625 0.0671875
0 0.21875 0.04296875 0.0796875 0.0796875
0 0.284375 0.0890625 0.0796875 0.071875
0 0.41796875 0.19921875 0.07421875 0.05546875
0 0.42265625 0.2453125 0.0796875 0.0671875
0 0.10078125 0.28125 0.11328125 0.115625
0 0.17890625 0.28125 0.0578125 0.06015625
0 0.09296875 0.46328125 0.1484375 0.1109375
0 0.34296875 0.50625 0.0578125 0.025
0 0.34609375 0.4578125 0.0578125 0.0625
0 0.30859375 0.39140625 0.05546875 0.0578125
0 0.19609375 0.48046875 0.040625 0.0484375
0 0.21484375 0.42890625 0.03359375 0.03828125
0 0.54296875 0.09140625 0.05546875 0.053125
0 0.4671875 0.0171875 0.0625 0.034375
0 0.03828125 0.18046875 0.0765625 0.1078125
0 0.115625 0.02890625 0.040625 0.0484375
0 0.75625 0.10546875 0.053125 0.05078125
0 0.93671875 0.02265625 0.0671875 0.0453125
0 0.92265625 0.4609375 0.03828125 0.03359375
0 0.99140625 0.42890625 0.0171875 0.0203125
0 0.415625 0.9390625 0.1625 0.121875
0 0.48125 0.8015625 0.1203125 0.13203125
0 0.35859375 0.6078125 0.3203125 0.178125
0 0.140625 0.5703125 0.10078125 0.103125
0 0.54375 0.67734375 0.103125 0.0984375
0 0.50703125 0.6234375 0.05546875 0.06015625
0 0.071875 0.95 0.053125 0.05078125
0 0.19765625 0.990625 0.1078125 0.01875
0 0.81484375 0.97578125 0.1078125 0.0484375
0 0.91640625 0.85390625 0.11796875 0.1109375
0 0.940625 0.54921875 0.11875 0.0609375
0 0.7328125 0.60390625 0.046875 0.0921875