0 0.09296875 0.4515625 0.1203125 0.034375
0 0.28984375 0.425 0.1046875 0.0875
0 0.31484375 0.3796875 0.115625 0.1078125
0 0.0296875 0.19921875 0.059375 0.1765625
0 0.05859375 0.234375 0.0890625 0.09140625
0 0.08046875 0.04453125 0.1609375 0.0890625
0 0.4390625 0.0265625 0.1375 0.053125
0 0.34765625 0.0421875 0.0953125 0.084375
0 0.31953125 0.11328125 0.09140625 0.09375
0 0.2515625 0.16953125 0.084375 0.08671875
0 0.16328125 0.02890625 0.0671875 0.0578125
0 0.1625 0.0890625 0.053125 0.0578125
0 0.88671875 0.29765625 0.2265625 0.2859375
0 0.58671875 0.25390625 0.1078125 0.08671875
0 0.58828125 0.4515625 0.1390625 0.034375
0 0.78046875 0.02109375 0.0796875 0.0421875
0 0.91484375 0.08203125 0.05546875 0.0671875
0 0.54453125 0.078125 0.0515625 0.071875
0 0.63125 0.04375 0.0578125 0.0625
0 0.48828125 0.94609375 0.0609375 0.1078125
0 0.29296875 0.9875 0.0640625 0.025
0 0.434375 0.8890625 0.0484375 0.053125
0 0.23828125 0.81875 0.0578125 0.0671875
0 0.45703125 0.7796875 0.06953125 0.0578125
0 0.48828125 0.74453125 0.0578125 0.05546875
0 0.3875 0.52421875 0.06015625 0.06484375
0 0.44609375 0.5125 0.0953125 0.0875
0 0.071875 0.5328125 0.14375 0.128125
0 0.19609375 0.9640625 0.0765625 0.071875
0 0.09140625 0.83359375 0.1828125 0.3328125
0 0.2703125 0.66484375 0.0796875 0.06953125
0 0.38828125 0.7296875 0.0578125 0.0578125
0 0.63671875 0.609375 0.1515625 0.13671875
0 0.54609375 0.5734375 0.0546875 0.09375
0 0.54921875 0.66875 0.0609375 0.0625
0 0.703125 0.70390625 0.10546875 0.0890625
0 0.7578125 0.7765625 0.12734375 0.115625
0 0.79375 0.91484375 0.13203125 0.13203125
0 0.8890625 0.86015625 0.07421875 0.09375
0 0.5375 0.96875 0.0375 0.0625
0 0.98203125 0.71875 0.0359375 0.15