0 0.02421875 0.209375 0.0484375 0.146875
0 0.0125 0.13828125 0.025 0.0671875
0 0.20078125 0.34609375 0.07421875 0.05546875
0 0.19609375 0.3 0.0796875 0.0671875
0 0.51484375 0.2640625 0.1078125 0.115625
0 0.43984375 0.2640625 0.0578125 0.06015625
0 0.509375 0.06796875 0.11875 0.1359375
0 0.27421875 0.025 0.0578125 0.05
0 0.27265625 0.0875 0.0578125 0.0625
0 0.31015625 0.15390625 0.05546875 0.0578125
0 0.42265625 0.06484375 0.040625 0.0484375
0 0.40390625 0.11640625 0.03359375 0.03828125
0 0.61953125 0.21953125 0.09140625 0.0890625
0 0.95390625 0.31015625 0.08203125 0.084375
0 0.9484375 0.37734375 0.06875 0.0234375
0 0.9859375 0.04140625 0.028125 0.0828125
0 0.91328125 0.02265625 0.0734375 0.0453125
0 0.0375 0.934375 0.075 0.13125
0 0.12890625 0.85625 0.12734375 0.11328125
0 0.1546875 0.77890625 0.1109375 0.0890625
0 0.22890625 0.96953125 0.0828125 0.0609375
0 0.2671875 0.9421875 0.06484375 0.06484375
0 0.53671875 0.96015625 0.0640625 0.0796875
0 0.475 0.97109375 0.06875 0.0578125
0 0.4671875 0.81484375 0.09140625 0.06953125
0 0.52578125 0.70234375 0.0859375 0.1296875
0 0.4125 0.62421875 0.0890625 0.0796875
0 0.50234375 0.55078125 0.07421875 0.0796875
0 0.5296875 0.4296875 0.078125 0.08125
0 0.2640625 0.603125 0.103125 0.09140625
0 0.26171875 0.69453125 0.05078125 0.0578125
0 0.3234375 0.80078125 0.053125 0.0578125
0 0.109375 0.61328125 0.146875 0.14453125
0 0.68125 0.3984375 0.071875 0.01875
0 0.61484375 0.7171875 0.06484375 0.084375
0 0.5765625 0.6390625 0.015625 0.065625
0 0.99296875 0.7859375 0.0140625 0.065625
0 0.5890625 0.425 0.040625 0.071875
0 0.95859375 0.8203125 0.040625 0.0453125
0 0.7828125 0.92109375 0.040625 0.05078125
0 0.7046875 0.8546875 0.06015625 0.06484375
0 0.7375 0.75390625 0.040625 0.0453125