0 0.0640625 0.084375 0.128125 0.146875
0 0.06640625 0.0234375 0.0765625 0.046875
0 0.4796875 0.37734375 0.0796875 0.0796875
0 0.4140625 0.33125 0.0796875 0.071875
0 0.28046875 0.22109375 0.07421875 0.05546875
0 0.27578125 0.175 0.0796875 0.0671875
0 0.51015625 0.13828125 0.0390625 0.0609375
0 0.38984375 0.02890625 0.05546875 0.0578125
0 0.4828125 0.0046875 0.034375 0.009375
0 0.15546875 0.32890625 0.05546875 0.053125
0 0.23125 0.4171875 0.0625 0.0625
0 0.85703125 0.1125 0.1078125 0.1109375
0 0.64921875 0.16875 0.115625 0.1109375
0 0.27890625 0.70625 0.1421875 0.1421875
0 0.384375 0.61953125 0.290625 0.3078125
0 0.47578125 0.50703125 0.1078125 0.1140625
0 0.38515625 0.48828125 0.1015625 0.0765625
0 0.30546875 0.515625 0.06484375 0.06484375
0 0.215625 0.4625 0.090625 0.025
0 0.08046875 0.509375 0.0671875 0.0671875
0 0.0515625 0.5359375 0.0796875 0.0796875
0 0.05703125 0.55 0.1140625 0.2
0 0.4796875 0.84609375 0.09609375 0.09609375
0 0.2734375 0.97734375 0.325 0.0453125
0 0.15546875 0.9484375 0.0796875 0.0796875
0 0.26484375 0.97734375 0.0578125 0.0453125
0 0.2234375 0.853125 0.125 0.125
0 0.0828125 0.828125 0.084375 0.084375
0 0.06484375 0.8578125 0.09140625 0.09140625
0 0.0859375 0.671875 0.0765625 0.0796875
0 0.1609375 0.64296875 0.06953125 0.06953125
0 0.94765625 0.9640625 0.1046875 0.071875
0 0.8875 0.96171875 0.0453125 0.0671875
0 0.7921875 0.95546875 0.0578125 0.071875
0 0.915625 0.73984375 0.16875 0.1734375
0 0.934375 0.69609375 0.0578125 0.05546875
0 0.9765625 0.66328125 0.046875 0.0578125
0 0.95 0.5375 0.0484375 0.05546875
0 0.96953125 0.4765625 0.0609375 0.053125
0 0.7265625 0.7359375 0.06953125 0.0625
0 0.7921875 0.81484375 0.05546875 0.06484375
0 0.659375 0.890625 0.08671875 0.09609375