0 0.29296875 0.23203125 0.1296875 0.12734375
0 0.040625 0.0359375 0.08125 0.071875
0 0.0109375 0.12890625 0.021875 0.0578125
0 0.07890625 0.13359375 0.0765625 0.0578125
0 0.54375 0.0296875 0.05 0.059375
0 0.44375 0.309375 0.06953125 0.09375
0 0.428125 0.05703125 0.03828125 0.03828125
0 0.2875 0.0703125 0.0453125 0.040625
0 0.09375 0.21171875 0.0765625 0.0671875
0 0.1609375 0.25859375 0.040625 0.0625
0 0.01015625 0.2484375 0.0203125 0.0625
0 0.07109375 0.35703125 0.03125 0.0484375
0 0.0703125 0.49921875 0.140625 0.1390625
0 0.0375 0.60390625 0.075 0.0671875
0 0.1859375 0.51015625 0.11328125 0.13203125
0 0.3171875 0.6046875 0.0796875 0.1078125
0 0.46953125 0.58046875 0.0765625 0.06015625
0 0.4125 0.140625 0.0453125 0.03359375
0 0.421875 0.18203125 0.040625 0.04296875
0 0.5 0.13515625 0.0359375 0.040625
0 0.50625 0.3296875 0.03828125 0.04296875
0 0.3796875 0.4640625 0.02890625 0.03828125
0 0.4 0.36953125 0.0359375 0.04296875
0 0.7015625 0.62265625 0.0578125 0.06015625
0 0.65859375 0.5328125 0.0484375 0.0671875
0 0.646875 0.41640625 0.10546875 0.1078125
0 0.71484375 0.2921875 0.06953125 0.08671875
0 0.6859375 0.23359375 0.0359375 0.05078125
0 0.640625 0.2375 0.05546875 0.040625
0 0.6015625 0.1875 0.065625 0.071875
0 0.87109375 0.65625 0.06484375 0.0671875
0 0.8921875 0.58125 0.06484375 0.09375
0 0.9671875 0.27578125 0.065625 0.1046875
0 0.86796875 0.046875 0.1421875 0.09375
0 0.9 0.1984375 0.06015625 0.06953125
0 0.5046875 0.81640625 0.0890625 0.09140625
0 0.55078125 0.98984375 0.0359375 0.0203125
0 0.71171875 0.75078125 0.1515625 0.0640625
0 0.78125 0.8328125 0.0890625 0.0890625
0 0.65390625 0.8671875 0.115625 0.115625