0 0.4671875 0.02265625 0.0625 0.0453125
0 0.12421875 0.0484375 0.02890625 0.04296875
0 0.12265625 0.17734375 0.134375 0.12734375
0 0.09296875 0.27421875 0.06953125 0.0625
0 0.23125 0.18671875 0.10546875 0.1203125
0 0.35234375 0.27421875 0.071875 0.0984375
0 0.48828125 0.25234375 0.0609375 0.0546875
0 0.5125 0.02265625 0.0125 0.0390625
0 0.41015625 0.14609375 0.0265625 0.03359375
0 0.428125 0.059375 0.03359375 0.03828125
0 0.66875 0.371875 0.06875 0.034375
0 0.796875 0.3 0.084375 0.09375
0 0.64140625 0.25 0.08203125 0.06484375
0 0.8828125 0.1421875 0.06015625 0.0625
0 0.79453125 0.1484375 0.0578125 0.040625
0 0.753125 0.13125 0.03359375 0.040625
0 0.9671875 0.0859375 0.05078125 0.0625
0 0.64140625 0.1171875 0.125 0.084375
0 0.725 0.01953125 0.053125 0.0390625
0 0.6578125 0.00625 0.05 0.0125
0 0.2296875 0.871875 0.103125 0.0890625
0 0.51171875 0.925 0.0140625 0.071875
0 0.38828125 0.58828125 0.0796875 0.0984375
0 0.34921875 0.46796875 0.08203125 0.08203125
0 0.171875 0.5453125 0.165625 0.2234375
0 0.75859375 0.865625 0.2765625 0.26875
0 0.921875 0.896875 0.09375 0.0796875
0 0.98203125 0.58515625 0.0359375 0.1671875
0 0.87265625 0.4796875 0.12265625 0.1296875
0 0.85234375 0.5625 0.05078125 0.06484375
0 0.69375 0.40078125 0.071875 0.0234375
0 0.7578125 0.44765625 0.13125 0.1171875
0 0.5359375 0.45859375 0.034375 0.0765625
0 0.5453125 0.6 0.053125 0.0625
0 0.60703125 0.81484375 0.09140625 0.0984375
0 0.6421875 0.71796875 0.06015625 0.0671875