0 0.1390625 0.23125 0.15859375 0.15625
0 0.0265625 0.05859375 0.053125 0.0796875
0 0.22421875 0.359375 0.09375 0.10078125
0 0.32109375 0.16171875 0.0453125 0.0453125
0 0.20390625 0.10625 0.053125 0.05078125
0 0.37265625 0.3921875 0.0546875 0.06875
0 0.30703125 0.48671875 0.0890625 0.09375
0 0.37265625 0.63828125 0.0546875 0.0671875
0 0.01640625 0.12421875 0.0328125 0.0859375
0 0.025 0.18984375 0.05 0.0640625
0 0.02421875 0.521875 0.0484375 0.11875
0 0.3265625 0.678125 0.1125 0.04375
0 0.1265625 0.575 0.08671875 0.0796875
0 0.271875 0.21875 0.05078125 0.0453125
0 0.2625 0.253125 0.05078125 0.05078125
0 0.34453125 0.2546875 0.0453125 0.0453125
0 0.26484375 0.40234375 0.0484375 0.05078125
0 0.10625 0.446875 0.03828125 0.040625
0 0.1640625 0.384375 0.0453125 0.0484375
0 0.9125 0.0328125 0.05625 0.065625
0 0.815625 0.05859375 0.07421875 0.06953125
0 0.84453125 0.1421875 0.06953125 0.071875
0 0.87265625 0.3109375 0.103125 0.0984375
0 0.8546875 0.54375 0.12265625 0.12265625
0 0.77734375 0.628125 0.10546875 0.10078125
0 0.5171875 0.65234375 0.125 0.0953125
0 0.4703125 0.00625 0.05 0.0125
0 0.74375 0.31953125 0.0453125 0.0359375
0 0.534375 0.2984375 0.115625 0.11328125
0 0.4484375 0.32734375 0.071875 0.08203125
0 0.57421875 0.41796875 0.07421875 0.071875
0 0.52109375 0.39765625 0.0578125 0.0578125
0 0.946875 0.15703125 0.0671875 0.0484375
0 0.96953125 0.50703125 0.0578125 0.06015625
0 0.99375 0.67734375 0.0125 0.0453125
0 0.01875 0.72421875 0.0375 0.0484375
0 0.10703125 0.85 0.2140625 0.25
0 0.35390625 0.73671875 0.06953125 0.06015625
0 0.3703125 0.79921875 0.053125 0.05078125
0 0.22890625 0.7921875 0.05546875 0.0453125
0 0.26328125 0.884375 0.0625 0.0625
0 0.37109375 0.94765625 0.0578125 0.0578125
0 0.67890625 0.7234375 0.1671875 0.046875
0 0.51328125 0.8796875 0.1203125 0.11328125
0 0.609375 0.7953125 0.1078125 0.10546875
0 0.453125 0.78828125 0.10625 0.1078125
0 0.896875 0.94296875 0.14375 0.1140625
0 0.728125 0.8796875 0.0765625 0.08203125
0 0.8078125 0.8578125 0.05546875 0.06953125
0 0.8828125 0.721875 0.053125 0.04375