0 0.4359375 0.40546875 0.13125 0.0890625
0 0.45234375 0.13203125 0.1109375 0.0984375
0 0.0828125 0.29453125 0.1109375 0.10078125
0 0.1734375 0.23828125 0.06484375 0.06953125
0 0.03359375 0.396875 0.0671875 0.071875
0 0.06171875 0.43984375 0.0734375 0.0203125
0 0.01796875 0.0375 0.0359375 0.075
0 0.134375 0.0078125 0.059375 0.015625
0 0.18984375 0.0796875 0.05546875 0.05546875
0 0.29140625 0.14765625 0.071875 0.06015625
0 0.62109375 0.22265625 0.0171875 0.0546875
0 0.48359375 0.328125 0.071875 0.0625
0 0.28125 0.32578125 0.06484375 0.053125
0 0.7359375 0.3640625 0.09140625 0.09140625
0 0.85390625 0.37890625 0.1390625 0.1421875
0 0.834375 0.1984375 0.09375 0.09375
0 0.71015625 0.07890625 0.1609375 0.1578125
0 0.55625 0.471875 0.084375 0.04375
0 0.95859375 0.76875 0.0828125 0.4625
0 0.875 0.4734375 0.125 0.046875
0 0.85078125 0.55234375 0.2421875 0.2046875
0 0.89296875 0.9578125 0.0765625 0.084375
0 0.8234375 0.90078125 0.06015625 0.06484375
0 0.725 0.7953125 0.190625 0.303125
0 0.64453125 0.58515625 0.0296875 0.0609375
0 0.70234375 0.621875 0.0671875 0.0671875
0 0.72265625 0.553125 0.0453125 0.06015625