0 0.36328125 0.02890625 0.1046875 0.0578125
0 0.56640625 0.12578125 0.0859375 0.1515625
0 0.5796875 0.43203125 0.059375 0.0984375
0 0.2359375 0.26953125 0.1109375 0.10078125
0 0.3265625 0.32578125 0.06484375 0.06953125
0 0.1796875 0.1671875 0.08203125 0.071875
0 0.215625 0.10234375 0.07421875 0.0625
0 0.1453125 0.49921875 0.0875 0.0203125
0 0.3421875 0.4828125 0.05625 0.053125
0 0.44453125 0.41640625 0.071875 0.06015625
0 0.434375 0.23828125 0.06484375 0.053125
0 0.9875 0.14921875 0.025 0.0546875
0 0.7078125 0.11875 0.071875 0.0765625
0 0.7796875 0.18125 0.06953125 0.06484375
0 0.1265625 0.7296875 0.10546875 0.125
0 0.21171875 0.68671875 0.1078125 0.103125
0 0.29375 0.64453125 0.0625 0.0625
0 0.45546875 0.675 0.1390625 0.14453125
0 0.56875 0.778125 0.08125 0.134375
0 0.5671875 0.5703125 0.071875 0.07421875
0 0.40078125 0.94609375 0.1453125 0.1078125
0 0.33125 0.98359375 0.08125 0.0328125
0 0.1 0.9328125 0.0625 0.06484375
0 0.7609375 0.70703125 0.084375 0.084375
0 0.91796875 0.6953125 0.071875 0.07421875
0 0.91328125 0.92578125 0.06484375 0.07421875
0 0.8890625 0.9875 0.084375 0.025
0 0.7546875 0.97890625 0.084375 0.0421875
0 0.6453125 0.946875 0.0625 0.07421875