0 0.1578125 0.040625 0.10625 0.08125
0 0.378125 0.1453125 0.13203125 0.15625
0 0.40078125 0.42578125 0.1078125 0.0484375
0 0.04921875 0.2984375 0.0984375 0.10625
0 0.13125 0.35390625 0.0625 0.071875
0 0.01328125 0.196875 0.0265625 0.075
0 0.02734375 0.13046875 0.0546875 0.0671875
0 0.246875 0.43046875 0.071875 0.0390625
0 0.58125 0.35546875 0.05625 0.0578125
0 0.4265625 0.253125 0.06953125 0.06484375
0 0.2328125 0.2625 0.0625 0.05546875
0 0.9375 0.2109375 0.08671875 0.125
0 0.74375 0.0546875 0.103125 0.09375
0 0.215625 0.86484375 0.14453125 0.1609375
0 0.30234375 0.7828125 0.1296875 0.12265625
0 0.13046875 0.93046875 0.09609375 0.084375
0 0.1796875 0.51953125 0.115625 0.10078125
0 0.18828125 0.4625 0.0765625 0.025
0 0.3890625 0.94609375 0.084375 0.09375
0 0.57890625 0.7703125 0.0609375 0.08125
0 0.5703125 0.7046875 0.0578125 0.07421875
0 0.94453125 0.9859375 0.0984375 0.028125