0 0.21796875 0.04375 0.1265625 0.0875
0 0.17890625 0.1234375 0.1109375 0.10078125
0 0.3109375 0.39765625 0.115625 0.10546875
0 0.2171875 0.4578125 0.0671875 0.07421875
0 0.3703125 0.290625 0.08671875 0.0765625
0 0.33125 0.22109375 0.0796875 0.0671875
0 0.09453125 0.53984375 0.0765625 0.0390625
0 0.1046875 0.36484375 0.0671875 0.05546875
0 0.6 0.04609375 0.140625 0.0921875
0 0.840625 0.0453125 0.053125 0.03828125
0 0.9125 0.13125 0.103125 0.0984375
0 0.77578125 0.134375 0.115625 0.1109375
0 0.54921875 0.26875 0.0390625 0.14375
0 0.97421875 0.2484375 0.05078125 0.053125
0 0.9609375 0.31640625 0.0484375 0.04296875
0 0.97421875 0.365625 0.03359375 0.0453125
0 0.8609375 0.36328125 0.0484375 0.06015625
0 0.56796875 0.44140625 0.0671875 0.06484375
0 0.6265625 0.478125 0.03125 0.05078125
0 0.5375 0.49453125 0.015625 0.0359375
0 0.56171875 0.553125 0.0484375 0.0125
0 0.81328125 0.4921875 0.05078125 0.06953125
0 0.178125 0.971875 0.1125 0.05625
0 0.4828125 0.9015625 0.06484375 0.071875
0 0.45625 0.71875 0.0796875 0.06953125
0 0.390625 0.65859375 0.05546875 0.071875
0 0.83984375 0.64296875 0.2328125 0.1671875
0 0.5640625 0.62578125 0.06875 0.1328125
0 0.5875 0.74453125 0.0890625 0.0890625