0 0.36953125 0.03046875 0.0984375 0.0609375
0 0.24921875 0.00625 0.0953125 0.0125
0 0.1640625 0.00703125 0.0875 0.0140625
0 0.16484375 0.03984375 0.0890625 0.0796875
0 0.0765625 0.17578125 0.0984375 0.103125
0 0.0171875 0.0734375 0.034375 0.053125
0 0.06875 0.39921875 0.1375 0.0609375
0 0.1546875 0.22265625 0.0984375 0.0984375
0 0.196875 0.2671875 0.09375 0.0984375
0 0.30546875 0.25625 0.09140625 0.09375
0 0.346875 0.11484375 0.1203125 0.12265625
0 0.346875 0.159375 0.14375 0.31875
0 0.453125 0.175 0.06875 0.14375
0 0.434375 0.0515625 0.03125 0.103125
0 0.51796875 0.07890625 0.0796875 0.06953125
0 0.5359375 0.1546875 0.16796875 0.16328125
0 0.56875 0.15703125 0.071875 0.0671875
0 0.63828125 0.21015625 0.10078125 0.09140625
0 0.6203125 0.27578125 0.07421875 0.071875
0 0.86328125 0.3203125 0.06953125 0.06484375
0 0.60390625 0.41015625 0.0734375 0.0390625
0 0.7828125 0.328125 0.08671875 0.09609375
0 0.796875 0.25703125 0.0453125 0.053125
0 0.8328125 0.2125 0.09609375 0.08203125
0 0.7140625 0.159375 0.0578125 0.0578125
0 0.10859375 0.496875 0.1921875 0.134375
0 0.1703125 0.56796875 0.103125 0.103125
0 0.2890625 0.57265625 0.0671875 0.0765625
0 0.01015625 0.64609375 0.0203125 0.0953125
0 0.0484375 0.77578125 0.09609375 0.09609375
0 0.12421875 0.92265625 0.1515625 0.14921875
0 0.26640625 0.915625 0.09609375 0.08671875
0 0.26796875 0.45625 0.0609375 0.053125
0 0.315625 0.475 0.05546875 0.053125
0 0.5578125 0.45859375 0.09375 0.0578125
0 0.95546875 0.58046875 0.0890625 0.1578125
0 0.98671875 0.68515625 0.0265625 0.1234375
0 0.45859375 0.9625 0.0796875 0.075
0 0.4609375 0.66875 0.084375 0.15625
0 0.76875 0.67109375 0.071875 0.06484375
0 0.853125 0.51015625 0.071875 0.071875