0 0.17734375 0.21953125 0.0765625 0.0609375
0 0.3734375 0.13203125 0.12265625 0.12265625
0 0.1765625 0.05390625 0.084375 0.0671875
0 0.9859375 0.01796875 0.028125 0.0359375
0 0.91484375 0.1765625 0.05546875 0.0671875
0 0.89921875 0.0609375 0.02421875 0.0265625
0 0.2015625 0.4546875 0.115625 0.12265625
0 0.2859375 0.55234375 0.08203125 0.08203125
0 0.23984375 0.59921875 0.08671875 0.08671875
0 0.31796875 0.65390625 0.0765625 0.08203125
0 0.4109375 0.61796875 0.0890625 0.08203125
0 0.453125 0.71953125 0.09375 0.1109375
0 0.36015625 0.74921875 0.08203125 0.08203125
0 0.275 0.840625 0.0765625 0.1078125
0 0.071875 0.78984375 0.0890625 0.09140625
0 0.14375 0.85625 0.084375 0.08203125
0 0.03125 0.27109375 0.05 0.0421875
0 0.21953125 0.2984375 0.0796875 0.0796875
0 0.37578125 0.32890625 0.1390625 0.1578125
0 0.48984375 0.8703125 0.0203125 0.053125
0 0.3546875 0.90078125 0.06484375 0.05546875
0 0.0625 0.546875 0.06484375 0.0625
0 0.571875 0.67578125 0.14375 0.1609375
0 0.6984375 0.84765625 0.1296875 0.13671875
0 0.65703125 0.9625 0.0859375 0.075
0 0.92421875 0.98203125 0.0546875 0.0359375
0 0.98203125 0.975 0.0359375 0.05
0 0.77421875 0.37734375 0.0796875 0.071875
0 0.97109375 0.64375 0.0578125 0.528125