0 0.034375 0.0296875 0.06875 0.059375
0 0.040625 0.29765625 0.08125 0.1921875
0 0.0984375 0.05546875 0.0984375 0.0984375
0 0.140625 0.1 0.09375 0.0984375
0 0.24921875 0.0890625 0.09140625 0.09375
0 0.896875 0.64921875 0.175 0.1203125
0 0.55 0.43984375 0.12265625 0.115625
0 0.334375 0.60546875 0.03125 0.0765625
0 0.35234375 0.5171875 0.0671875 0.053125
0 0.78671875 0.63671875 0.07421875 0.08203125
0 0.98515625 0.5359375 0.0296875 0.0625
0 0.6890625 0.37734375 0.06484375 0.08203125
0 0.66796875 0.59609375 0.0359375 0.03359375
0 0.53828125 0.57890625 0.04296875 0.0359375
0 0.9921875 0.3703125 0.015625 0.053125
0 0.83984375 0.43125 0.04296875 0.0578125
0 0.82734375 0.31328125 0.0625 0.0765625
0 0.96953125 0.221875 0.0484375 0.05078125
0 0.36640625 0.45078125 0.071875 0.06015625
0 0.4296875 0.4109375 0.03828125 0.05546875
0 0.34921875 0.3234375 0.02890625 0.04296875
0 0.36875 0.2 0.1 0.128125
0 0.340625 0.10703125 0.04375 0.0609375
0 0.46015625 0.19453125 0.1078125 0.11796875
0 0.58359375 0.11640625 0.07421875 0.09609375
0 0.96171875 0.1296875 0.0765625 0.0875
0 0.7234375 0.14296875 0.071875 0.05546875
0 0.88046875 0.05 0.040625 0.0359375
0 0.83046875 0.01328125 0.0390625 0.0265625
0 0.9609375 0.00390625 0.040625 0.0078125
0 0.65546875 0.52109375 0.04296875 0.02890625
0 0.665625 0.4875 0.03828125 0.03828125
0 0.7359375 0.5296875 0.03359375 0.0359375
0 0.746875 0.36171875 0.0359375 0.03828125
0 0.63671875 0.23984375 0.0265625 0.03359375
0 0.65234375 0.32421875 0.03359375 0.03828125
0 0.125 0.92890625 0.19375 0.1421875
0 0.73203125 0.8125 0.5359375 0.20625
0 0.59375 0.934375 0.125 0.13125
0 0.7171875 0.9203125 0.178125 0.159375