0 0.17421875 0.16171875 0.1421875 0.14453125
0 0.08046875 0.1328125 0.06484375 0.071875
0 0.42421875 0.26796875 0.0828125 0.0234375
0 0.43359375 0.23046875 0.0578125 0.084375
0 0.5359375 0.1734375 0.0671875 0.071875
0 0.66171875 0.2484375 0.0890625 0.0625
0 0.65859375 0.16171875 0.1015625 0.2359375
0 0.9421875 0.18671875 0.115625 0.1359375
0 0.834375 0.171875 0.125 0.12734375
0 0.759375 0.13671875 0.1 0.2734375
0 0.9515625 0.0375 0.075 0.075
0 0.5984375 0.81484375 0.221875 0.2359375
0 0.41484375 0.88984375 0.08203125 0.084375
0 0.40703125 0.9609375 0.0953125 0.078125
0 0.615625 0.96328125 0.1875 0.0734375
0 0.2875 0.79375 0.1515625 0.1515625
0 0.35625 0.66875 0.0890625 0.0890625
0 0.22890625 0.634375 0.115625 0.115625
0 0.0546875 0.47734375 0.109375 0.1390625
0 0.1046875 0.7390625 0.209375 0.271875
0 0.8640625 0.86796875 0.07421875 0.0796875
0 0.79375 0.915625 0.1203125 0.125
0 0.95078125 0.61953125 0.0984375 0.1234375
0 0.96171875 0.95703125 0.0765625 0.0859375