0 0.22734375 0.475 0.2296875 0.0875
0 0.2640625 0.37578125 0.0578125 0.053125
0 0.0921875 0.0125 0.053125 0.025
0 0.18359375 0.0390625 0.0578125 0.06484375
0 0.4265625 0.2015625 0.06484375 0.084375
0 0.33515625 0.078125 0.1703125 0.15625
0 0.5828125 0.38984375 0.0875 0.0890625
0 0.5875 0.303125 0.09609375 0.06484375
0 0.759375 0.146875 0.0625 0.06953125
0 0.4875 0.73671875 0.103125 0.1515625
0 0.32265625 0.67109375 0.1828125 0.178125
0 0.3703125 0.8609375 0.146875 0.12734375
0 0.35703125 0.9140625 0.10546875 0.09609375
0 0.36328125 0.959375 0.0796875 0.07421875
0 0.084375 0.89453125 0.16875 0.2078125
0 0.71875 0.59453125 0.196875 0.1515625
0 0.971875 0.571875 0.05625 0.10625
0 0.83515625 0.81796875 0.12265625 0.1203125
0 0.909375 0.82890625 0.08671875 0.08671875
0 0.9078125 0.90234375 0.09609375 0.09609375
0 0.903125 0.7234375 0.178125 0.18046875
0 0.553125 0.5625 0.028125 0.084375
0 0.5609375 0.68125 0.04375 0.175