0 0.1109375 0.05859375 0.08671875 0.10546875
0 0.3484375 0.23984375 0.06953125 0.0796875
0 0.21796875 0.14140625 0.09140625 0.103125
0 0.06484375 0.4375 0.0765625 0.103125
0 0.17109375 0.23046875 0.2015625 0.303125
0 0.53671875 0.2546875 0.09140625 0.0765625
0 0.9859375 0.44765625 0.028125 0.1109375
0 0.97734375 0.1140625 0.0453125 0.0625
0 0.8953125 0.09609375 0.06953125 0.0578125
0 0.72109375 0.13125 0.08203125 0.0625
0 0.71015625 0.50625 0.1046875 0.046875
0 0.8890625 0.3546875 0.06953125 0.06015625
0 0.4203125 0.31328125 0.040625 0.0546875
0 0.42890625 0.13046875 0.0578125 0.0578125
0 0.01953125 0.953125 0.0390625 0.09375
0 0.1078125 0.96484375 0.128125 0.0703125
0 0.04140625 0.9140625 0.07421875 0.08203125
0 0.078125 0.85703125 0.06484375 0.07421875
0 0.28515625 0.8921875 0.10078125 0.0984375
0 0.3234375 0.76484375 0.153125 0.1484375
0 0.1796875 0.6953125 0.09609375 0.10078125
0 0.0515625 0.5859375 0.103125 0.1125
0 0.296875 0.66171875 0.11328125 0.10546875
0 0.8703125 0.93125 0.125 0.1375
0 0.50859375 0.90078125 0.15625 0.1421875
0 0.67578125 0.69375 0.5359375 0.328125
0 0.70546875 0.984375 0.0890625 0.03125
0 0.43125 0.7734375 0.0578125 0.05546875
0 0.9765625 0.82890625 0.046875 0.0484375
0 0.9625 0.6328125 0.0484375 0.04296875