0 0.0953125 0.0640625 0.190625 0.128125
0 0.0296875 0.18671875 0.059375 0.0578125
0 0.44921875 0.3046875 0.2265625 0.128125
0 0.97265625 0.2515625 0.0546875 0.15625
0 0.8078125 0.2703125 0.11328125 0.1109375
0 0.17578125 0.8609375 0.1421875 0.1296875
0 0.1546875 0.590625 0.309375 0.44375
0 0.74453125 0.40625 0.0796875 0.075
0 0.93203125 0.3921875 0.0671875 0.046875
0 0.990625 0.49453125 0.01875 0.0703125
0 0.90859375 0.659375 0.16328125 0.14921875
0 0.965625 0.7578125 0.06875 0.103125
0 0.87890625 0.95234375 0.1703125 0.0953125
0 0.4359375 0.8515625 0.06953125 0.0578125
0 0.4109375 0.75625 0.0796875 0.06953125
0 0.4890625 0.6359375 0.0765625 0.0796875
0 0.50234375 0.54375 0.0671875 0.05078125
0 0.34375 0.6265625 0.06875 0.115625
0 0.35546875 0.54765625 0.053125 0.0484375
0 0.57109375 0.3859375 0.0546875 0.034375
0 0.48828125 0.37734375 0.0359375 0.0171875