0 0.21875 0.03671875 0.040625 0.0578125
0 0.04453125 0.440625 0.0546875 0.0375
0 0.14296875 0.40859375 0.0625 0.071875
0 0.89453125 0.29296875 0.0890625 0.0625
0 0.334375 0.3859375 0.0671875 0.07421875
0 0.4984375 0.33046875 0.0625 0.05546875
0 0.3421875 0.19609375 0.0453125 0.05078125
0 0.31796875 0.0828125 0.0625 0.0484375
0 0.28828125 0.01953125 0.0859375 0.0390625
0 0.409375 0.1125 0.04296875 0.06484375
0 0.65625 0.0125 0.090625 0.025
0 0.6890625 0.20625 0.05546875 0.06484375
0 0.50078125 0.146875 0.07421875 0.071875
0 0.084375 0.9359375 0.084375 0.09375
0 0.18359375 0.8578125 0.06484375 0.0671875
0 0.1359375 0.846875 0.06015625 0.06953125
0 0.02890625 0.86015625 0.0578125 0.0890625
0 0.22578125 0.66015625 0.0265625 0.0890625
0 0.1765625 0.54765625 0.0484375 0.06015625
0 0.23046875 0.92734375 0.0171875 0.0484375
0 0.71875 0.6828125 0.115625 0.12265625
0 0.634375 0.78046875 0.08203125 0.08203125
0 0.68046875 0.82734375 0.08671875 0.08671875
0 0.60234375 0.88203125 0.0765625 0.08203125
0 0.509375 0.84609375 0.0890625 0.08203125
0 0.4625 0.94609375 0.103125 0.1078125
0 0.559375 0.96796875 0.08125 0.0640625
0 0.84765625 0.9859375 0.0890625 0.028125
0 0.8875 0.48984375 0.05 0.0609375
0 0.70078125 0.5265625 0.0796875 0.0796875
0 0.54453125 0.54765625 0.1390625 0.1765625
0 0.2671875 0.60234375 0.05625 0.1078125
0 0.8578125 0.775 0.06484375 0.0625