0 0.02890625 0.29453125 0.0578125 0.0921875
0 0.34765625 0.01875 0.0671875 0.0375
0 0.2375 0.078125 0.06015625 0.06484375
0 0.43125 0.2046875 0.196875 0.25625
0 0.55703125 0.31484375 0.0546875 0.0578125
0 0.91015625 0.2234375 0.05078125 0.053125
0 0.98046875 0.2390625 0.0390625 0.03125
0 0.96640625 0.16171875 0.03125 0.04296875
0 0.865625 0.1234375 0.0453125 0.03359375
0 0.7546875 0.16875 0.04296875 0.03828125
0 0.703125 0.0515625 0.0453125 0.02890625
0 0.85859375 0.05703125 0.0578125 0.0484375
0 0.7015625 0.0078125 0.053125 0.015625
0 0.6875 0.15703125 0.040625 0.03828125
0 0.23125 0.4390625 0.10546875 0.0984375
0 0.31640625 0.50625 0.0984375 0.09375
0 0.29375 0.7421875 0.36796875 0.3609375
0 0.34765625 0.8859375 0.0984375 0.09375
0 0.490625 0.86953125 0.0671875 0.0671875
0 0.86328125 0.42421875 0.1828125 0.1109375
0 0.98125 0.41171875 0.0375 0.0859375
0 0.76484375 0.76640625 0.4703125 0.4671875
0 0.59375 0.58046875 0.128125 0.1515625
0 0.5421875 0.47734375 0.025 0.0828125
0 0.609375 0.3875 0.10625 0.0375
0 0.56796875 0.925 0.0765625 0.134375
0 0.56171875 0.8109375 0.0640625 0.121875
0 0.6453125 0.66328125 0.07421875 0.06484375
0 0.696875 0.52109375 0.103125 0.10546875
0 0.76171875 0.54375 0.09375 0.0984375