0 0.03359375 0.34453125 0.0671875 0.1203125
0 0.065625 0.178125 0.071875 0.0890625
0 0.08671875 0.0546875 0.08203125 0.07421875
0 0.4046875 0.6 0.09375 0.059375
0 0.51171875 0.584375 0.0953125 0.090625
0 0.3828125 0.4390625 0.0671875 0.08203125
0 0.27578125 0.36875 0.0578125 0.06484375
0 0.46328125 0.23984375 0.2234375 0.25234375
0 0.2578125 0.01875 0.05625 0.0375
0 0.40390625 0.034375 0.0703125 0.06875
0 0.7046875 0.59296875 0.103125 0.0734375
0 0.66171875 0.56015625 0.0671875 0.0671875
0 0.63359375 0.5734375 0.0296875 0.084375
0 0.6703125 0.1703125 0.09375 0.09375
0 0.7796875 0.1828125 0.12734375 0.12265625
0 0.9296875 0.43984375 0.07421875 0.071875
0 0.81953125 0.6109375 0.0765625 0.0375
0 0.52578125 0.8046875 0.1609375 0.16796875
0 0.26640625 0.753125 0.3203125 0.246875
0 0.15234375 0.91328125 0.1921875 0.1734375
0 0.16328125 0.96875 0.1609375 0.0625
0 0.46171875 0.92578125 0.084375 0.0890625
0 0.02421875 0.82890625 0.0484375 0.1390625
0 0.04765625 0.66796875 0.0953125 0.0765625
0 0.84375 0.73515625 0.0984375 0.10078125
0 0.81875 0.65 0.071875 0.040625
0 0.97578125 0.98671875 0.0484375 0.0265625