0 0.24453125 0.4890625 0.0953125 0.08125
0 0.14921875 0.43984375 0.0671875 0.103125
0 0.178125 0.35234375 0.08671875 0.084375
0 0.07109375 0.33046875 0.0890625 0.09140625
0 0.1890625 0.184375 0.06015625 0.071875
0 0.28984375 0.1140625 0.05546875 0.0578125
0 0.10078125 0.05703125 0.2015625 0.1140625
0 0.584375 0.45 0.278125 0.159375
0 0.41953125 0.49921875 0.0953125 0.0609375
0 0.3625 0.365625 0.046875 0.059375
0 0.4296875 0.26328125 0.071875 0.0765625
0 0.5890625 0.2515625 0.103125 0.0890625
0 0.6515625 0.31875 0.0578125 0.0625
0 0.83125 0.3078125 0.0890625 0.07421875
0 0.890625 0.31015625 0.05078125 0.06484375
0 0.853125 0.23359375 0.0625 0.0765625
0 0.92734375 0.11640625 0.09375 0.09140625
0 0.7328125 0.13203125 0.11328125 0.11796875
0 0.784375 0.05546875 0.0671875 0.084375
0 0.45859375 0.15 0.07421875 0.071875
0 0.48203125 0.07109375 0.0984375 0.06953125
0 0.34609375 0.02890625 0.0140625 0.0578125
0 0.31953125 0.7609375 0.0390625 0.125
0 0.5484375 0.81796875 0.12265625 0.12734375
0 0.59765625 0.8984375 0.1296875 0.1296875
0 0.7 0.953125 0.0890625 0.09140625
0 0.3953125 0.96015625 0.1125 0.0796875
0 0.9328125 0.98359375 0.09375 0.0328125
0 0.9453125 0.91953125 0.109375 0.1203125
0 0.89453125 0.73125 0.103125 0.0984375
0 0.96875 0.5640625 0.0625 0.06875