0 0.03046875 0.43359375 0.0609375 0.0796875
0 0.05703125 0.546875 0.0765625 0.06484375
0 0.33515625 0.025 0.0859375 0.05
0 0.44296875 0.0375 0.0890625 0.075
0 0.325 0.1765625 0.06015625 0.071875
0 0.22421875 0.246875 0.05546875 0.0578125
0 0.415625 0.35625 0.20703125 0.22109375
0 0.228125 0.59296875 0.05078125 0.0796875
0 0.36953125 0.559375 0.0625 0.0796875
0 0.5625 0.4578125 0.025 0.071875
0 0.56953125 0.28671875 0.0390625 0.1359375
0 0.8546875 0.45 0.08671875 0.09375
0 0.91875 0.42421875 0.103125 0.103125
0 0.97734375 0.36796875 0.0453125 0.0734375
0 0.95703125 0.26484375 0.0796875 0.08671875
0 0.79609375 0.0796875 0.1953125 0.159375
0 0.13984375 0.8625 0.0984375 0.0890625
0 0.4609375 0.821875 0.08203125 0.0578125
0 0.40703125 0.6890625 0.0484375 0.01875
0 0.47421875 0.70078125 0.0421875 0.0421875