0 0.309375 0.140625 0.01875 0.103125
0 0.2421875 0.04921875 0.103125 0.0984375
0 0.00625 0.08203125 0.0125 0.0578125
0 0.34140625 0.103125 0.0453125 0.05625
0 0.4375 0.1296875 0.0765625 0.071875
0 0.746875 0.16328125 0.06015625 0.084375
0 0.7703125 0.059375 0.09140625 0.09140625
0 0.9375 0.0609375 0.125 0.121875
0 0.946875 0.32734375 0.084375 0.0796875
0 0.7390625 0.278125 0.09375 0.09140625
0 0.85546875 0.21484375 0.07421875 0.0765625
0 0.17890625 0.57265625 0.1078125 0.11328125
0 0.3015625 0.4046875 0.034375 0.05
0 0.29609375 0.775 0.0453125 0.1125
0 0.25859375 0.884375 0.07421875 0.08671875
0 0.096875 0.98515625 0.115625 0.0296875
0 0.028125 0.55078125 0.05625 0.0765625
0 0.02890625 0.45078125 0.0578125 0.0578125
0 0.084375 0.48359375 0.0484375 0.06015625
0 0.24765625 0.5015625 0.053125 0.0578125
0 0.39765625 0.51171875 0.1578125 0.2640625
0 0.6765625 0.5734375 0.4625 0.3875
0 0.540625 0.87578125 0.3125 0.2484375
0 0.42734375 0.90078125 0.2171875 0.1984375
0 0.8734375 0.746875 0.1109375 0.1203125
0 0.940625 0.7375 0.10078125 0.10078125
0 0.84453125 0.8984375 0.071875 0.07421875
0 0.94765625 0.93125 0.07421875 0.0796875