0 0.52578125 0.35859375 0.2078125 0.2703125
0 0.446875 0.42421875 0.103125 0.1109375
0 0.04296875 0.4234375 0.0859375 0.16875
0 0.0734375 0.15390625 0.146875 0.1609375
0 0.025 0.22109375 0.05 0.0765625
0 0.21640625 0.075 0.1609375 0.15
0 0.32890625 0.234375 0.25 0.3125
0 0.38984375 0.08828125 0.3171875 0.1765625
0 0.21875 0.37265625 0.084375 0.09140625
0 0.559375 0.5421875 0.090625 0.053125
0 0.98125 0.14921875 0.0375 0.0640625
0 0.70078125 0.2015625 0.1421875 0.165625
0 0.65625 0.29921875 0.053125 0.0546875
0 0.69765625 0.55 0.0890625 0.0375
0 0.66328125 0.00703125 0.0578125 0.0140625
0 0.12421875 0.909375 0.09375 0.09375
0 0.0703125 0.81875 0.11796875 0.12265625
0 0.0109375 0.75859375 0.021875 0.1015625
0 0.57734375 0.89296875 0.1046875 0.1140625
0 0.19453125 0.73046875 0.1078125 0.1078125
0 0.10859375 0.70703125 0.06953125 0.06953125
0 0.2078125 0.64375 0.0765625 0.07421875
0 0.88515625 0.63671875 0.071875 0.06484375
0 0.903125 0.7 0.0578125 0.0578125
0 0.91796875 0.73671875 0.053125 0.0484375
0 0.9859375 0.80625 0.028125 0.08125
0 0.9515625 0.8046875 0.06953125 0.0765625
0 0.98828125 0.87265625 0.0234375 0.0609375
0 0.759375 0.96640625 0.05 0.0671875
0 0.63671875 0.92109375 0.0140625 0.0734375