0 0.2828125 0.31640625 0.16796875 0.16796875
0 0.23046875 0.39296875 0.0671875 0.0765625
0 0.26875 0.46640625 0.08671875 0.084375
0 0.13984375 0.4234375 0.09609375 0.08671875
0 0.34453125 0.06328125 0.1640625 0.1265625
0 0.2953125 0.1140625 0.06953125 0.0765625
0 0.49609375 0.02109375 0.1609375 0.0421875
0 0.54609375 0.14140625 0.1265625 0.2828125
0 0.4984375 0.26484375 0.084375 0.09140625
0 0.67890625 0.27421875 0.071875 0.07421875
0 0.62890625 0.021875 0.0390625 0.04375
0 0.69453125 0.13203125 0.0671875 0.084375
0 0.75078125 0.53984375 0.0671875 0.0203125
0 0.91328125 0.50546875 0.0890625 0.0890625
0 0.82109375 0.540625 0.0515625 0.01875
0 0.87109375 0.33671875 0.25703125 0.23828125
0 0.921875 0.13125 0.0578125 0.06484375
0 0.8640625 0.04921875 0.0453125 0.05078125
0 0.75703125 0.9125 0.2359375 0.175
0 0.64921875 0.6734375 0.0796875 0.240625
0 0.71953125 0.7078125 0.11328125 0.1109375