0 0.28828125 0.02578125 0.1609375 0.0515625
0 0.2578125 0.1140625 0.0796875 0.08203125
0 0.11015625 0.196875 0.2203125 0.221875
0 0.04765625 0.359375 0.0953125 0.153125
0 0.13984375 0.50078125 0.2796875 0.0765625
0 0.2234375 0.496875 0.1125 0.084375
0 0.6515625 0.3953125 0.18046875 0.18046875
0 0.68203125 0.30703125 0.07421875 0.0765625
0 0.625 0.246875 0.09140625 0.09140625
0 0.73515625 0.25234375 0.0484375 0.0953125
0 0.4578125 0.49609375 0.09375 0.0859375
0 0.078125 0.41171875 0.09609375 0.09609375
0 0.71484375 0.021875 0.0890625 0.04375
0 0.740625 0.0734375 0.0375 0.13125
0 0.60859375 0.1140625 0.0765625 0.0765625
0 0.528125 0.10390625 0.0765625 0.0765625
0 0.77734375 0.084375 0.0359375 0.128125
0 0.8546875 0.3015625 0.12734375 0.1296875
0 0.80078125 0.26484375 0.0828125 0.1015625
0 0.93828125 0.42265625 0.1234375 0.1296875
0 0.1578125 0.5640625 0.096875 0.05
0 0.66796875 0.934375 0.13671875 0.12265625
0 0.98671875 0.7234375 0.0265625 0.06875