0 0.125 0.2546875 0.15625 0.14921875
0 0.21953125 0.196875 0.05546875 0.071875
0 0.2109375 0.10078125 0.08203125 0.071875
0 0.33359375 0.20546875 0.09609375 0.06953125
0 0.021875 0.4640625 0.04375 0.071875
0 0.6875 0.46953125 0.059375 0.0796875
0 0.99296875 0.04375 0.0140625 0.08125
0 0.65 0.25 0.06484375 0.05078125
0 0.4484375 0.2859375 0.0375 0.053125
0 0.51875 0.10703125 0.053125 0.053125
0 0.4890625 0.02109375 0.0625 0.0421875
0 0.95625 0.0453125 0.0625 0.084375
0 0.98984375 0.4828125 0.0203125 0.053125
0 0.71484375 0.05859375 0.04296875 0.053125
0 0.396875 0.98671875 0.0625 0.0265625
0 0.37734375 0.86484375 0.0984375 0.07421875
0 0.3984375 0.78828125 0.0625 0.0703125
0 0.20078125 0.57578125 0.06953125 0.08203125
0 0.09140625 0.61015625 0.07421875 0.0890625
0 0.01875 0.53828125 0.0375 0.0578125
0 0.01875 0.953125 0.0375 0.0625
0 0.64296875 0.671875 0.1296875 0.12734375
0 0.565625 0.765625 0.125 0.12265625
0 0.57578125 0.8421875 0.0890625 0.08671875
0 0.56328125 0.59453125 0.134375 0.1296875
0 0.4875 0.534375 0.115625 0.05
0 0.46640625 0.77421875 0.0734375 0.1171875
0 0.68515625 0.934375 0.1328125 0.13125
0 0.890625 0.8703125 0.146875 0.13671875
0 0.98671875 0.67265625 0.0265625 0.0796875