0 0.1296875 0.134375 0.0984375 0.0984375
0 0.03359375 0.53984375 0.0671875 0.0921875
0 0.96328125 0.81171875 0.0734375 0.0140625
0 0.7140625 0.77265625 0.07421875 0.07421875
0 0.646875 0.7078125 0.09375 0.0765625
0 0.53125 0.734375 0.09609375 0.0984375
0 0.93046875 0.3109375 0.1390625 0.165625
0 0.86328125 0.39609375 0.053125 0.07421875
0 0.7546875 0.59921875 0.08671875 0.13203125
0 0.60625 0.33359375 0.13203125 0.15390625
0 0.5328125 0.4421875 0.0984375 0.1078125
0 0.59609375 0.0828125 0.2046875 0.165625
0 0.8484375 0.11484375 0.0765625 0.08671875
0 0.15546875 0.975 0.1109375 0.05
0 0.04375 0.83671875 0.0875 0.0359375
0 0.44375 0.92265625 0.03125 0.0609375
0 0.371875 0.9140625 0.06015625 0.05078125
0 0.81328125 0.85078125 0.0984375 0.0640625
0 0.8078125 0.89921875 0.0453125 0.040625