0 0.334375 0.16953125 0.16875 0.1484375
0 0.01484375 0.2109375 0.0296875 0.06875
0 0.765625 0.115625 0.0796875 0.08671875
0 0.578125 0.1015625 0.0671875 0.0578125
0 0.4390625 0.13671875 0.040625 0.0734375
0 0.4953125 0.209375 0.0671875 0.06953125
0 0.4359375 0.25859375 0.034375 0.0734375
0 0.6015625 0.3140625 0.1625 0.03125
0 0.9875 0.25703125 0.025 0.0515625
0 0.9390625 0.0859375 0.05546875 0.06484375
0 0.99140625 0.0421875 0.0171875 0.034375
0 0.05625 0.84453125 0.1125 0.1578125
0 0.06875 0.64921875 0.0765625 0.09375
0 0.04375 0.39296875 0.06015625 0.05546875
0 0.1765625 0.38046875 0.11875 0.1015625
0 0.52734375 0.9640625 0.0796875 0.071875
0 0.834375 0.9734375 0.084375 0.053125
0 0.984375 0.94296875 0.03125 0.1140625
0 0.94375 0.96953125 0.0625 0.0609375
0 0.81953125 0.678125 0.11328125 0.1296875
0 0.83359375 0.53515625 0.12734375 0.1390625
0 0.9671875 0.5265625 0.065625 0.103125
0 0.8078125 0.36875 0.1375 0.078125
0 0.5 0.634375 0.1625 0.571875
0 0.6796875 0.6 0.15390625 0.17578125