0 0.38359375 0.25546875 0.0578125 0.06953125
0 0.2515625 0.53828125 0.08203125 0.09140625
0 0.26484375 0.62265625 0.0890625 0.0921875
0 0.065625 0.625 0.08125 0.0875
0 0.35 0.0828125 0.0578125 0.0578125
0 0.8953125 0.2328125 0.10078125 0.10078125
0 0.84140625 0.1828125 0.0796875 0.0796875
0 0.7921875 0.63203125 0.06953125 0.06484375
0 0.87421875 0.390625 0.0578125 0.053125
0 0.9171875 0.35078125 0.053125 0.05078125
0 0.990625 0.47890625 0.01875 0.0515625
0 0.5875 0.546875 0.0796875 0.06484375
0 0.54453125 0.50078125 0.0765625 0.07421875
0 0.12578125 0.75546875 0.12265625 0.13203125
0 0.3296875 0.9921875 0.05 0.015625
0 0.20390625 0.9578125 0.0578125 0.0671875
0 0.109375 0.98984375 0.06875 0.0203125
0 0.46171875 0.690625 0.0359375 0.04375
0 0.35 0.71875 0.03828125 0.0484375
0 0.25234375 0.6875 0.0359375 0.0375
0 0.2390625 0.73515625 0.04296875 0.0453125
0 0.21875 0.78671875 0.06015625 0.0578125
0 0.8515625 0.725 0.115625 0.1125
0 0.79609375 0.83984375 0.09609375 0.0984375
0 0.696875 0.82578125 0.103125 0.14453125
0 0.75078125 0.89765625 0.06015625 0.0671875