0 0.1296875 0.03984375 0.084375 0.0796875
0 0.146875 0.221875 0.0796875 0.06953125
0 0.27578125 0.3609375 0.0265625 0.09375
0 0.60625 0.503125 0.0671875 0.06484375
0 0.665625 0.4515625 0.1421875 0.12265625
0 0.87109375 0.490625 0.13671875 0.10546875
0 0.87109375 0.61953125 0.0625 0.06015625
0 0.665625 0.2828125 0.0671875 0.06484375
0 0.7171875 0.240625 0.09609375 0.08203125
0 0.78828125 0.17578125 0.0890625 0.084375
0 0.3484375 0.34453125 0.0625 0.06015625
0 0.346875 0.0796875 0.09140625 0.084375
0 0.42890625 0.0953125 0.06484375 0.0671875
0 0.8734375 0.03359375 0.06875 0.0671875
0 0.60546875 0.34765625 0.0578125 0.053125
0 0.57421875 0.64375 0.05078125 0.04296875
0 0.93359375 0.29140625 0.04296875 0.0359375
0 0.26875 0.9796875 0.040625 0.040625
0 0.253125 0.9 0.071875 0.05625
0 0.075 0.78984375 0.14453125 0.165625
0 0.35078125 0.80546875 0.0671875 0.06953125
0 0.5328125 0.88359375 0.15390625 0.1421875
0 0.684375 0.8765625 0.1109375 0.10546875
0 0.78984375 0.94609375 0.1484375 0.1078125
0 0.88984375 0.74921875 0.05546875 0.0796875
0 0.95078125 0.7515625 0.07421875 0.07421875
0 0.41640625 0.99140625 0.0828125 0.0171875