0 0.04296875 0.22890625 0.0578125 0.06953125
0 0.0765625 0.4015625 0.0578125 0.0578125
0 0.721875 0.5453125 0.084375 0.028125
0 0.8921875 0.47578125 0.08203125 0.10546875
0 0.8453125 0.3578125 0.05078125 0.0484375
0 0.9796875 0.28359375 0.040625 0.0609375
0 0.94375 0.22578125 0.0765625 0.084375
0 0.97578125 0.15 0.0484375 0.103125
0 0.8140625 0.1171875 0.07421875 0.071875
0 0.97421875 0.00703125 0.0515625 0.0140625
0 0.0953125 0.95546875 0.0796875 0.0796875
0 0.03046875 0.58046875 0.0578125 0.0421875
0 0.7015625 0.72734375 0.18515625 0.1921875
0 0.62109375 0.82265625 0.10078125 0.103125
0 0.534375 0.78828125 0.090625 0.1234375
0 0.5 0.7703125 0.021875 0.1125
0 0.7890625 0.95390625 0.11875 0.0921875
0 0.69375 0.94296875 0.08671875 0.08671875