0 0.109375 0.34765625 0.15 0.1640625
0 0.053125 0.26796875 0.10625 0.1515625
0 0.10859375 0.05390625 0.2171875 0.1078125
0 0.24609375 0.10234375 0.1703125 0.2046875
0 0.85078125 0.3703125 0.1421875 0.11875
0 0.73359375 0.234375 0.1515625 0.14921875
0 0.51484375 0.24296875 0.146875 0.146875
0 0.92734375 0.11796875 0.09375 0.09375
0 0.93515625 0.04921875 0.1296875 0.0984375
0 0.85703125 0.01171875 0.0734375 0.0234375
0 0.74609375 0.06953125 0.1421875 0.1390625
0 0.46796875 0.11015625 0.0578125 0.0703125
0 0.92578125 0.41171875 0.0921875 0.0359375
0 0.11015625 0.68671875 0.2203125 0.2984375
0 0.109375 0.4578125 0.090625 0.05625
0 0.25234375 0.440625 0.0859375 0.021875
0 0.28359375 0.6359375 0.10546875 0.1078125
0 0.3609375 0.978125 0.115625 0.04375
0 0.4171875 0.878125 0.04375 0.1
0 0.94453125 0.94375 0.06015625 0.06015625
0 0.94453125 0.87578125 0.053125 0.05078125
0 0.9234375 0.8296875 0.040625 0.05078125
0 0.87421875 0.81640625 0.06015625 0.0671875
0 0.73359375 0.90078125 0.03359375 0.05078125
0 0.6125 0.98828125 0.040625 0.0234375
0 0.559375 0.94375 0.0625 0.06015625
0 0.59375 0.8609375 0.0625 0.0578125
0 0.95234375 0.5921875 0.0671875 0.08203125
0 0.834375 0.6375 0.08203125 0.09375
0 0.72265625 0.56796875 0.06484375 0.0984375
0 0.5171875 0.6890625 0.06484375 0.09375
0 0.5671875 0.5796875 0.03359375 0.0484375
0 0.45234375 0.63515625 0.0265625 0.0578125