0 0.0125 0.5078125 0.025 0.1125
0 0.43046875 0.6265625 0.1734375 0.046875
0 0.525 0.4125 0.26953125 0.26953125
0 0.33359375 0.41875 0.2140625 0.240625
0 0.015625 0.20859375 0.03125 0.1046875
0 0.90546875 0.203125 0.1890625 0.40625
0 0.84140625 0.52109375 0.15390625 0.1421875
0 0.84921875 0.4015625 0.1984375 0.278125
0 0.98671875 0.58203125 0.0265625 0.0671875
0 0.51484375 0.94765625 0.2515625 0.1046875
0 0.4765625 0.71328125 0.09609375 0.1203125
0 0.28203125 0.74375 0.08671875 0.103125
0 0.08359375 0.82890625 0.07421875 0.08203125
0 0.62265625 0.86875 0.0984375 0.1078125
0 0.5734375 0.80703125 0.06953125 0.0765625