0 0.075 0.30234375 0.15 0.1546875
0 0.18125 0.284375 0.209375 0.190625
0 0.39921875 0.0328125 0.0953125 0.065625
0 0.9765625 0.159375 0.046875 0.071875
0 0.4765625 0.05 0.053125 0.1
0 0.9265625 0.2203125 0.0578125 0.07421875
0 0.41640625 0.9453125 0.0671875 0.109375
0 0.37109375 0.971875 0.0796875 0.05625
0 0.3265625 0.88203125 0.071875 0.05546875
0 0.39609375 0.72734375 0.1078125 0.1296875
0 0.159375 0.9296875 0.28125 0.140625
0 0.07734375 0.92421875 0.0890625 0.09609375
0 0.0453125 0.815625 0.090625 0.09375
0 0.14609375 0.83359375 0.06015625 0.0625
0 0.1109375 0.71875 0.06953125 0.07421875
0 0.15703125 0.6359375 0.09140625 0.0984375
0 0.2265625 0.6125 0.05546875 0.0484375
0 0.23984375 0.5515625 0.0453125 0.0578125
0 0.06875 0.55390625 0.0625 0.0625
0 0.07734375 0.38671875 0.0765625 0.0140625
0 0.309375 0.45859375 0.05546875 0.06953125
0 0.39375 0.403125 0.059375 0.046875
0 0.4890625 0.475 0.078125 0.134375
0 0.52109375 0.3921875 0.1140625 0.025