0 0.34375 0.42578125 0.090625 0.1859375
0 0.26796875 0.4015625 0.209375 0.209375
0 0.05 0.1265625 0.09609375 0.09609375
0 0.4703125 0.05390625 0.06015625 0.0578125
0 0.4015625 0.12421875 0.025 0.1078125
0 0.67421875 0.478125 0.0703125 0.08125
0 0.77890625 0.41171875 0.2171875 0.2140625
0 0.89609375 0.2875 0.0765625 0.0890625
0 0.8359375 0.271875 0.0796875 0.084375
0 0.78828125 0.09765625 0.06953125 0.071875
0 0.84453125 0.04140625 0.1734375 0.0828125
0 0.98984375 0.053125 0.0203125 0.084375
0 0.98046875 0.11171875 0.0390625 0.0484375
0 0.96484375 0.28515625 0.06015625 0.071875
0 0.97109375 0.42734375 0.0578125 0.1359375
0 0.55625 0.45078125 0.09140625 0.12265625
0 0.17890625 0.97734375 0.0578125 0.0453125
0 0.284375 0.60625 0.0578125 0.0578125
0 0.37421875 0.59140625 0.0296875 0.0578125
0 0.35234375 0.81484375 0.03828125 0.0453125
0 0.046875 0.828125 0.0578125 0.05546875
0 0.18125 0.63671875 0.05078125 0.05546875
0 0.096875 0.5921875 0.04296875 0.0359375
0 0.09375 0.5609375 0.04296875 0.04296875
0 0.02734375 0.95546875 0.04296875 0.0484375
0 0.0828125 0.95859375 0.0265625 0.03359375
0 0.1625 0.721875 0.05546875 0.053125
0 0.0125 0.72109375 0.025 0.0453125
0 0.3171875 0.97421875 0.03359375 0.04296875
0 0.53671875 0.8859375 0.13203125 0.1078125
0 0.753125 0.73828125 0.08203125 0.06484375
0 0.53671875 0.6171875 0.0578125 0.0578125
0 0.41953125 0.72109375 0.053125 0.06953125
0 0.6953125 0.54453125 0.103125 0.0515625
0 0.9828125 0.96796875 0.034375 0.0640625