0 0.6125 0.06328125 0.075 0.0796875
0 0.33203125 0.0890625 0.12734375 0.1203125
0 0.38359375 0.228125 0.08671875 0.09609375
0 0.271875 0.2171875 0.1390625 0.12265625
0 0.2515625 0.3109375 0.115625 0.09140625
0 0.6171875 0.20078125 0.065625 0.1390625
0 0.15859375 0.12734375 0.06953125 0.0671875
0 0.0359375 0.096875 0.05546875 0.05546875
0 0.06640625 0.19453125 0.053125 0.05546875
0 0.7203125 0.1234375 0.140625 0.146875
0 0.85390625 0.11640625 0.1203125 0.11796875
0 0.9671875 0.24765625 0.065625 0.1078125
0 0.85625 0.275 0.10078125 0.0984375
0 0.61640625 0.740625 0.0671875 0.1
0 0.53125 0.740625 0.0796875 0.0765625
0 0.559375 0.9359375 0.08671875 0.0890625
0 0.528125 0.50234375 0.0890625 0.09609375
0 0.63125 0.48671875 0.0375 0.0671875
0 0.62421875 0.390625 0.0515625 0.04375
0 0.41640625 0.44453125 0.0984375 0.084375
0 0.415625 0.50859375 0.05546875 0.06015625
0 0.09453125 0.80625 0.103125 0.103125
0 0.02109375 0.89921875 0.0421875 0.0796875
0 0.10859375 0.975 0.0953125 0.05
0 0.0515625 0.553125 0.07421875 0.071875
0 0.196875 0.7921875 0.07421875 0.0765625
0 0.36015625 0.63828125 0.0625 0.0671875
0 0.6609375 0.58984375 0.021875 0.1046875
0 0.6828125 0.7421875 0.06484375 0.0796875
0 0.71015625 0.8546875 0.0765625 0.06484375
0 0.9734375 0.484375 0.053125 0.071875
0 0.87734375 0.5546875 0.05546875 0.0578125
0 0.88125 0.90078125 0.05078125 0.0796875