0 0.01796875 0.265625 0.0359375 0.071875
0 0.1328125 0.3765625 0.146875 0.165625
0 0.20234375 0.225 0.09375 0.0890625
0 0.26484375 0.21484375 0.0890625 0.0890625
0 0.2703125 0.29921875 0.071875 0.08671875
0 0.14296875 0.03359375 0.1234375 0.0671875
0 0.6125 0.4421875 0.08125 0.034375
0 0.70390625 0.43125 0.0671875 0.05625
0 0.6421875 0.3109375 0.10078125 0.09609375
0 0.92734375 0.39375 0.06953125 0.06484375
0 0.971875 0.34453125 0.05625 0.0671875
0 0.45859375 0.34921875 0.103125 0.1203125
0 0.49609375 0.26015625 0.07421875 0.07421875
0 0.3921875 0.2828125 0.071875 0.07421875
0 0.7484375 0.0390625 0.15 0.078125
0 0.8140625 0.08203125 0.0484375 0.0625
0 0.9 0.2515625 0.08203125 0.1109375
0 0.41640625 0.1625 0.06953125 0.06953125
0 0.334375 0.071875 0.05 0.065625
0 0.02578125 0.79140625 0.0515625 0.0921875
0 0.03984375 0.54453125 0.0796875 0.0890625
0 0.1296875 0.6015625 0.103125 0.1078125
0 0.22421875 0.984375 0.0765625 0.03125
0 0.26953125 0.94765625 0.0796875 0.0671875
0 0.9203125 0.553125 0.159375 0.1875
0 0.7671875 0.47734375 0.08125 0.0359375
0 0.640625 0.55 0.1515625 0.1515625
0 0.709375 0.675 0.0890625 0.0890625
0 0.58203125 0.709375 0.115625 0.115625
0 0.39296875 0.865625 0.1390625 0.1390625
0 0.4359375 0.6046875 0.253125 0.271875