0 0.41796875 0.26953125 0.1046875 0.0609375
0 0.31328125 0.2765625 0.1609375 0.046875
0 0.2734375 0.24140625 0.13203125 0.11328125
0 0.16875 0.16328125 0.10078125 0.09375
0 0.1453125 0.03359375 0.084375 0.0671875
0 0.04609375 0.021875 0.0921875 0.04375
0 0.01953125 0.06171875 0.0390625 0.0984375
0 0.37109375 0.02578125 0.1640625 0.0515625
0 0.48984375 0.0375 0.0796875 0.075
0 0.98203125 0.0921875 0.0359375 0.184375
0 0.86015625 0.27734375 0.0953125 0.0453125
0 0.678125 0.18828125 0.15625 0.2234375
0 0.86015625 0.025 0.0734375 0.05
0 0.81328125 0.078125 0.040625 0.03828125
0 0.4 0.6046875 0.22578125 0.2359375
0 0.3515625 0.75234375 0.18515625 0.1875
0 0.1828125 0.9 0.225 0.2
0 0.11015625 0.9421875 0.2203125 0.115625
0 0.10078125 0.33671875 0.1328125 0.0734375
0 0.1875 0.3453125 0.115625 0.090625
0 0.08828125 0.384375 0.1390625 0.1390625
0 0.19921875 0.40703125 0.15625 0.15625
0 0.01640625 0.46640625 0.0328125 0.1265625
0 0.0578125 0.54921875 0.115625 0.1390625
0 0.1921875 0.7015625 0.11328125 0.11328125
0 0.3921875 0.35546875 0.115625 0.1109375
0 0.48125 0.325 0.084375 0.05
0 0.55859375 0.70078125 0.0828125 0.1421875
0 0.4859375 0.75078125 0.0984375 0.103125
0 0.45234375 0.79921875 0.11796875 0.1203125
0 0.5484375 0.34375 0.0765625 0.0765625
0 0.63125 0.36875 0.0484375 0.03828125
0 0.703125 0.39296875 0.0578125 0.05546875
0 0.6171875 0.4984375 0.034375 0.053125
0 0.790625 0.890625 0.19453125 0.19453125
0 0.65625 0.6609375 0.0625 0.05078125
0 0.671875 0.7234375 0.05546875 0.0765625
0 0.8921875 0.5609375 0.0890625 0.0796875
0 0.965625 0.69140625 0.06875 0.0578125
0 0.99296875 0.74296875 0.0140625 0.0484375