0 0.1015625 0.04296875 0.103125 0.0859375
0 0.284375 0.2109375 0.071875 0.09140625
0 0.11328125 0.1875 0.0796875 0.0796875
0 0.378125 0.44296875 0.04375 0.1515625
0 0.3296875 0.31875 0.0796875 0.06953125
0 0.2046875 0.346875 0.0671875 0.05546875
0 0.11796875 0.375 0.04296875 0.0578125
0 0.19296875 0.6453125 0.1140625 0.06875
0 0.01328125 0.63359375 0.0265625 0.0921875
0 0.209375 0.55234375 0.07421875 0.06015625
0 0.0921875 0.5625 0.0578125 0.06953125
0 0.38203125 0.603125 0.0359375 0.059375
0 0.325 0.65078125 0.053125 0.05546875
0 0.9828125 0.025 0.034375 0.05
0 0.9859375 0.5390625 0.028125 0.071875
0 0.984375 0.30390625 0.03125 0.0421875
0 0.91328125 0.3359375 0.053125 0.0625
0 0.7953125 0.30859375 0.06015625 0.071875
0 0.72890625 0.434375 0.071875 0.084375
0 0.72421875 0.515625 0.0796875 0.0796875
0 0.621875 0.415625 0.040625 0.0578125
0 0.58359375 0.46015625 0.0765625 0.06953125
0 0.6125 0.22890625 0.0796875 0.0796875
0 0.86953125 0.078125 0.06015625 0.0625
0 0.93203125 0.01640625 0.0484375 0.0328125
0 0.6203125 0.02421875 0.05 0.0484375
0 0.72890625 0.66484375 0.0765625 0.0296875
0 0.66171875 0.59375 0.0453125 0.05546875
0 0.45 0.28203125 0.06015625 0.071875
0 0.32265625 0.91328125 0.0984375 0.084375
0 0.321875 0.84921875 0.05546875 0.06015625
0 0.26640625 0.71953125 0.0625 0.0671875
0 0.4125 0.8046875 0.025 0.090625
0 0.41875 0.88828125 0.0375 0.0921875
0 0.5359375 0.93515625 0.146875 0.1296875
0 0.66796875 0.9640625 0.2234375 0.071875
0 0.79609375 0.98203125 0.1078125 0.0359375
0 0.91953125 0.9890625 0.0765625 0.021875
0 0.89609375 0.9171875 0.06484375 0.0671875
0 0.4546875 0.7078125 0.109375 0.05625
0 0.82265625 0.8234375 0.0796875 0.071875
0 0.88671875 0.8734375 0.09609375 0.09375