0 0.68125 0.14921875 0.05625 0.1265625
0 0.5265625 0.3421875 0.103125 0.075
0 0.34375 0.18125 0.071875 0.09140625
0 0.51484375 0.2046875 0.0796875 0.0796875
0 0.14296875 0.1 0.09375 0.09609375
0 0.2984375 0.0734375 0.0796875 0.06953125
0 0.4234375 0.0453125 0.0671875 0.05546875
0 0.509375 0.02265625 0.04375 0.0453125
0 0.11953125 0.346875 0.0484375 0.065625
0 0.04375 0.30625 0.0578125 0.0796875
0 0.0234375 0.21953125 0.046875 0.0890625
0 0.10625 0.20546875 0.07421875 0.07421875
0 0.91015625 0.015625 0.1140625 0.03125
0 0.95625 0.3125 0.0875 0.103125
0 0.73203125 0.13828125 0.0453125 0.0890625
0 0.92421875 0.18359375 0.0796875 0.0796875
0 0.52578125 0.846875 0.115625 0.1421875
0 0.24453125 0.61015625 0.09609375 0.1296875
0 0.24453125 0.49375 0.09609375 0.09140625
0 0.1671875 0.45390625 0.071875 0.08671875
0 0.0078125 0.671875 0.015625 0.06875
0 0.01015625 0.91015625 0.0203125 0.0578125
0 0.69375 0.659375 0.03125 0.075
0 0.6328125 0.3921875 0.071875 0.025
0 0.9671875 0.59921875 0.065625 0.0859375
0 0.896875 0.75390625 0.06953125 0.06484375