0 0.0265625 0.028125 0.053125 0.05625
0 0.184375 0.18125 0.071875 0.09140625
0 0.0265625 0.15703125 0.053125 0.0796875
0 0.3296875 0.41328125 0.146875 0.1515625
0 0.38515625 0.2625 0.09375 0.09609375
0 0.2296875 0.2890625 0.0796875 0.06953125
0 0.1046875 0.3171875 0.0671875 0.05546875
0 0.01953125 0.34453125 0.0390625 0.0578125
0 0.40703125 0.0234375 0.0484375 0.046875
0 0.484375 0.05625 0.0578125 0.0796875
0 0.509375 0.14140625 0.059375 0.0890625
0 0.421875 0.15703125 0.07421875 0.07421875
0 0.4921875 0.38984375 0.06484375 0.084375
0 0.10859375 0.50546875 0.0734375 0.0265625
0 0.9171875 0.26953125 0.165625 0.1921875
0 0.6375 0.31875 0.196875 0.21875
0 0.675 0.203125 0.2046875 0.21640625
0 0.73671875 0.07265625 0.1828125 0.1453125
0 0.65 0.01796875 0.11875 0.0359375
0 0.5875 0.13203125 0.096875 0.2046875
0 0.83515625 0.015625 0.1078125 0.03125
0 0.9640625 0.5015625 0.071875 0.034375
0 0.97109375 0.4484375 0.0578125 0.103125
0 0.49765625 0.971875 0.0828125 0.05625
0 0.50546875 0.83984375 0.0671875 0.1265625
0 0.46484375 0.8453125 0.07421875 0.0765625
0 0.26953125 0.759375 0.5390625 0.48125
0 0.05625 0.559375 0.1125 0.08125
0 0.4 0.759375 0.06953125 0.06953125
0 0.49921875 0.6921875 0.0796875 0.084375
0 0.77734375 0.88984375 0.10546875 0.1609375
0 0.55234375 0.9796875 0.0265625 0.040625
0 0.56015625 0.86796875 0.0421875 0.0578125
0 0.5734375 0.68515625 0.06875 0.1203125
0 0.6671875 0.5453125 0.0875 0.053125
0 0.88203125 0.5546875 0.03828125 0.02890625
0 0.91484375 0.5375 0.0484375 0.0375
0 0.9328125 0.8296875 0.040625 0.0484375
0 0.978125 0.8453125 0.03359375 0.04296875