0 0.49453125 0.49765625 0.1078125 0.0421875
0 0.171875 0.021875 0.2125 0.04375
0 0.40234375 0.03125 0.0859375 0.0625
0 0.446875 0.09921875 0.06953125 0.071875
0 0.471875 0.3046875 0.125 0.12734375
0 0.184375 0.2734375 0.17578125 0.178125
0 0.3625 0.38828125 0.1390625 0.1421875
0 0.26015625 0.1671875 0.09609375 0.09375
0 0.33984375 0.25546875 0.0890625 0.0890625
0 0.165625 0.4078125 0.0765625 0.0796875
0 0.221875 0.42578125 0.06953125 0.06953125
0 0.26875 0.378125 0.0796875 0.0796875
0 0.01640625 0.14765625 0.0328125 0.0953125
0 0.08984375 0.08125 0.08671875 0.08671875
0 0.109375 0.1625 0.07421875 0.07421875
0 0.63359375 0.0453125 0.1296875 0.090625
0 0.6203125 0.034375 0.071875 0.06875
0 0.60859375 0.11640625 0.0796875 0.0984375
0 0.59375 0.359375 0.05 0.071875
0 0.58125 0.29453125 0.025 0.0953125
0 0.61484375 0.27265625 0.05078125 0.053125
0 0.66796875 0.28359375 0.09375 0.09140625
0 0.671875 0.15703125 0.06015625 0.06015625
0 0.04609375 0.6828125 0.0921875 0.11875
0 0.1203125 0.771875 0.08203125 0.0796875
0 0.07734375 0.8171875 0.0890625 0.084375
0 0.15390625 0.86640625 0.0765625 0.0796875
0 0.2453125 0.83046875 0.09140625 0.0796875
0 0.29375 0.925 0.103125 0.10546875
0 0.1984375 0.95546875 0.08203125 0.0796875
0 0.04765625 0.54609375 0.0796875 0.0546875
0 0.20234375 0.57734375 0.1421875 0.1171875
0 0.50546875 0.59375 0.115625 0.103125
0 0.52421875 0.915625 0.0890625 0.16875
0 0.9109375 0.759375 0.0625 0.04296875