0 0.03828125 0.38828125 0.0765625 0.0859375
0 0.11328125 0.4671875 0.12734375 0.12734375
0 0.26875 0.4515625 0.09140625 0.08203125
0 0.4390625 0.4734375 0.06015625 0.0578125
0 0.4921875 0.4109375 0.09140625 0.0796875
0 0.55390625 0.36953125 0.0515625 0.0828125
0 0.396875 0.28828125 0.09375 0.0890625
0 0.44375 0.2234375 0.0671875 0.0765625
0 0.27890625 0.61171875 0.0640625 0.0359375
0 0.36015625 0.56328125 0.0671875 0.071875
0 0.40546875 0.58359375 0.0578125 0.0578125
0 0.553125 0.52890625 0.0453125 0.053125
0 0.5703125 0.59765625 0.01875 0.0515625
0 0.06171875 0.2015625 0.053125 0.07421875
0 0.18203125 0.18515625 0.08671875 0.07421875
0 0.2015625 0.26640625 0.0578125 0.0578125
0 0.4828125 0.06953125 0.08671875 0.08203125
0 0.54609375 0.07109375 0.0671875 0.0734375
0 0.5625 0.13515625 0.034375 0.0578125
0 0.32421875 0.0140625 0.0796875 0.028125
0 0.63984375 0.49140625 0.09140625 0.09140625
0 0.72734375 0.4640625 0.13203125 0.13203125
0 0.8203125 0.46953125 0.1203125 0.125
0 0.7234375 0.28984375 0.1421875 0.1421875
0 0.8078125 0.2546875 0.1109375 0.115625
0 0.70390625 0.60234375 0.0734375 0.0546875
0 0.621875 0.06015625 0.084375 0.1203125
0 0.59453125 0.14921875 0.0296875 0.0890625
0 0.9390625 0.13046875 0.121875 0.1328125
0 0.97109375 0.17578125 0.0578125 0.1234375
0 0.96875 0.2515625 0.0625 0.096875
0 0.46484375 0.7921875 0.0765625 0.0796875
0 0.56875 0.78828125 0.021875 0.0890625
0 0.53203125 0.68515625 0.0953125 0.1109375
0 0.46484375 0.6390625 0.0734375 0.01875
0 0.2625 0.6578125 0.071875 0.05625
0 0.68046875 0.98515625 0.0609375 0.0296875
0 0.5953125 0.903125 0.03125 0.05
0 0.5921875 0.85390625 0.025 0.0421875
0 0.628125 0.86875 0.06953125 0.0765625
0 0.621875 0.7875 0.084375 0.084375
0 0.69765625 0.75859375 0.06953125 0.0671875
0 0.61953125 0.66484375 0.0625 0.06484375
0 0.7125 0.64453125 0.06875 0.0296875
0 0.85703125 0.70546875 0.1953125 0.1515625
0 0.8796875 0.7921875 0.071875 0.08671875
0 0.775 0.8859375 0.0765625 0.09140625
0 0.79921875 0.97890625 0.0484375 0.0421875
0 0.8859375 0.9765625 0.059375 0.046875
0 0.95234375 0.9765625 0.0953125 0.046875
0 0.95546875 0.81875 0.0890625 0.3625