0 0.0328125 0.04609375 0.065625 0.0921875
0 0.19609375 0.109375 0.1203125 0.1203125
0 0.26640625 0.1421875 0.09609375 0.0984375
0 0.071875 0.30234375 0.1078125 0.103125
0 0.046875 0.225 0.07421875 0.0765625
0 0.37578125 0.2515625 0.11328125 0.1109375
0 0.42421875 0.2140625 0.0890625 0.103125
0 0.421875 0.14921875 0.084375 0.08203125
0 0.45 0.04765625 0.0375 0.0953125
0 0.28828125 0.38671875 0.1078125 0.0859375
0 0.60859375 0.040625 0.1296875 0.08125
0 0.50546875 0.14375 0.0453125 0.0578125
0 0.671875 0.146875 0.0625 0.06484375
0 0.79765625 0.13984375 0.103125 0.09375
0 0.88125 0.06171875 0.11875 0.1234375
0 0.946875 0.07890625 0.10625 0.1578125
0 0.6875 0.40546875 0.0625 0.0484375
0 0.73515625 0.26328125 0.0765625 0.08203125
0 0.965625 0.25546875 0.06875 0.1265625
0 0.0234375 0.83203125 0.046875 0.1828125
0 0.14765625 0.7515625 0.18515625 0.18515625
0 0.24609375 0.684375 0.0796875 0.0796875
0 0.2234375 0.63359375 0.0765625 0.0765625
0 0.21640625 0.46328125 0.0828125 0.0671875
0 0.11640625 0.5859375 0.0796875 0.0796875
0 0.15546875 0.4578125 0.0734375 0.05625
0 0.06328125 0.4453125 0.0734375 0.03125
0 0.5984375 0.6984375 0.259375 0.5375
0 0.63359375 0.90625 0.3296875 0.1875
0 0.62734375 0.63125 0.11328125 0.1078125
0 0.82890625 0.97109375 0.1421875 0.0578125
0 0.8171875 0.559375 0.09375 0.09375
0 0.784375 0.8921875 0.08203125 0.0796875
0 0.71328125 0.85 0.09609375 0.09140625
0 0.8984375 0.54296875 0.09140625 0.09609375
0 0.9265625 0.49453125 0.08203125 0.0765625
0 0.71875 0.484375 0.15625 0.109375
0 0.54765625 0.58984375 0.11328125 0.1078125
0 0.596875 0.7828125 0.08203125 0.08203125
0 0.50859375 0.778125 0.0796875 0.09375
0 0.528125 0.7328125 0.0796875 0.0765625