0 0.02421875 0.35859375 0.0484375 0.0609375
0 0.3015625 0.28359375 0.0890625 0.0890625
0 0.3703125 0.2921875 0.08671875 0.0796875
0 0.38828125 0.35703125 0.0671875 0.0625
0 0.159375 0.1875 0.084375 0.09140625
0 0.5328125 0.23125 0.0875 0.121875
0 0.515625 0.10859375 0.053125 0.0984375
0 0.75859375 0.1203125 0.3578125 0.240625
0 0.74296875 0.25625 0.2234375 0.22578125
0 0.909375 0.25546875 0.18125 0.2671875
0 0.2734375 0.4984375 0.15859375 0.16328125
0 0.37890625 0.73046875 0.06484375 0.06484375
0 0.2984375 0.85703125 0.09609375 0.10078125
0 0.41953125 0.91015625 0.09375 0.0890625
0 0.475 0.971875 0.028125 0.05625
0 0.16640625 0.81484375 0.0765625 0.0796875
0 0.03046875 0.8140625 0.0609375 0.071875
0 0.05 0.48359375 0.1 0.1046875
0 0.16796875 0.39921875 0.0953125 0.0203125
0 0.7953125 0.96796875 0.084375 0.0640625
0 0.6765625 0.64765625 0.11328125 0.11328125
0 0.9796875 0.91484375 0.040625 0.0640625
0 0.9625 0.68515625 0.071875 0.0796875
0 0.91796875 0.57578125 0.071875 0.0796875
0 0.8421875 0.4734375 0.084375 0.09609375
0 0.55234375 0.42890625 0.0625 0.06015625
0 0.81953125 0.88125 0.0484375 0.05078125
0 0.7 0.7609375 0.0671875 0.0625