0 0.05390625 0.2765625 0.1078125 0.16875
0 0.1953125 0.24609375 0.12265625 0.11328125
0 0.37578125 0.17265625 0.08203125 0.0765625
0 0.4515625 0.21953125 0.12265625 0.1109375
0 0.51484375 0.23984375 0.0484375 0.1046875
0 0.3828125 0.3734375 0.12734375 0.1203125
0 0.453125 0.4265625 0.09609375 0.10078125
0 0.15703125 0.06015625 0.0890625 0.09140625
0 0.2625 0.103125 0.09609375 0.09375
0 0.30859375 0.06953125 0.0796875 0.0765625
0 0.48515625 0.08125 0.06484375 0.0671875
0 0.50390625 0.015625 0.0703125 0.03125
0 0.040625 0.56484375 0.0796875 0.09375
0 0.1765625 0.5453125 0.115625 0.10078125
0 0.17421875 0.45625 0.0796875 0.0765625
0 0.50859375 0.57109375 0.0609375 0.1109375
0 0.978125 0.23671875 0.04375 0.0765625
0 0.8984375 0.5453125 0.071875 0.0796875
0 0.75390625 0.1921875 0.06484375 0.0796875
0 0.7359375 0.08046875 0.07421875 0.0796875
0 0.590625 0.0984375 0.07421875 0.084375
0 0.665625 0.42265625 0.09375 0.0796875
0 0.75625 0.63203125 0.103125 0.0359375
0 0.871875 0.6171875 0.071875 0.065625
0 0.9859375 0.60859375 0.028125 0.0828125
0 0.56875 0.32890625 0.059375 0.2328125
0 0.8671875 0.43984375 0.06484375 0.0765625
0 0.55390625 0.52109375 0.0296875 0.0484375
0 0.92265625 0.071875 0.1546875 0.14375
0 0.32109375 0.83984375 0.209375 0.2359375
0 0.4046875 0.93984375 0.228125 0.1203125
0 0.65234375 0.9203125 0.09375 0.09609375
0 0.590625 0.95234375 0.071875 0.0765625
0 0.57734375 0.746875 0.0671875 0.07421875
0 0.9640625 0.79296875 0.071875 0.0796875
0 0.90234375 0.82890625 0.15859375 0.15390625
0 0.92421875 0.671875 0.0890625 0.04375
0 0.73828125 0.87421875 0.13671875 0.14453125