0 0.54921875 0.07890625 0.0609375 0.1265625
0 0.428125 0.0953125 0.09140625 0.08203125
0 0.2578125 0.0734375 0.06015625 0.0578125
0 0.2046875 0.1359375 0.09140625 0.0796875
0 0.13125 0.1765625 0.07421875 0.08203125
0 0.3 0.25859375 0.09375 0.0890625
0 0.253125 0.3234375 0.0671875 0.0765625
0 0.33671875 0.009375 0.0671875 0.01875
0 0.14296875 0.021875 0.0453125 0.04375
0 0.51484375 0.36171875 0.08671875 0.07421875
0 0.4953125 0.28046875 0.0578125 0.0578125
0 0.1171875 0.41015625 0.065625 0.0578125
0 0.015625 0.34296875 0.03125 0.1078125
0 0.70859375 0.41484375 0.0984375 0.0484375
0 0.78984375 0.23671875 0.4203125 0.4046875
0 0.98984375 0.2734375 0.0203125 0.084375
0 0.9265625 0.06484375 0.11796875 0.1109375
0 0.5125 0.61328125 0.1296875 0.1296875
0 0.453125 0.46796875 0.134375 0.0578125
0 0.51796875 0.8296875 0.1234375 0.178125
0 0.409375 0.8296875 0.12265625 0.12265625
0 0.28984375 0.67578125 0.07421875 0.07421875
0 0.0703125 0.55078125 0.12265625 0.12265625
0 0.1640625 0.7671875 0.10078125 0.10078125
0 0.21640625 0.85 0.10546875 0.10546875
0 0.32265625 0.9015625 0.134375 0.134375
0 0.1078125 0.97109375 0.1 0.0578125
0 0.3296875 0.98515625 0.125 0.0296875
0 0.628125 0.75390625 0.096875 0.2046875
0 0.8984375 0.4984375 0.203125 0.11875
0 0.85625 0.6265625 0.0671875 0.0765625
0 0.80859375 0.640625 0.0796875 0.0671875
0 0.7171875 0.9125 0.08671875 0.084375