0 0.203125 0.1453125 0.09609375 0.09609375
0 0.13125 0.1890625 0.07421875 0.0765625
0 0.14296875 0.4265625 0.1078125 0.065625
0 0.04609375 0.3875 0.0796875 0.0796875
0 0.09765625 0.30390625 0.0765625 0.084375
0 0.25859375 0.30546875 0.08203125 0.0890625
0 0.365625 0.35078125 0.1078125 0.103125
0 0.33984375 0.42421875 0.0734375 0.0703125
0 0.27109375 0.071875 0.103125 0.10078125
0 0.034375 0.06640625 0.06875 0.0890625
0 0.8984375 0.03359375 0.15625 0.0671875
0 0.86171875 0.1703125 0.1109375 0.1078125
0 0.9734375 0.24921875 0.053125 0.1453125
0 0.93203125 0.40625 0.1359375 0.10625
0 0.60625 0.3984375 0.1375 0.121875
0 0.525 0.253125 0.03125 0.16875
0 0.81171875 0.34140625 0.103125 0.103125
0 0.20234375 0.6515625 0.053125 0.0578125
0 0.12890625 0.6328125 0.03828125 0.0359375
0 0.14453125 0.71875 0.03125 0.0484375
0 0.24765625 0.7609375 0.0484375 0.03828125
0 0.36484375 0.71171875 0.0453125 0.04296875
0 0.41875 0.84140625 0.0484375 0.03359375
0 0.25625 0.834375 0.06015625 0.053125
0 0.05 0.85859375 0.0453125 0.0625
0 0.41953125 0.909375 0.05546875 0.0578125
0 0.321875 0.9671875 0.075 0.065625
0 0.1171875 0.96171875 0.05546875 0.03828125
0 0.11015625 0.99375 0.0390625 0.0125
0 0.240625 0.95234375 0.040625 0.0453125
0 0.434375 0.72421875 0.04296875 0.04296875
0 0.575 0.475 0.059375 0.03125
0 0.9328125 0.69609375 0.134375 0.2328125
0 0.9515625 0.9015625 0.096875 0.196875
0 0.75859375 0.934375 0.2140625 0.13125
0 0.53515625 0.9125 0.0515625 0.175
0 0.80234375 0.5 0.071875 0.0625
0 0.83046875 0.55859375 0.06953125 0.08671875
0 0.5765625 0.834375 0.08671875 0.0765625