0 0.078125 0.03515625 0.09375 0.0703125
0 0.128125 0.32578125 0.0890625 0.10078125
0 0.27265625 0.25859375 0.0546875 0.0671875
0 0.2859375 0.2 0.028125 0.0625
0 0.9640625 0.08671875 0.071875 0.1734375
0 0.43125 0.3515625 0.071875 0.0578125
0 0.3875 0.45390625 0.05 0.0296875
0 0.49609375 0.23515625 0.04296875 0.05078125
0 0.56953125 0.2015625 0.08671875 0.0671875
0 0.5765625 0.121875 0.12265625 0.09375
0 0.43046875 0.12890625 0.0484375 0.053125
0 0.43515625 0.06171875 0.04296875 0.04296875
0 0.33671875 0.12109375 0.0734375 0.0609375
0 0.33046875 0.178125 0.0609375 0.0625
0 0.33828125 0.23203125 0.0765625 0.0765625
0 0.7984375 0.0265625 0.04296875 0.04296875
0 0.9171875 0.01953125 0.0453125 0.03828125
0 0.88671875 0.09921875 0.053125 0.053125
0 0.79453125 0.153125 0.0578125 0.0484375
0 0.92421875 0.22421875 0.053125 0.0578125
0 0.9640625 0.2140625 0.0484375 0.0453125
0 0.96015625 0.26875 0.0671875 0.06484375
0 0.27578125 0.71484375 0.0484375 0.0765625
0 0.28203125 0.9578125 0.0359375 0.05625
0 0.25703125 0.57734375 0.0859375 0.0890625
0 0.39609375 0.77421875 0.11328125 0.11328125
0 0.48671875 0.77890625 0.16328125 0.16328125
0 0.55703125 0.76015625 0.08671875 0.0890625
0 0.69609375 0.94921875 0.1328125 0.1015625
0 0.8796875 0.90390625 0.125 0.125
0 0.940625 0.959375 0.11875 0.08125
0 0.91328125 0.6140625 0.1734375 0.284375
0 0.75546875 0.76484375 0.12734375 0.12734375
0 0.6953125 0.640625 0.10546875 0.103125
0 0.55234375 0.92578125 0.0796875 0.08203125