0 0.309375 0.1765625 0.140625 0.353125
0 0.3 0.20078125 0.10546875 0.10546875
0 0.2265625 0.071875 0.30625 0.14375
0 0.22578125 0.29609375 0.3046875 0.2859375
0 0.47109375 0.42421875 0.0578125 0.0296875
0 0.2109375 0.88203125 0.103125 0.125
0 0.375 0.91328125 0.009375 0.0546875
0 0.34453125 0.93828125 0.053125 0.06484375
0 0.03046875 0.4921875 0.0578125 0.05546875
0 0.03671875 0.9578125 0.05546875 0.040625
0 0.79375 0.73828125 0.15859375 0.13671875
0 0.47109375 0.90078125 0.0796875 0.09140625
0 0.79609375 0.91640625 0.0796875 0.06953125
0 0.96171875 0.87578125 0.07421875 0.0625
0 0.63828125 0.8828125 0.07421875 0.05546875
0 0.55390625 0.7921875 0.0796875 0.0578125
0 0.546875 0.6671875 0.103125 0.115625
0 0.803125 0.453125 0.071875 0.028125
0 0.87890625 0.51484375 0.08671875 0.0671875
0 0.921875 0.6265625 0.0796875 0.06953125
0 0.85703125 0.6046875 0.07421875 0.06015625