0 0.06953125 0.48671875 0.1390625 0.1046875
0 0.13984375 0.51328125 0.0578125 0.0515625
0 0.0734375 0.33125 0.146875 0.24375
0 0.0515625 0.2078125 0.06953125 0.06015625
0 0.225 0.1421875 0.0671875 0.0671875
0 0.559375 0.04296875 0.01875 0.0828125
0 0.40859375 0.3609375 0.08203125 0.09140625
0 0.24453125 0.49609375 0.1671875 0.0859375
0 0.84453125 0.50625 0.0765625 0.065625
0 0.8640625 0.44921875 0.0625 0.0578125
0 0.74609375 0.3984375 0.07421875 0.0765625
0 0.66796875 0.36484375 0.0625 0.0578125
0 0.59453125 0.32578125 0.0515625 0.0578125
0 0.76875 0.315625 0.0484375 0.0484375
0 0.775 0.2328125 0.12734375 0.12734375
0 0.5890625 0.275 0.040625 0.053125
0 0.8921875 0.2890625 0.1390625 0.12734375
0 0.80234375 0.028125 0.0578125 0.05625
0 0.88984375 0.17890625 0.12734375 0.12265625
0 0.6984375 0.53046875 0.06875 0.0171875
0 0.6234375 0.1171875 0.071875 0.07421875
0 0.9765625 0.15 0.046875 0.084375
0 0.54921875 0.65078125 0.0390625 0.0921875
0 0.50625 0.6875 0.071875 0.06953125
0 0.53671875 0.796875 0.0640625 0.071875
0 0.23828125 0.940625 0.1765625 0.11875
0 0.1359375 0.8953125 0.06484375 0.06953125
0 0.60546875 0.66796875 0.0734375 0.1828125
0 0.6921875 0.56328125 0.1875 0.0484375
0 0.91640625 0.56484375 0.0984375 0.0515625
0 0.81484375 0.85703125 0.3703125 0.2859375
0 0.67421875 0.82578125 0.2109375 0.2265625