0 0.12421875 0.56171875 0.0984375 0.0359375
0 0.05703125 0.53828125 0.1140625 0.0828125
0 0.14609375 0.4546875 0.1390625 0.165625
0 0.1859375 0.34296875 0.09609375 0.1390625
0 0.2765625 0.31796875 0.084375 0.1421875
0 0.3015625 0.4109375 0.034375 0.084375
0 0.3015625 0.5390625 0.034375 0.08125
0 0.03203125 0.3109375 0.0640625 0.121875
0 0.0109375 0.16640625 0.021875 0.0578125
0 0.29375 0.13828125 0.05 0.0765625
0 0.38515625 0.553125 0.0796875 0.053125
0 0.4171875 0.09296875 0.15625 0.14921875
0 0.496875 0.3125 0.11328125 0.11796875
0 0.82421875 0.03984375 0.1921875 0.0796875
0 0.95234375 0.04765625 0.0953125 0.0953125
0 0.70859375 0.4390625 0.125 0.115625
0 0.13359375 0.74921875 0.1296875 0.1296875
0 0.06484375 0.81875 0.0796875 0.0796875
0 0.15625 0.85546875 0.3125 0.2890625
0 0.2765625 0.60703125 0.084375 0.0546875
0 0.24375 0.64375 0.06484375 0.0671875
0 0.16484375 0.60703125 0.0578125 0.0546875
0 0.2796875 0.8578125 0.06953125 0.06953125
0 0.2546875 0.9546875 0.040625 0.040625
0 0.10546875 0.5984375 0.0484375 0.0375
0 0.8921875 0.59765625 0.128125 0.0359375
0 0.64140625 0.78984375 0.6453125 0.4203125