0 0.5046875 0.03984375 0.06875 0.0796875
0 0.41953125 0.02890625 0.0765625 0.0578125
0 0.3453125 0.01953125 0.071875 0.0390625
0 0.17734375 0.028125 0.1078125 0.05625
0 0.28359375 0.109375 0.05546875 0.0765625
0 0.328125 0.11171875 0.0578125 0.0765625
0 0.42578125 0.1796875 0.0984375 0.09375
0 0.48671875 0.2125 0.1046875 0.11875
0 0.40390625 0.315625 0.1390625 0.165625
0 0.36328125 0.4234375 0.0953125 0.13125
0 0.25859375 0.434375 0.1109375 0.109375
0 0.22265625 0.359375 0.084375 0.084375
0 0.22109375 0.2109375 0.0890625 0.1203125
0 0.13203125 0.15625 0.0765625 0.09375
0 0.51171875 0.44296875 0.0546875 0.0921875
0 0.10234375 0.4671875 0.0734375 0.04375
0 0.5640625 0.18671875 0.05 0.0796875
0 0.625 0.365625 0.1203125 0.09609375
0 0.9296875 0.01171875 0.05 0.0234375
0 0.84609375 0.13984375 0.06953125 0.0625
0 0.98984375 0.08203125 0.0203125 0.0453125
0 0.7890625 0.40625 0.0671875 0.07421875
0 0.35 0.90078125 0.05078125 0.06484375
0 0.221875 0.6078125 0.103125 0.103125
0 0.11484375 0.53046875 0.1328125 0.0828125
0 0.328125 0.5234375 0.084375 0.06875
0 0.3984375 0.5015625 0.075 0.025
0 0.43984375 0.4984375 0.0484375 0.01875
0 0.27109375 0.9890625 0.1109375 0.021875
0 0.63046875 0.7296875 0.0890625 0.0890625
0 0.5546875 0.85078125 0.03125 0.0765625
0 0.65 0.959375 0.146875 0.08125
0 0.77109375 0.93828125 0.05546875 0.06015625
0 0.88671875 0.915625 0.0359375 0.0453125
0 0.84453125 0.78671875 0.0484375 0.0484375
0 0.93984375 0.70625 0.08203125 0.07421875
0 0.6953125 0.53671875 0.05078125 0.0484375
0 0.74453125 0.56328125 0.040625 0.0453125