0 0.3265625 0.38046875 0.1375 0.1171875
0 0.36015625 0.28046875 0.09140625 0.14921875
0 0.471875 0.240625 0.1078125 0.14921875
0 0.5046875 0.340625 0.05 0.0875
0 0.17109375 0.26328125 0.09375 0.1296875
0 0.04375 0.28125 0.06484375 0.0796875
0 0.05234375 0.19140625 0.0671875 0.0625
0 0.13203125 0.10234375 0.053125 0.06015625
0 0.47109375 0.0375 0.0734375 0.075
0 0.56640625 0.01328125 0.0734375 0.0265625
0 0.82734375 0.28984375 0.09140625 0.10078125
0 0.984375 0.275 0.03125 0.071875
0 0.91171875 0.20703125 0.0578125 0.0796875
0 0.7265625 0.12890625 0.071875 0.053125
0 0.09609375 0.85390625 0.103125 0.0890625
0 0.50625 0.93203125 0.046875 0.0609375
0 0.259375 0.875 0.09140625 0.0671875
0 0.353125 0.934375 0.0671875 0.05078125
0 0.346875 0.81171875 0.0578125 0.053125
0 0.29765625 0.5484375 0.1078125 0.053125
0 0.321875 0.703125 0.053125 0.0578125
0 0.93046875 0.82890625 0.13671875 0.13671875
0 0.88125 0.58828125 0.08671875 0.08671875
0 0.859375 0.65234375 0.084375 0.084375
0 0.7734375 0.6328125 0.12265625 0.125
0 0.54765625 0.76171875 0.0359375 0.0984375
0 0.96640625 0.9265625 0.0671875 0.090625
0 0.978125 0.4484375 0.04375 0.01875