0 0.38203125 0.0703125 0.0953125 0.1375
0 0.1640625 0.14375 0.071875 0.0765625
0 0.08359375 0.221875 0.0671875 0.07421875
0 0.01875 0.09296875 0.0375 0.0859375
0 0.0140625 0.28828125 0.028125 0.0828125
0 0.09296875 0.3625 0.071875 0.071875
0 0.03671875 0.50078125 0.0734375 0.0765625
0 0.23984375 0.50703125 0.0671875 0.0640625
0 0.29375 0.2265625 0.0671875 0.084375
0 0.64453125 0.096875 0.2140625 0.19375
0 0.765625 0.31171875 0.09140625 0.0796875
0 0.74296875 0.246875 0.07421875 0.09140625
0 0.44140625 0.021875 0.0234375 0.04375
0 0.96875 0.51484375 0.0625 0.0484375
0 0.86171875 0.45859375 0.07421875 0.071875
0 0.96796875 0.33984375 0.0640625 0.0828125
0 0.6296875 0.46796875 0.0578125 0.0625
0 0.75234375 0.44140625 0.06484375 0.0578125
0 0.75625 0.50859375 0.071875 0.0609375
0 0.6484375 0.5109375 0.13125 0.05625
0 0.44375 0.0703125 0.028125 0.065625
0 0.25078125 0.94921875 0.0765625 0.084375
0 0.01484375 0.9734375 0.0296875 0.053125
0 0.97734375 0.8265625 0.0453125 0.071875
0 0.94140625 0.73203125 0.07421875 0.0765625
0 0.63828125 0.8265625 0.08671875 0.0890625
0 0.64609375 0.9734375 0.0890625 0.053125
0 0.5625 0.88046875 0.0671875 0.06953125
0 0.58203125 0.68515625 0.08671875 0.08671875
0 0.7265625 0.5765625 0.07421875 0.0671875
0 0.671875 0.671875 0.0765625 0.0765625
0 0.83203125 0.55 0.0671875 0.021875
0 0.57734375 0.55859375 0.0859375 0.0390625
0 0.975 0.97265625 0.05 0.0546875
0 0.83828125 0.953125 0.1296875 0.09375
0 0.54140625 0.97734375 0.0671875 0.0453125
0 0.52890625 0.9359375 0.0625 0.06015625