0 0.06171875 0.21015625 0.0890625 0.08203125
0 0.178125 0.2078125 0.0625 0.0796875
0 0.24375 0.2171875 0.06015625 0.053125
0 0.303125 0.15859375 0.0484375 0.07421875
0 0.41171875 0.21484375 0.071875 0.07421875
0 0.0515625 0.334375 0.103125 0.134375
0 0.26953125 0.4046875 0.071875 0.0765625
0 0.34921875 0.48203125 0.06484375 0.07421875
0 0.42734375 0.35703125 0.0671875 0.084375
0 0.43359375 0.5484375 0.0578125 0.0796875
0 0.33984375 0.6203125 0.071875 0.071875
0 0.1421875 0.48671875 0.06484375 0.08203125
0 0.64609375 0.01328125 0.0890625 0.0265625
0 0.596875 0.1515625 0.24375 0.2375
0 0.6546875 0.3578125 0.0578125 0.06484375
0 0.596875 0.43984375 0.0453125 0.05078125
0 0.675 0.54296875 0.0578125 0.06953125
0 0.57109375 0.63671875 0.0734375 0.0640625
0 0.80625 0.6421875 0.084375 0.053125
0 0.75234375 0.6578125 0.0671875 0.021875
0 0.77734375 0.48046875 0.1171875 0.2515625
0 0.978125 0.134375 0.04375 0.134375
0 0.0421875 0.9015625 0.084375 0.090625
0 0.0953125 0.9171875 0.071875 0.071875
0 0.196875 0.91328125 0.08203125 0.08203125
0 0.340625 0.89921875 0.053125 0.053125
0 0.23125 0.72109375 0.0671875 0.0671875
0 0.7 0.96328125 0.0375 0.0734375
0 0.653125 0.959375 0.05078125 0.05078125
0 0.3359375 0.7796875 0.0796875 0.0796875
0 0.38125 0.79296875 0.115625 0.115625
0 0.44921875 0.975 0.0578125 0.05
0 0.47109375 0.99140625 0.0578125 0.0171875
0 0.62421875 0.75 0.09140625 0.09140625
0 0.59921875 0.81484375 0.1078125 0.1078125
0 0.4828125 0.8609375 0.0625 0.0625
0 0.69375 0.85 0.05 0.0625
0 0.9296875 0.97421875 0.0875 0.0515625
0 0.925 0.6953125 0.06953125 0.04296875
0 0.8328125 0.68203125 0.053125 0.0265625
0 0.73203125 0.69765625 0.0265625 0.0578125
0 0.78984375 0.921875 0.06015625 0.0625
0 0.85234375 0.9828125 0.0484375 0.034375