0 0.10234375 0.4296875 0.1390625 0.1390625
0 0.053125 0.29375 0.10625 0.115625
0 0.35703125 0.74921875 0.0890625 0.0203125
0 0.20859375 0.5609375 0.115625 0.11328125
0 0.2375 0.6703125 0.084375 0.084375
0 0.31796875 0.5765625 0.0796875 0.0796875
0 0.465625 0.35078125 0.11796875 0.115625
0 0.55625 0.27265625 0.065625 0.1015625
0 0.13203125 0.74140625 0.0953125 0.0359375
0 0.37421875 0.48046875 0.0796875 0.0796875
0 0.6359375 0.721875 0.09375 0.075
0 0.859375 0.5953125 0.08671875 0.1078125
0 0.20859375 0.896875 0.3828125 0.20625
0 0.32890625 0.7984375 0.0796875 0.078125
0 0.334375 0.86953125 0.053125 0.0765625
0 0.5625 0.78125 0.053125 0.04375
0 0.56171875 0.85625 0.0453125 0.0578125
0 0.42890625 0.76796875 0.0484375 0.0171875
0 0.015625 0.83984375 0.03125 0.0859375