0 0.23984375 0.17265625 0.103125 0.0890625
0 0.11015625 0.2328125 0.08671875 0.07421875
0 0.403125 0.1515625 0.09140625 0.0671875
0 0.48125 0.09140625 0.0375 0.0515625
0 0.48046875 0.2140625 0.0390625 0.053125
0 0.44140625 0.478125 0.1078125 0.053125
0 0.465625 0.6015625 0.06875 0.05625
0 0.465625 0.3234375 0.053125 0.0578125
0 0.74765625 0.33671875 0.1921875 0.18515625
0 0.77421875 0.128125 0.1609375 0.16328125
0 0.84453125 0.034375 0.0703125 0.06875
0 0.928125 0.375 0.06015625 0.0578125
0 0.53828125 0.621875 0.0578125 0.015625
0 0.615625 0.50625 0.0625 0.0625
0 0.0421875 0.834375 0.084375 0.159375
0 0.3609375 0.81015625 0.115625 0.12734375
0 0.8984375 0.92578125 0.203125 0.1484375
0 0.7421875 0.85078125 0.13203125 0.12734375
0 0.5109375 0.8640625 0.021875 0.071875