0 0.109375 0.15390625 0.1109375 0.05546875
0 0.0875 0.2859375 0.07421875 0.071875
0 0.0796875 0.01484375 0.053125 0.0296875
0 0.81484375 0.225 0.3703125 0.45
0 0.60546875 0.97890625 0.0484375 0.0421875
0 0.5578125 0.96796875 0.05546875 0.06015625
0 0.378125 0.85859375 0.05546875 0.06015625
0 0.5375 0.66640625 0.09140625 0.1109375
0 0.5515625 0.56484375 0.053125 0.06015625
0 0.50546875 0.509375 0.1078125 0.11875
0 0.04609375 0.93828125 0.0921875 0.1109375
0 0.759375 0.87265625 0.071875 0.06953125
0 0.89609375 0.596875 0.2078125 0.29375