0 0.55390625 0.06015625 0.0921875 0.1078125
0 0.1375 0.1171875 0.12734375 0.0984375
0 0.053125 0.221875 0.10078125 0.09609375
0 0.84140625 0.0140625 0.0546875 0.028125
0 0.81796875 0.25078125 0.0984375 0.09609375
0 0.96875 0.32734375 0.0625 0.0984375
0 0.96484375 0.4578125 0.0703125 0.1375
0 0.9421875 0.56171875 0.071875 0.0546875
0 0.71953125 0.55390625 0.1109375 0.0703125
0 0.96796875 0.1296875 0.0640625 0.1
0 0.7375 0.12109375 0.05546875 0.0671875
0 0.31015625 0.60625 0.0421875 0.034375
0 0.25078125 0.70078125 0.0453125 0.040625
0 0.18515625 0.9359375 0.02890625 0.03828125
0 0.18359375 0.88203125 0.0359375 0.02421875
0 0.19765625 0.99296875 0.0328125 0.0140625
0 0.0875 0.9171875 0.03828125 0.0578125
0 0.390625 0.990625 0.0625 0.01875
0 0.659375 0.82421875 0.11875 0.2546875
0 0.7453125 0.93828125 0.0625 0.08671875
0 0.84765625 0.81484375 0.06484375 0.071875
0 0.69140625 0.72109375 0.0578125 0.06015625