0 0.24765625 0.03828125 0.0828125 0.0765625
0 0.21796875 0.1296875 0.07421875 0.071875
0 0.08515625 0.171875 0.12734375 0.13203125
0 0.01484375 0.325 0.0296875 0.09375
0 0.02265625 0.41640625 0.0453125 0.0671875
0 0.69453125 0.225 0.6109375 0.45
0 0.2015625 0.55 0.0578125 0.06015625
0 0.26015625 0.7359375 0.06484375 0.06484375
0 0.0875 0.71015625 0.03828125 0.0671875
0 0.14453125 0.95 0.0453125 0.08203125
0 0.63515625 0.6484375 0.1421875 0.16328125
0 0.6625 0.80234375 0.0984375 0.1078125
0 0.7765625 0.93828125 0.09609375 0.103125
0 0.8046875 0.6578125 0.09375 0.10078125
0 0.89921875 0.721875 0.10078125 0.12265625
0 0.42890625 0.95859375 0.0796875 0.0828125
0 0.5078125 0.57890625 0.06953125 0.06953125
0 0.515625 0.68203125 0.0578125 0.0625