0 0.14765625 0.01015625 0.0828125 0.0203125
0 0.11796875 0.0734375 0.07421875 0.071875
0 0.02421875 0.11484375 0.0484375 0.1328125
0 0.21875 0.55625 0.09375 0.065625
0 0.3375 0.49296875 0.2625 0.1921875
0 0.4328125 0.40546875 0.071875 0.1046875
0 0.434375 0.21171875 0.06875 0.0890625
0 0.44453125 0.13203125 0.0484375 0.2046875
0 0.40546875 0.0578125 0.1265625 0.115625
0 0.1015625 0.5078125 0.125 0.14453125
0 0.96015625 0.01875 0.0796875 0.0375
0 0.79609375 0.0109375 0.0484375 0.021875
0 0.8765625 0.14296875 0.1109375 0.1203125
0 0.58984375 0.5671875 0.0828125 0.04375
0 0.85234375 0.3484375 0.0984375 0.06484375
0 0.45234375 0.87421875 0.0328125 0.1015625
0 0.234375 0.79453125 0.46875 0.4109375
0 0.871875 0.95234375 0.103125 0.0953125
0 0.73046875 0.76953125 0.134375 0.11796875
0 0.72109375 0.87421875 0.09375 0.1078125