0 0.58359375 0.39453125 0.0515625 0.0609375
0 0.528125 0.30390625 0.06953125 0.08671875
0 0.4234375 0.24296875 0.21640625 0.2328125
0 0.30703125 0.109375 0.0765625 0.0890625
0 0.3671875 0.09375 0.0796875 0.084375
0 0.23828125 0.10703125 0.06015625 0.071875
0 0.20234375 0.25 0.115625 0.13671875
0 0.10859375 0.4453125 0.0765625 0.028125
0 0.43203125 0.44765625 0.0453125 0.0234375
0 0.58828125 0.44765625 0.0421875 0.0234375
0 0.88828125 0.1078125 0.2234375 0.215625
0 0.7078125 0.35625 0.071875 0.0796875
0 0.71171875 0.19140625 0.08203125 0.0890625
0 0.84609375 0.44609375 0.0578125 0.0265625
0 0.878125 0.31875 0.0796875 0.0625
0 0.10390625 0.9140625 0.09375 0.09609375
0 0.28515625 0.8046875 0.1390625 0.14453125
0 0.59296875 0.8453125 0.0328125 0.1125
0 0.2453125 0.49609375 0.090625 0.0734375
0 0.0515625 0.8109375 0.103125 0.11875
0 0.15078125 0.6734375 0.06484375 0.0671875
0 0.9375 0.81953125 0.125 0.3609375
0 0.6265625 0.68984375 0.034375 0.0765625
0 0.7859375 0.47421875 0.084375 0.0296875
0 0.928125 0.61875 0.07421875 0.07421875