0 0.45390625 0.0234375 0.0796875 0.046875
0 0.51015625 0.07578125 0.06953125 0.06953125
0 0.61015625 0.06640625 0.0796875 0.1296875
0 0.28125 0.29375 0.08671875 0.08671875
0 0.18515625 0.2546875 0.2015625 0.2015625
0 0.25546875 0.140625 0.13671875 0.1390625
0 0.10703125 0.1578125 0.1203125 0.1203125
0 0.06796875 0.3828125 0.1046875 0.071875
0 0.13046875 0.4046875 0.0609375 0.028125
0 0.95703125 0.34375 0.0859375 0.15
0 0.9375 0.171875 0.1203125 0.1109375
0 0.9875 0.11640625 0.025 0.0828125
0 0.77890625 0.14921875 0.1078125 0.1109375
0 0.67578125 0.3859375 0.0515625 0.065625
0 0.7078125 0.25390625 0.0796875 0.084375
0 0.346875 0.87890625 0.10546875 0.115625
0 0.06328125 0.51015625 0.1265625 0.1453125
0 0.29765625 0.5484375 0.09609375 0.09375
0 0.4578125 0.83984375 0.07421875 0.071875
0 0.15390625 0.971875 0.1296875 0.05625
0 0.98203125 0.79375 0.0359375 0.09375
0 0.9890625 0.62109375 0.021875 0.0953125
0 0.975 0.50703125 0.05 0.1203125
0 0.9515625 0.44609375 0.0875 0.0546875