0 0.24765625 0.18359375 0.0640625 0.0890625
0 0.2359375 0.45390625 0.0875 0.1640625
0 0.2484375 0.57109375 0.0625 0.0953125
0 0.04140625 0.559375 0.0828125 0.115625
0 0.00625 0.5171875 0.0125 0.059375
0 0.00859375 0.3921875 0.0171875 0.071875
0 0.11015625 0.38828125 0.09140625 0.08671875
0 0.15234375 0.3375 0.053125 0.0484375
0 0.18984375 0.17890625 0.0625 0.071875
0 0.16640625 0.05390625 0.1234375 0.1078125
0 0.5734375 0.0171875 0.1 0.034375
0 0.4109375 0.015625 0.071875 0.03125
0 0.6703125 0.08125 0.10078125 0.06953125
0 0.86171875 0.07578125 0.0796875 0.0765625
0 0.9765625 0.1453125 0.046875 0.071875
0 0.96171875 0.41015625 0.0765625 0.0953125
0 0.8953125 0.5578125 0.09375 0.11796875
0 0.9609375 0.578125 0.053125 0.053125
0 0.65703125 0.50078125 0.071875 0.10546875
0 0.753125 0.41171875 0.04296875 0.06484375
0 0.07578125 0.8875 0.0578125 0.04296875
0 0.128125 0.8296875 0.084375 0.1515625
0 0.10546875 0.67265625 0.2109375 0.1078125
0 0.2703125 0.95859375 0.01875 0.0671875
0 0.259375 0.8125 0.040625 0.053125
0 0.9703125 0.9625 0.059375 0.075
0 0.81171875 0.88046875 0.103125 0.103125
0 0.69375 0.85390625 0.08203125 0.0890625
0 0.6234375 0.78203125 0.1203125 0.146875
0 0.4640625 0.8265625 0.10546875 0.0796875
0 0.4828125 0.71484375 0.07421875 0.08203125
0 0.61171875 0.978125 0.0671875 0.04375
0 0.35703125 0.98515625 0.0453125 0.0296875
0 0.3609375 0.9375 0.06953125 0.0578125
0 0.3421875 0.671875 0.0578125 0.0359375
0 0.99296875 0.859375 0.0140625 0.0625