0 0.3390625 0.38515625 0.209375 0.0671875
0 0.23203125 0.30703125 0.071875 0.08203125
0 0.3 0.30078125 0.0765625 0.0765625
0 0.37734375 0.13046875 0.0671875 0.06484375
0 0.33046875 0.04921875 0.1734375 0.0984375
0 0.01015625 0.02578125 0.0203125 0.0515625
0 0.12578125 0.0546875 0.08671875 0.07421875
0 0.15859375 0.11796875 0.05078125 0.04296875
0 0.15859375 0.29609375 0.05546875 0.0671875
0 0.09609375 0.39453125 0.1078125 0.0484375
0 0.6109375 0.3859375 0.0875 0.065625
0 0.66484375 0.34296875 0.0625 0.0625
0 0.66640625 0.384375 0.0765625 0.06875
0 0.71328125 0.33828125 0.0453125 0.0484375
0 0.75 0.3546875 0.07421875 0.0796875
0 0.90625 0.1578125 0.0890625 0.09375
0 0.971875 0.153125 0.05625 0.084375
0 0.98359375 0.10625 0.0328125 0.065625
0 0.9984375 0.04375 0.003125 0.071875
0 0.9484375 0.08671875 0.0984375 0.10546875
0 0.93359375 0.01953125 0.0796875 0.0390625
0 0.85546875 0.03359375 0.0734375 0.0671875
0 0.73125 0.0484375 0.1375 0.096875
0 0.6171875 0.05546875 0.125 0.1109375
0 0.13828125 0.846875 0.18984375 0.21171875
0 0.0765625 0.68359375 0.09375 0.09375
0 0.22421875 0.68359375 0.11796875 0.1203125
0 0.39453125 0.4359375 0.1203125 0.034375
0 0.49921875 0.87421875 0.0609375 0.0796875
0 0.97109375 0.90625 0.0578125 0.1875
0 0.97109375 0.8421875 0.0578125 0.06875
0 0.64921875 0.46796875 0.1203125 0.0984375
0 0.5921875 0.675 0.10078125 0.103125
0 0.84296875 0.6484375 0.071875 0.0796875
0 0.8234375 0.5765625 0.071875 0.07421875
0 0.91640625 0.54140625 0.103125 0.11328125
0 0.54140625 0.42734375 0.0796875 0.0171875
0 0.5171875 0.54609375 0.06015625 0.0671875
0 0.846875 0.85625 0.0453125 0.0453125
0 0.6890625 0.9828125 0.0625 0.034375
0 0.6234375 0.9765625 0.059375 0.046875
0 0.55546875 0.9546875 0.06484375 0.0578125