0 0.21640625 0.328125 0.1328125 0.0625
0 0.075 0.2921875 0.134375 0.134375
0 0.42578125 0.0453125 0.0796875 0.08671875
0 0.24140625 0.02421875 0.0765625 0.0484375
0 0.13359375 0.15234375 0.103125 0.11796875
0 0.2890625 0.25078125 0.06484375 0.0890625
0 0.784375 0.24375 0.43125 0.23125
0 0.734375 0.18515625 0.25 0.2546875
0 0.61015625 0.26484375 0.1421875 0.1515625
0 0.47265625 0.4640625 0.0984375 0.103125
0 0.5015625 0.38359375 0.0625 0.0484375
0 0.365625 0.6375 0.08203125 0.0796875
0 0.62890625 0.584375 0.115625 0.115625
0 0.7078125 0.546875 0.115625 0.115625
0 0.61171875 0.69453125 0.1109375 0.1109375
0 0.60625 0.8953125 0.1203125 0.1203125
0 0.66015625 0.8296875 0.1078125 0.1078125
0 0.72578125 0.78828125 0.115625 0.115625
0 0.82734375 0.87265625 0.22109375 0.22109375
0 0.965625 0.740625 0.06875 0.1125
0 0.94296875 0.49296875 0.1140625 0.1609375
0 0.78359375 0.57578125 0.1734375 0.1734375