0 0.34609375 0.0984375 0.0796875 0.08671875
0 0.30625 0.18359375 0.0796875 0.084375
0 0.28203125 0.27734375 0.09140625 0.09375
0 0.2640625 0.37578125 0.06953125 0.09140625
0 0.40703125 0.284375 0.08203125 0.09140625
0 0.5 0.13203125 0.01875 0.0765625
0 0.21640625 0.48984375 0.0984375 0.0390625
0 0.17421875 0.4203125 0.06015625 0.0765625
0 0.59375 0.209375 0.1078125 0.08203125
0 0.57578125 0.303125 0.0671875 0.084375
0 0.61328125 0.45390625 0.0578125 0.053125
0 0.8484375 0.49453125 0.03125 0.0296875
0 0.159375 0.8578125 0.0890625 0.0671875
0 0.20078125 0.9890625 0.0828125 0.021875
0 0.2515625 0.5171875 0.053125 0.015625
0 0.30234375 0.675 0.071875 0.07421875
0 0.10390625 0.72265625 0.0578125 0.0671875
0 0.084375 0.94296875 0.05546875 0.0578125
0 0.95390625 0.90234375 0.0921875 0.1953125
0 0.803125 0.59375 0.06484375 0.06953125
0 0.86328125 0.671875 0.0796875 0.10078125
0 0.8140625 0.6703125 0.0484375 0.06484375
0 0.98828125 0.66328125 0.0234375 0.0515625
0 0.67578125 0.6140625 0.071875 0.06953125
0 0.63515625 0.55703125 0.040625 0.05078125
0 0.6015625 0.73671875 0.03828125 0.040625
0 0.615625 0.7734375 0.06484375 0.06953125
0 0.58828125 0.84609375 0.0484375 0.0484375
0 0.56875 0.8015625 0.0578125 0.0625
0 0.54609375 0.8671875 0.03359375 0.03828125
0 0.5203125 0.865625 0.021875 0.0625
0 0.9171875 0.79765625 0.0765625 0.0578125