0 0.54140625 0.4015625 0.0640625 0.034375
0 0.58828125 0.1 0.0890625 0.08671875
0 0.1171875 0.31875 0.1078125 0.11796875
0 0.03828125 0.32734375 0.0765625 0.1234375
0 0.23671875 0.409375 0.0765625 0.01875
0 0.4796875 0.275 0.06484375 0.07421875
0 0.26015625 0.24140625 0.06953125 0.0765625
0 0.18828125 0.1671875 0.12265625 0.125
0 0.11015625 0.15625 0.06953125 0.0765625
0 0.03671875 0.15390625 0.06953125 0.071875
0 0.3625 0.1578125 0.06015625 0.06015625
0 0.4453125 0.21875 0.06015625 0.0578125
0 0.384375 0.06171875 0.1625 0.1234375
0 0.26953125 0.1 0.0890625 0.07421875
0 0.9140625 0.39765625 0.171875 0.0421875
0 0.94296875 0.36640625 0.0625 0.06015625
0 0.87734375 0.1046875 0.09140625 0.0796875
0 0.72890625 0.0296875 0.0671875 0.059375
0 0.21875 0.5953125 0.16328125 0.16796875
0 0.015625 0.878125 0.03125 0.125
0 0.13125 0.8359375 0.0671875 0.06484375
0 0.22109375 0.9515625 0.0984375 0.096875
0 0.10390625 0.98515625 0.0953125 0.0296875
0 0.35 0.903125 0.0796875 0.08203125
0 0.496875 0.890625 0.084375 0.07421875
0 0.540625 0.90390625 0.071875 0.06953125
0 0.58203125 0.91953125 0.09375 0.09375
0 0.575 0.971875 0.103125 0.05625
0 0.44453125 0.5640625 0.1109375 0.1078125
0 0.31171875 0.459375 0.0984375 0.08125
0 0.55078125 0.45234375 0.0984375 0.0671875
0 0.64140625 0.4671875 0.0359375 0.08125
0 0.52421875 0.58203125 0.09375 0.09609375
0 0.89453125 0.78359375 0.15390625 0.15859375
0 0.8265625 0.68984375 0.1203125 0.13671875
0 0.925 0.53046875 0.15 0.2234375
0 0.9625 0.909375 0.075 0.0875
0 0.93984375 0.940625 0.1203125 0.11875
0 0.72265625 0.984375 0.0921875 0.03125
0 0.78125 0.91328125 0.10078125 0.11328125
0 0.7390625 0.8078125 0.09609375 0.09375
0 0.80078125 0.47578125 0.2234375 0.1140625
0 0.83671875 0.978125 0.0859375 0.04375
0 0.684375 0.88125 0.05 0.115625
0 0.68671875 0.95390625 0.0546875 0.0921875
0 0.7140625 0.62890625 0.07421875 0.0765625
0 0.75625 0.61875 0.05078125 0.05546875
0 0.69375 0.75625 0.06875 0.071875