0 0.171875 0.25625 0.1 0.025
0 0.41796875 0.02890625 0.0234375 0.0578125
0 0.39140625 0.053125 0.0765625 0.08125
0 0.3609375 0.02265625 0.071875 0.0453125
0 0.10859375 0.17890625 0.2140625 0.1796875
0 0.0390625 0.13359375 0.078125 0.1140625
0 0.0234375 0.20390625 0.046875 0.1171875
0 0.06875 0.0984375 0.08671875 0.08671875
0 0.2328125 0.08671875 0.0765625 0.0765625
0 0.29921875 0.1453125 0.08203125 0.084375
0 0.378125 0.17421875 0.0671875 0.06484375
0 0.334375 0.25859375 0.05625 0.0203125
0 0.86484375 0.12578125 0.08203125 0.08203125
0 0.9328125 0.02421875 0.05625 0.0484375
0 0.440625 0.02265625 0.021875 0.0453125
0 0.478125 0.115625 0.0578125 0.0578125
0 0.6984375 0.06640625 0.5375 0.1328125
0 0.21484375 0.5078125 0.4296875 0.478125
0 0.06640625 0.91640625 0.1203125 0.1203125
0 0.02109375 0.6375 0.0421875 0.165625
0 0.6328125 0.546875 0.17578125 0.165625
0 0.81171875 0.453125 0.146875 0.1515625
0 0.9828125 0.65234375 0.034375 0.0546875
0 0.92578125 0.45859375 0.06015625 0.0671875
0 0.753125 0.94140625 0.053125 0.0578125
0 0.865625 0.96171875 0.05078125 0.05546875
0 0.6984375 0.71171875 0.05546875 0.05078125
0 0.50625 0.940625 0.0765625 0.0671875
0 0.44296875 0.53515625 0.0265625 0.0578125
0 0.44140625 0.98046875 0.0234375 0.0390625
0 0.9890625 0.77421875 0.021875 0.0484375
0 0.90390625 0.3296875 0.0484375 0.05078125
0 0.45 0.27578125 0.040625 0.0140625
0 0.9328125 0.96171875 0.05546875 0.06015625