0 0.3296875 0.06796875 0.01875 0.1015625
0 0.28125 0.0703125 0.10078125 0.12734375
0 0.29609375 0.1953125 0.0859375 0.125
0 0.221875 0.23984375 0.146875 0.14453125
0 0.13671875 0.24453125 0.0796875 0.115625
0 0.12734375 0.03515625 0.07421875 0.0578125
0 0.0390625 0.08359375 0.078125 0.1609375
0 0.02265625 0.25546875 0.0453125 0.0796875
0 0.08515625 0.34296875 0.053125 0.0578125
0 0.140625 0.37890625 0.06953125 0.0796875
0 0.303125 0.3 0.071875 0.071875
0 0.27578125 0.4078125 0.1265625 0.1625
0 0.24140625 0.47890625 0.0890625 0.0203125
0 0.1828125 0.453125 0.08125 0.071875
0 0.0625 0.4078125 0.06953125 0.0625
0 0.015625 0.42578125 0.03125 0.0484375
0 0.534375 0.07578125 0.259375 0.1515625
0 0.36875 0.01875 0.059375 0.0375
0 0.84453125 0.18125 0.125 0.1421875
0 0.72890625 0.01640625 0.0765625 0.0328125
0 0.4546875 0.20078125 0.053125 0.053125
0 0.54765625 0.2140625 0.03828125 0.04296875
0 0.34765625 0.45234375 0.0171875 0.0546875
0 0.65 0.46875 0.059375 0.040625
0 0.7015625 0.47734375 0.053125 0.0234375
0 0.74921875 0.38359375 0.03359375 0.053125
0 0.92109375 0.309375 0.06015625 0.05546875
0 0.90703125 0.0203125 0.0578125 0.040625
0 0.83828125 0.03046875 0.04296875 0.0484375
0 0.31484375 0.86484375 0.0484375 0.1390625
0 0.25390625 0.60546875 0.1703125 0.2171875
0 0.86484375 0.865625 0.1515625 0.15859375
0 0.43125 0.8296875 0.184375 0.1625
0 0.64765625 0.63515625 0.6171875 0.2921875
0 0.66640625 0.95390625 0.1078125 0.0921875
0 0.3546875 0.6828125 0.03125 0.0625
0 0.9828125 0.74609375 0.034375 0.0546875
0 0.97421875 0.52109375 0.0515625 0.0515625
0 0.9484375 0.9921875 0.075 0.015625