0 0.30859375 0.48359375 0.1265625 0.0515625
0 0.2140625 0.45625 0.146875 0.10625
0 0.12890625 0.4609375 0.0796875 0.096875
0 0.01875 0.45859375 0.0375 0.0796875
0 0.07734375 0.37265625 0.053125 0.0578125
0 0.1328125 0.33671875 0.06953125 0.0796875
0 0.29921875 0.41484375 0.0796875 0.071875
0 0.2046875 0.04765625 0.0875 0.0953125
0 0.11015625 0.04140625 0.0859375 0.0828125
0 0.2828125 0.30390625 0.15390625 0.1703125
0 0.23359375 0.2046875 0.0890625 0.08203125
0 0.17578125 0.25390625 0.08203125 0.0890625
0 0.1640625 0.171875 0.0625 0.06484375
0 0.2921875 0.19375 0.0625 0.06484375
0 0.4453125 0.25703125 0.0578125 0.0578125
0 0.47734375 0.3390625 0.06015625 0.0625
0 0.0546875 0.3078125 0.06953125 0.0625
0 0.01171875 0.28984375 0.0234375 0.0484375
0 0.45234375 0.4734375 0.03828125 0.0453125
0 0.3625 0.01953125 0.05625 0.0390625
0 0.03515625 0.0359375 0.0703125 0.071875
0 0.79375 0.13125 0.25234375 0.25234375
0 0.68984375 0.04140625 0.1859375 0.0828125
0 0.94765625 0.06953125 0.10078125 0.09609375
0 0.29375 0.9078125 0.12734375 0.12265625
0 0.39921875 0.97578125 0.0890625 0.0484375
0 0.440625 0.575 0.128125 0.13125
0 0.60078125 0.5640625 0.08203125 0.0796875
0 0.6390625 0.53203125 0.053125 0.0453125
0 0.753125 0.565625 0.053125 0.0484375
0 0.5484375 0.99140625 0.078125 0.0171875
0 0.75078125 0.840625 0.07421875 0.09140625
0 0.79765625 0.9078125 0.0671875 0.0765625
0 0.86015625 0.975 0.0796875 0.05
0 0.85390625 0.6921875 0.0765625 0.08671875
0 0.9203125 0.67109375 0.07421875 0.06484375
0 0.97734375 0.80546875 0.0453125 0.0671875
0 0.68125 0.66328125 0.06484375 0.06015625