0 0.43671875 0.13125 0.0453125 0.1875
0 0.3546875 0.07421875 0.09609375 0.09140625
0 0.2328125 0.26328125 0.06953125 0.0796875
0 0.01484375 0.225 0.0296875 0.08125
0 0.10546875 0.1359375 0.0671875 0.06484375
0 0.19609375 0.203125 0.06484375 0.06015625
0 0.13359375 0.04921875 0.1734375 0.0984375
0 0.0265625 0.07265625 0.053125 0.0796875
0 0.978125 0.19765625 0.04375 0.1078125
0 0.84921875 0.1796875 0.1421875 0.1421875
0 0.75 0.14453125 0.1078125 0.11328125
0 0.63203125 0.1921875 0.13203125 0.134375
0 0.59375 0.29921875 0.08125 0.0796875
0 0.47578125 0.08203125 0.0328125 0.1296875
0 0.6921875 0.021875 0.115625 0.04375
0 0.4296875 0.9140625 0.059375 0.153125
0 0.3625 0.99375 0.0625 0.0125
0 0.1796875 0.834375 0.10078125 0.103125
0 0.24375 0.865625 0.071875 0.06953125
0 0.23828125 0.7984375 0.0765625 0.071875
0 0.190625 0.96484375 0.090625 0.0703125
0 0.33828125 0.61796875 0.103125 0.10078125
0 0.90859375 0.696875 0.1828125 0.528125
0 0.89375 0.3546875 0.134375 0.03125
0 0.65 0.35078125 0.1125 0.0234375
0 0.6078125 0.4234375 0.0984375 0.09609375
0 0.915625 0.50625 0.09140625 0.09375
0 0.8359375 0.721875 0.08203125 0.084375
0 0.7828125 0.78671875 0.103125 0.1078125
0 0.93125 0.93046875 0.11796875 0.1109375
0 0.54921875 0.8703125 0.1796875 0.259375
0 0.5 0.57578125 0.08125 0.3046875
0 0.7703125 0.57265625 0.103125 0.103125
0 0.7640625 0.6671875 0.0796875 0.08203125