0 0.6921875 0.08828125 0.034375 0.0765625
0 0.47265625 0.134375 0.06484375 0.0796875
0 0.4546875 0.24609375 0.07421875 0.0796875
0 0.4953125 0.42109375 0.196875 0.0953125
0 0.309375 0.228125 0.07421875 0.084375
0 0.19765625 0.21171875 0.10546875 0.1078125
0 0.22890625 0.4203125 0.06484375 0.06484375
0 0.3 0.4015625 0.05078125 0.053125
0 0.2078125 0.05703125 0.21875 0.1140625
0 0.63671875 0.31796875 0.1453125 0.2734375
0 0.93203125 0.321875 0.1203125 0.13671875
0 0.8546875 0.134375 0.0578125 0.0765625
0 0.984375 0.24140625 0.03125 0.0796875
0 0.2375 0.94609375 0.0796875 0.08203125
0 0.18828125 0.88359375 0.084375 0.0890625
0 0.31953125 0.59765625 0.09140625 0.0796875
0 0.96015625 0.8890625 0.0796875 0.221875
0 0.8953125 0.925 0.09609375 0.09609375
0 0.83203125 0.77421875 0.06015625 0.06015625
0 0.75234375 0.71328125 0.0859375 0.1109375
0 0.9046875 0.67109375 0.071875 0.0765625
0 0.93359375 0.5578125 0.07421875 0.071875
0 0.95390625 0.490625 0.0921875 0.04375