0 0.21328125 0.32890625 0.06953125 0.08203125
0 0.23125 0.4421875 0.0796875 0.0796875
0 0.3578125 0.421875 0.021875 0.084375
0 0.30703125 0.0984375 0.10078125 0.08203125
0 0.0921875 0.08046875 0.06953125 0.0765625
0 0.96171875 0.3 0.0765625 0.340625
0 0.9453125 0.4828125 0.109375 0.053125
0 0.77109375 0.42734375 0.14453125 0.14453125
0 0.6546875 0.4390625 0.159375 0.140625
0 0.4984375 0.38984375 0.1390625 0.1421875
0 0.51015625 0.2625 0.18046875 0.18046875
0 0.81171875 0.2453125 0.0765625 0.0765625
0 0.74921875 0.1734375 0.08671875 0.08671875
0 0.9390625 0.23984375 0.06015625 0.0625
0 0.89140625 0.16640625 0.0671875 0.0671875
0 0.9421875 0.1265625 0.115625 0.134375
0 0.93828125 0.0125 0.0734375 0.025
0 0.5921875 0.05390625 0.11875 0.1078125
0 0.5453125 0.1 0.0890625 0.0890625
0 0.6546875 0.13984375 0.0984375 0.0984375
0 0.70859375 0.0421875 0.08203125 0.08203125
0 0.76484375 0.0625 0.06015625 0.0625
0 0.78671875 0.10625 0.0625 0.06015625
0 0.80703125 0.04609375 0.0796875 0.0796875
0 0.8796875 0.05546875 0.07421875 0.07421875
0 0.4328125 0.0390625 0.103125 0.078125
0 0.1015625 0.7171875 0.09609375 0.06953125
0 0.0484375 0.52890625 0.059375 0.0390625
0 0.225 0.70859375 0.0578125 0.053125
0 0.17578125 0.74609375 0.06484375 0.06953125
0 0.35 0.92109375 0.0375 0.0546875
0 0.08203125 0.75078125 0.1640625 0.2953125
0 0.26484375 0.53203125 0.040625 0.04296875
0 0.125 0.92734375 0.03359375 0.03125
0 0.0109375 0.94765625 0.021875 0.0546875
0 0.515625 0.7171875 0.165625 0.1703125
0 0.43984375 0.79296875 0.0890625 0.09140625
0 0.3875 0.75546875 0.0375 0.1078125
0 0.9359375 0.5390625 0.096875 0.059375
0 0.98984375 0.771875 0.0203125 0.084375
0 0.578125 0.93359375 0.10546875 0.10546875
0 0.4953125 0.903125 0.0765625 0.0765625
0 0.50078125 0.97421875 0.0890625 0.0515625
0 0.5328125 0.534375 0.09375 0.05