0 0.284375 0.18125 0.11328125 0.103125
0 0.27890625 0.2375 0.03359375 0.05078125
0 0.24609375 0.03046875 0.1078125 0.0609375
0 0.10078125 0.1296875 0.12265625 0.125
0 0.0578125 0.39375 0.071875 0.071875
0 0.06953125 0.3171875 0.06015625 0.053125
0 0.4515625 0.365625 0.0625 0.06484375
0 0.48046875 0.30859375 0.06953125 0.0578125
0 0.5078125 0.0171875 0.021875 0.034375
0 0.371875 0.0421875 0.0875 0.084375
0 0.4484375 0.18828125 0.1390625 0.125
0 0.73828125 0.175 0.4390625 0.35
0 0.5015625 0.9234375 0.034375 0.096875
0 0.20625 0.86796875 0.103125 0.10546875
0 0.6078125 0.57109375 0.08671875 0.09609375
0 0.6984375 0.484375 0.08125 0.03125
0 0.95234375 0.84609375 0.0953125 0.1109375
0 0.63203125 0.6765625 0.0796875 0.07421875