0 0.02578125 0.203125 0.0515625 0.06875
0 0.14921875 0.33046875 0.10078125 0.10078125
0 0.11328125 0.4 0.0796875 0.0765625
0 0.0921875 0.28359375 0.0765625 0.0796875
0 0.475 0.41640625 0.115625 0.1046875
0 0.41875 0.3265625 0.1078125 0.1078125
0 0.4453125 0.2640625 0.06015625 0.0625
0 0.3625 0.18828125 0.10078125 0.0984375
0 0.4484375 0.15625 0.09375 0.09609375
0 0.60859375 0.30390625 0.09609375 0.10078125
0 0.63125 0.396875 0.1078125 0.1078125
0 0.65546875 0.146875 0.0796875 0.0796875
0 0.6328125 0.103125 0.0984375 0.10078125
0 0.4921875 0.00703125 0.06875 0.0140625
0 0.48671875 0.0421875 0.0921875 0.084375
0 0.35859375 0.08046875 0.08203125 0.084375
0 0.2875 0.07578125 0.08671875 0.09140625
0 0.8546875 0.06171875 0.290625 0.1234375
0 0.803125 0.228125 0.16328125 0.15625
0 0.8 0.15 0.18125 0.3
0 0.85625 0.36875 0.084375 0.0890625
0 0.8765625 0.45078125 0.09375 0.0359375
0 0.95703125 0.21953125 0.06484375 0.0671875
0 0.9734375 0.05 0.053125 0.071875
0 0.96640625 0.11015625 0.0671875 0.06953125
0 0.62421875 0.7765625 0.08203125 0.09375
0 0.53671875 0.553125 0.0578125 0.0484375
0 0.24765625 0.9265625 0.1671875 0.146875
0 0.62265625 0.96953125 0.1046875 0.0609375
0 0.678125 0.91796875 0.0625 0.1640625
0 0.3046875 0.653125 0.609375 0.36875
0 0.7390625 0.81015625 0.059375 0.0578125