0 0.375 0.490625 0.0875 0.128125
0 0.40078125 0.421875 0.0359375 0.0625
0 0.29375 0.0828125 0.09140625 0.10546875
0 0.3921875 0.0390625 0.053125 0.078125
0 0.10625 0.05625 0.084375 0.084375
0 0.2078125 0.2640625 0.071875 0.08203125
0 0.175 0.334375 0.0796875 0.06953125
0 0.05234375 0.37109375 0.07421875 0.08203125
0 0.05625 0.28515625 0.040625 0.05078125
0 0.071875 0.5484375 0.03359375 0.0625
0 0.00859375 0.559375 0.0171875 0.059375
0 0.2125 0.4828125 0.15625 0.15390625
0 0.4875 0.59296875 0.09375 0.0515625
0 0.628125 0.60390625 0.0625 0.0296875
0 0.62109375 0.5578125 0.06484375 0.0484375
0 0.8640625 0.60078125 0.071875 0.0359375
0 0.76015625 0.5 0.05546875 0.0765625
0 0.721875 0.5796875 0.03359375 0.053125
0 0.96171875 0.22734375 0.0765625 0.0796875
0 0.83515625 0.2609375 0.0625 0.0765625
0 0.82734375 0.06015625 0.1296875 0.1203125
0 0.425 0.1359375 0.0125 0.053125
0 0.73125 0.09296875 0.08671875 0.06484375
0 0.478125 0.28359375 0.05078125 0.0484375
0 0.0875 0.7125 0.175 0.1875
0 0.15390625 0.88828125 0.12265625 0.1203125
0 0.4609375 0.8609375 0.084375 0.15625
0 0.62421875 0.9390625 0.1390625 0.121875
0 0.74296875 0.98125 0.0671875 0.0375
0 0.7671875 0.9375 0.06484375 0.06015625
0 0.9046875 0.8015625 0.06484375 0.071875
0 0.7328125 0.81484375 0.06484375 0.06484375
0 0.865625 0.746875 0.0578125 0.0625
0 0.9140625 0.6859375 0.0578125 0.0625
0 0.82265625 0.65234375 0.0578125 0.0625
0 0.90703125 0.63359375 0.0765625 0.0296875