0 0.44921875 0.56953125 0.1390625 0.1703125
0 0.49453125 0.3140625 0.0484375 0.159375
0 0.20234375 0.709375 0.1109375 0.1
0 0.3234375 0.62578125 0.103125 0.125
0 0.121875 0.37578125 0.04296875 0.0765625
0 0.23359375 0.2953125 0.0578125 0.0578125
0 0.1671875 0.203125 0.09140625 0.0796875
0 0.9640625 0.28515625 0.071875 0.1359375
0 0.85078125 0.2015625 0.134375 0.1203125
0 0.8859375 0.09609375 0.0625 0.06484375
0 0.95546875 0.4234375 0.06953125 0.06953125
0 0.90390625 0.44609375 0.09609375 0.09140625
0 0.83125 0.48046875 0.09140625 0.09140625
0 0.665625 0.19921875 0.07421875 0.0796875
0 0.7296875 0.16015625 0.08203125 0.0765625
0 0.753125 0.0796875 0.0765625 0.071875
0 0.72578125 0.5765625 0.071875 0.0765625
0 0.5296875 0.50625 0.021875 0.071875
0 0.64765625 0.29453125 0.06484375 0.0625
0 0.62734375 0.696875 0.0890625 0.0890625
0 0.86484375 0.7265625 0.0828125 0.065625
0 0.99375 0.38515625 0.0125 0.0578125
0 0.90390625 0.01015625 0.0671875 0.0203125
0 0.7484375 0.35 0.04296875 0.040625
0 0.09375 0.8796875 0.1875 0.240625
0 0.25078125 0.93671875 0.06015625 0.08671875
0 0.303125 0.77734375 0.05 0.0359375
0 0.80234375 0.92578125 0.0625 0.040625
0 0.9078125 0.8515625 0.03828125 0.0359375
0 0.95234375 0.8140625 0.05078125 0.06484375
0 0.79609375 0.8453125 0.0453125 0.040625
0 0.85 0.85234375 0.04296875 0.04296875
0 0.715625 0.7984375 0.13125 0.078125
0 0.5359375 0.91328125 0.034375 0.0546875
0 0.5296875 0.97421875 0.021875 0.0453125
0 0.646875 0.91640625 0.05078125 0.040625