0 0.2390625 0.275 0.25703125 0.25234375
0 0.18828125 0.06015625 0.2671875 0.1203125
0 0.08203125 0.525 0.1640625 0.109375
0 0.13828125 0.40625 0.15859375 0.165625
0 0.79453125 0.10859375 0.11796875 0.14921875
0 0.4140625 0.0375 0.05 0.0625
0 0.45078125 0.18125 0.04296875 0.05546875
0 0.5515625 0.04921875 0.0578125 0.05078125
0 0.58046875 0.14921875 0.05078125 0.05546875
0 0.52734375 0.18125 0.0671875 0.071875
0 0.475 0.278125 0.09140625 0.0984375
0 0.4015625 0.25 0.025 0.0625
0 0.6046875 0.30625 0.09609375 0.11328125
0 0.43828125 0.36015625 0.0984375 0.0859375
0 0.45703125 0.52421875 0.0890625 0.0984375
0 0.39765625 0.5140625 0.0171875 0.0625
0 0.40546875 0.559375 0.0328125 0.040625
0 0.72109375 0.4484375 0.09609375 0.115625
0 0.75546875 0.55859375 0.0484375 0.0421875
0 0.9265625 0.38984375 0.040625 0.02890625
0 0.96171875 0.403125 0.05078125 0.040625
0 0.97578125 0.446875 0.0484375 0.040625
0 0.915625 0.5 0.0578125 0.040625
0 0.56875 0.5171875 0.05078125 0.0578125
0 0.9515625 0.1453125 0.0453125 0.0453125
0 0.9875 0.1265625 0.025 0.040625
0 0.57421875 0.396875 0.0265625 0.03828125
0 0.328125 0.721875 0.121875 0.23125
0 0.05859375 0.61171875 0.0671875 0.0640625
0 0.15546875 0.9859375 0.0640625 0.028125
0 0.27578125 0.93671875 0.06953125 0.08203125
0 0.2265625 0.73359375 0.0671875 0.0671875
0 0.43984375 0.67578125 0.1015625 0.1921875
0 0.63359375 0.71953125 0.4484375 0.2796875
0 0.940625 0.63125 0.11875 0.103125
0 0.91875 0.8609375 0.1625 0.165625
0 0.75234375 0.9125 0.3671875 0.175
0 0.49609375 0.8828125 0.165625 0.165625
0 0.7921875 0.59921875 0.059375 0.0390625
0 0.86875 0.6390625 0.09140625 0.09375
0 0.9265625 0.71953125 0.1078125 0.1078125
0 0.43203125 0.73984375 0.0859375 0.0984375
0 0.75703125 0.76015625 0.071875 0.071875