0 0.58984375 0.44765625 0.0984375 0.2234375
0 0.5140625 0.1828125 0.16328125 0.16796875
0 0.5640625 0.33125 0.15 0.165625
0 0.25546875 0.44453125 0.0796875 0.09140625
0 0.309375 0.546875 0.08125 0.025
0 0.02578125 0.2390625 0.0515625 0.09375
0 0.9171875 0.03125 0.10625 0.0625
0 0.97421875 0.2578125 0.0515625 0.103125
0 0.925 0.3671875 0.103125 0.10546875
0 0.9828125 0.43984375 0.034375 0.0609375
0 0.975 0.5359375 0.05 0.046875
0 0.884375 0.50859375 0.08671875 0.0890625
0 0.8359375 0.496875 0.10546875 0.10546875
0 0.73203125 0.43671875 0.11328125 0.1078125
0 0.71171875 0.52890625 0.0671875 0.0609375
0 0.68984375 0.34296875 0.1015625 0.1109375
0 0.81953125 0.06640625 0.06953125 0.06953125
0 0.8453125 0.02890625 0.08125 0.0578125
0 0.89765625 0.07109375 0.2046875 0.1421875
0 0.8546875 0.23984375 0.05078125 0.053125
0 0.55546875 0.6890625 0.084375 0.071875
0 0.03125 0.59453125 0.0625 0.0703125
0 0.4859375 0.75 0.0578125 0.07421875
0 0.8625 0.6 0.178125 0.08125
0 0.80390625 0.85 0.19453125 0.2015625