0 0.0265625 0.05 0.053125 0.1
0 0.37578125 0.015625 0.0453125 0.03125
0 0.0796875 0.38515625 0.04296875 0.0765625
0 0.03984375 0.528125 0.0796875 0.021875
0 0.39140625 0.34375 0.071875 0.0625
0 0.85859375 0.02578125 0.0796875 0.0515625
0 0.67109375 0.01875 0.0578125 0.0375
0 0.725 0.271875 0.03359375 0.03359375
0 0.9609375 0.33828125 0.04296875 0.0484375
0 0.7625 0.3625 0.053125 0.0484375
0 0.25625 0.98671875 0.071875 0.0265625
0 0.21796875 0.9640625 0.0765625 0.071875
0 0.28515625 0.91796875 0.0671875 0.07421875
0 0.3671875 0.95078125 0.0796875 0.07421875
0 0.40625 0.85703125 0.0890625 0.10078125
0 0.32265625 0.83203125 0.071875 0.07421875
0 0.24765625 0.74765625 0.0671875 0.0984375
0 0.07109375 0.79453125 0.0796875 0.08203125
0 0.13359375 0.7328125 0.07421875 0.07421875
0 0.44296875 0.71953125 0.0328125 0.0484375
0 0.31640625 0.69375 0.0578125 0.05078125
0 0.41796875 0.56875 0.0703125 0.059375
0 0.06171875 0.99296875 0.0578125 0.0140625
0 0.96484375 0.72265625 0.0265625 0.0359375
0 0.965625 0.66953125 0.03359375 0.02421875
0 0.9515625 0.78671875 0.03125 0.03125
0 0.775 0.79140625 0.0578125 0.0484375
0 0.65859375 0.83359375 0.0484375 0.0625
0 0.78203125 0.8671875 0.0484375 0.03125
0 0.72421875 0.89921875 0.040625 0.04296875
0 0.61953125 0.96875 0.03828125 0.0484375