0 0.3484375 0.14453125 0.04296875 0.0765625
0 0.23671875 0.225 0.0578125 0.0578125
0 0.303125 0.3171875 0.09140625 0.0796875
0 0.64140625 0.103125 0.0359375 0.0625
0 0.7609375 0.49765625 0.10078125 0.09375
0 0.72109375 0.378125 0.1234375 0.128125
0 0.68984375 0.23515625 0.0609375 0.1015625
0 0.78359375 0.253125 0.146875 0.1296875
0 0.81015625 0.16171875 0.1203125 0.0984375
0 0.903125 0.06875 0.09140625 0.084375
0 0.7140625 0.5421875 0.109375 0.034375
0 0.8921875 0.35 0.07421875 0.071875
0 0.99140625 0.38671875 0.0171875 0.0578125
0 0.98046875 0.28828125 0.0390625 0.0578125
0 0.3296875 0.7796875 0.659375 0.440625