0 0.21875 0.4390625 0.05625 0.021875
0 0.3828125 0.390625 0.0484375 0.05078125
0 0.28046875 0.2359375 0.0671875 0.0796875
0 0.91015625 0.01796875 0.0515625 0.0359375
0 0.95703125 0.1109375 0.0578125 0.05546875
0 0.83671875 0.3171875 0.0578125 0.0484375
0 0.659375 0.225 0.5 0.45
0 0.22890625 0.81875 0.071875 0.06953125
0 0.0984375 0.86171875 0.04296875 0.04296875
0 0.08984375 0.928125 0.03359375 0.02890625
0 0.78828125 0.8984375 0.06953125 0.09375
0 0.9765625 0.63046875 0.046875 0.0640625
0 0.440625 0.51015625 0.0625 0.1203125
0 0.71015625 0.81171875 0.0578125 0.053125