0 0.50703125 0.54765625 0.0640625 0.0640625
0 0.4984375 0.31484375 0.06484375 0.06953125
0 0.51015625 0.2453125 0.05078125 0.05546875
0 0.1109375 0.45546875 0.053125 0.05546875
0 0.1703125 0.503125 0.0625 0.053125
0 0.1546875 0.5671875 0.05625 0.025
0 0.053125 0.24609375 0.0625 0.07421875
0 0.60390625 0.53203125 0.1296875 0.0953125
0 0.6453125 0.48671875 0.06484375 0.06015625
0 0.62265625 0.36015625 0.0578125 0.0484375
0 0.734375 0.3703125 0.1828125 0.21171875
0 0.55 0.1984375 0.021875 0.071875
0 0.5875 0.16328125 0.040625 0.0453125
0 0.64921875 0.0234375 0.0421875 0.046875
0 0.9421875 0.46484375 0.0578125 0.05078125
0 0.95625 0.4125 0.04296875 0.04296875
0 0.8375 0.41953125 0.0453125 0.03828125
0 0.86796875 0.33984375 0.053125 0.053125
0 0.96015625 0.2859375 0.0578125 0.0484375
0 0.83046875 0.21484375 0.053125 0.0578125
0 0.790625 0.225 0.0484375 0.0453125
0 0.79453125 0.1703125 0.0671875 0.06484375
0 0.34765625 0.72109375 0.0796875 0.0671875
0 0.38984375 0.775 0.06015625 0.084375
0 0.01328125 0.73828125 0.0265625 0.0828125
0 0.10390625 0.9359375 0.0765625 0.07421875
0 0.70546875 0.64375 0.1265625 0.128125
0 0.76875 0.65 0.10078125 0.103125
0 0.84765625 0.62578125 0.1296875 0.0921875
0 0.6078125 0.60546875 0.125 0.0515625
0 0.7234375 0.85234375 0.36875 0.2953125