0 0.03046875 0.34765625 0.0609375 0.1015625
0 0.1125 0.45078125 0.09140625 0.0671875
0 0.33359375 0.19609375 0.05078125 0.053125
0 0.3890625 0.14921875 0.06015625 0.05078125
0 0.37578125 0.07421875 0.053125 0.0484375
0 0.1859375 0.25625 0.04296875 0.0453125
0 0.27734375 0.396875 0.06015625 0.071875
0 0.36875 0.0078125 0.05 0.015625
0 0.9828125 0.4765625 0.034375 0.103125
0 0.97734375 0.28046875 0.0453125 0.0578125
0 0.81640625 0.046875 0.1171875 0.09375
0 0.56953125 0.290625 0.0390625 0.059375
0 0.8171875 0.4265625 0.06015625 0.06484375
0 0.70703125 0.40234375 0.05078125 0.0578125
0 0.5640625 0.4625 0.028125 0.0625
0 0.91640625 0.4625 0.0578125 0.06953125
0 0.21796875 0.80390625 0.08203125 0.08671875
0 0.2625 0.85546875 0.0796875 0.0890625
0 0.153125 0.88125 0.0671875 0.06953125
0 0.03125 0.86875 0.0625 0.071875
0 0.3125 0.953125 0.103125 0.09375
0 0.37734375 0.84453125 0.3453125 0.3109375
0 0.13125 0.97421875 0.103125 0.0515625