0 0.115625 0.453125 0.084375 0.03125
0 0.0796875 0.425 0.06484375 0.0671875
0 0.465625 0.26171875 0.046875 0.0890625
0 0.846875 0.22578125 0.08203125 0.09140625
0 0.58515625 0.4015625 0.071875 0.06953125
0 0.715625 0.44453125 0.04296875 0.04296875
0 0.85390625 0.31015625 0.05546875 0.03125
0 0.98671875 0.2671875 0.0265625 0.05
0 0.97578125 0.44296875 0.0453125 0.0515625
0 0.925 0.3859375 0.0484375 0.0453125
0 0.46796875 0.953125 0.0421875 0.09375
0 0.24453125 0.5640625 0.15390625 0.1515625
0 0.178125 0.52265625 0.084375 0.0890625
0 0.134375 0.50390625 0.11875 0.0703125
0 0.0875 0.5125 0.096875 0.0875
0 0.0140625 0.74765625 0.028125 0.0765625
0 0.1015625 0.83984375 0.0890625 0.08671875
0 0.1625 0.90234375 0.0796875 0.0765625
0 0.30390625 0.95859375 0.0890625 0.0828125
0 0.4734375 0.6640625 0.03125 0.121875
0 0.30234375 0.709375 0.08203125 0.0796875