0 0.1828125 0.1234375 0.271875 0.246875
0 0.0703125 0.1578125 0.09140625 0.09375
0 0.0375 0.24453125 0.075 0.1421875
0 0.0421875 0.39453125 0.084375 0.1515625
0 0.2578125 0.28828125 0.121875 0.1578125
0 0.80078125 0.03125 0.2359375 0.0625
0 0.98125 0.15546875 0.0375 0.1546875
0 0.334375 0.56484375 0.03125 0.0890625
0 0.7125 0.5203125 0.10078125 0.0984375
0 0.81015625 0.4421875 0.0765625 0.0765625
0 0.77265625 0.28828125 0.12734375 0.11796875
0 0.66484375 0.18046875 0.09140625 0.0890625
0 0.8890625 0.3375 0.084375 0.0796875
0 0.9609375 0.43359375 0.078125 0.0765625
0 0.34453125 0.0890625 0.0515625 0.084375
0 0.34375 0.0171875 0.05 0.034375
0 0.3703125 0.390625 0.07421875 0.07421875
0 0.39765625 0.52265625 0.084375 0.084375
0 0.5796875 0.5734375 0.06953125 0.06953125
0 0.28125 0.63828125 0.075 0.0578125
0 0.03359375 0.6984375 0.0625 0.0671875
0 0.08984375 0.7046875 0.06953125 0.06015625
0 0.134375 0.83203125 0.103125 0.125
0 0.05859375 0.92890625 0.0671875 0.0796875
0 0.21875 0.96640625 0.0625 0.0671875
0 0.284375 0.9296875 0.06875 0.140625
0 0.4171875 0.7171875 0.09609375 0.08671875
0 0.7578125 0.80859375 0.09375 0.0796875
0 0.46796875 0.834375 0.12734375 0.1203125
0 0.51875 0.9625 0.0875 0.075
0 0.40703125 0.95 0.1390625 0.1
0 0.78203125 0.93828125 0.1234375 0.1234375
0 0.9703125 0.7328125 0.059375 0.071875
0 0.76484375 0.61640625 0.0515625 0.0140625
0 0.4765625 0.6453125 0.14375 0.071875