0 0.2609375 0.2359375 0.12734375 0.13671875
0 0.3625 0.3359375 0.06484375 0.0625
0 0.36015625 0.2359375 0.06484375 0.06953125
0 0.0390625 0.128125 0.078125 0.228125
0 0.828125 0.20859375 0.0796875 0.0765625
0 0.8984375 0.25390625 0.125 0.12734375
0 0.78984375 0.03515625 0.0625 0.06953125
0 0.953125 0.06953125 0.09375 0.1390625
0 0.9609375 0.075 0.05546875 0.053125
0 0.86875 0.01484375 0.04375 0.0296875
0 0.5921875 0.03046875 0.128125 0.0609375
0 0.52578125 0.01328125 0.0359375 0.0265625
0 0.33671875 0.5328125 0.0671875 0.07421875
0 0.13203125 0.8796875 0.19453125 0.2015625
0 0.2890625 0.39453125 0.0875 0.0296875
0 0.1359375 0.540625 0.271875 0.321875
0 0.3734375 0.70390625 0.09140625 0.0765625
0 0.875 0.43125 0.0671875 0.05546875
0 0.859375 0.79453125 0.0890625 0.09140625
0 0.6203125 0.61015625 0.103125 0.125
0 0.49609375 0.553125 0.0328125 0.065625
0 0.80078125 0.9859375 0.0578125 0.028125
0 0.91015625 0.978125 0.0453125 0.040625
0 0.80078125 0.475 0.0359375 0.03359375
0 0.79453125 0.534375 0.05546875 0.040625
0 0.9234375 0.6875 0.04296875 0.02890625
0 0.97109375 0.58984375 0.04296875 0.02890625