0 0.1765625 0.3984375 0.1296875 0.1390625
0 0.21640625 0.04765625 0.0984375 0.0953125
0 0.10234375 0.50078125 0.06484375 0.06484375
0 0.08984375 0.41171875 0.06484375 0.071875
0 0.7390625 0.52265625 0.075 0.0734375
0 0.72421875 0.4671875 0.05078125 0.040625
0 0.82734375 0.44765625 0.053125 0.0578125
0 0.859375 0.196875 0.28125 0.34375
0 0.66640625 0.0203125 0.0578125 0.040625
0 0.51171875 0.034375 0.0640625 0.06875
0 0.42734375 0.028125 0.1328125 0.05625
0 0.51484375 0.45625 0.0765625 0.09140625
0 0.6265625 0.4671875 0.06015625 0.0796875
0 0.35546875 0.53125 0.0984375 0.05625
0 0.41484375 0.50390625 0.05078125 0.040625
0 0.12890625 0.60078125 0.05546875 0.05546875
0 0.0171875 0.62734375 0.034375 0.0765625
0 0.01953125 0.95546875 0.0390625 0.0890625
0 0.01328125 0.8296875 0.0265625 0.059375
0 0.36640625 0.6703125 0.0984375 0.09609375
0 0.384375 0.8984375 0.115625 0.1203125
0 0.45546875 0.96640625 0.1015625 0.0671875
0 0.70390625 0.9796875 0.1203125 0.040625
0 0.971875 0.86953125 0.05625 0.0796875
0 0.97578125 0.646875 0.0484375 0.071875
0 0.4890625 0.67890625 0.04296875 0.03359375
0 0.68671875 0.65859375 0.1078125 0.1109375
0 0.76875 0.6859375 0.0671875 0.0796875
0 0.6484375 0.775 0.071875 0.071875
0 0.69921875 0.7546875 0.05546875 0.0578125
0 0.98828125 0.97734375 0.0234375 0.0453125