0 0.1390625 0.125 0.13671875 0.14921875
0 0.0421875 0.02421875 0.06875 0.0484375
0 0.03828125 0.11796875 0.06953125 0.07421875
0 0.35390625 0.25390625 0.0921875 0.2484375
0 0.52578125 0.03984375 0.1328125 0.0796875
0 0.7109375 0.0734375 0.0765625 0.0796875
0 0.93515625 0.07109375 0.06484375 0.06953125
0 0.2421875 0.81796875 0.11328125 0.11796875
0 0.9359375 0.45625 0.053125 0.034375
0 0.68984375 0.4703125 0.0890625 0.0625
0 0.42734375 0.49921875 0.0546875 0.0421875
0 0.490625 0.54453125 0.11328125 0.10546875
0 0.853125 0.5984375 0.115625 0.11796875
0 0.91015625 0.70078125 0.15625 0.15625
0 0.79609375 0.72734375 0.053125 0.05078125
0 0.71875 0.53046875 0.103125 0.05546875
0 0.71875 0.609375 0.09609375 0.06484375
0 0.67109375 0.58203125 0.0453125 0.0359375
0 0.42734375 0.6921875 0.0546875 0.103125
0 0.68515625 0.71171875 0.05078125 0.03828125
0 0.734375 0.76015625 0.03359375 0.03125
0 0.8125 0.8140625 0.03828125 0.03359375
0 0.8078125 0.8609375 0.040625 0.0359375