0 0.2390625 0.12421875 0.271875 0.2484375
0 0.19765625 0.315625 0.084375 0.0765625
0 0.06484375 0.37109375 0.0765625 0.0765625
0 0.065625 0.01484375 0.071875 0.0296875
0 0.46796875 0.075 0.1171875 0.128125
0 0.9671875 0.009375 0.0625 0.01875
0 0.73984375 0.36640625 0.0625 0.04296875
0 0.36171875 0.7140625 0.0953125 0.125
0 0.3140625 0.58515625 0.1078125 0.09375
0 0.0265625 0.75234375 0.053125 0.0640625
0 0.35859375 0.93125 0.09375 0.09140625
0 0.365625 0.9796875 0.0875 0.040625
0 0.39609375 0.80234375 0.0265625 0.0765625
0 0.4 0.73046875 0.01875 0.0890625
0 0.18046875 0.74453125 0.05546875 0.0578125
0 0.140625 0.58125 0.08203125 0.0890625
0 0.43359375 0.97109375 0.0484375 0.0578125
0 0.41796875 0.89453125 0.0171875 0.1234375
0 0.49921875 0.75859375 0.1796875 0.2578125
0 0.61875 0.628125 0.14453125 0.14453125
0 0.58515625 0.54921875 0.0984375 0.103125
0 0.51875 0.50078125 0.12734375 0.14453125
0 0.946875 0.58515625 0.10625 0.1421875
0 0.75078125 0.67890625 0.134375 0.13671875
0 0.63203125 0.97890625 0.0890625 0.0421875
0 0.72578125 0.92734375 0.09375 0.09375
0 0.75703125 0.796875 0.10078125 0.103125
0 0.81640625 0.95625 0.1578125 0.0875
0 0.93984375 0.49609375 0.06953125 0.06953125
0 0.7453125 0.4359375 0.075 0.053125