0 0.33125 0.02890625 0.128125 0.0578125
0 0.53359375 0.115625 0.084375 0.09609375
0 0.465625 0.0375 0.053125 0.0671875
0 0.4140625 0.45234375 0.11328125 0.11328125
0 0.64375 0.52421875 0.05 0.0796875
0 0.5796875 0.5890625 0.084375 0.021875
0 0.08359375 0.553125 0.1234375 0.09375
0 0.14453125 0.29140625 0.071875 0.07421875
0 0.1421875 0.13515625 0.053125 0.05546875
0 0.07265625 0.1140625 0.08671875 0.06953125
0 0.55703125 0.21875 0.0484375 0.05078125
0 0.4375 0.3390625 0.0671875 0.0625
0 0.80390625 0.0265625 0.0765625 0.053125
0 0.74140625 0.0875 0.08671875 0.08671875
0 0.93046875 0.02578125 0.0609375 0.0515625
0 0.88359375 0.09453125 0.0671875 0.0671875
0 0.93828125 0.134375 0.1234375 0.134375
0 0.9421875 0.23359375 0.115625 0.3484375
0 0.93125 0.27265625 0.07421875 0.07421875
0 0.92578125 0.57578125 0.0578125 0.0484375
0 0.68203125 0.12109375 0.0265625 0.0984375
0 0.7046875 0.21796875 0.071875 0.0828125
0 0.75703125 0.1984375 0.06015625 0.0625
0 0.77890625 0.1546875 0.0625 0.06015625
0 0.79921875 0.21484375 0.0796875 0.0796875
0 0.871875 0.20546875 0.07421875 0.07421875
0 0.83046875 0.33984375 0.071875 0.071875
0 0.75625 0.390625 0.0671875 0.0671875
0 0.25390625 0.77265625 0.3265625 0.33203125
0 0.1734375 0.62421875 0.25 0.0484375
0 0.42265625 0.78203125 0.1078125 0.11796875
0 0.6484375 0.74453125 0.040625 0.1390625
0 0.640625 0.9765625 0.053125 0.046875
0 0.503125 0.97578125 0.059375 0.0484375
0 0.93671875 0.9671875 0.1046875 0.065625
0 0.86953125 0.8640625 0.06953125 0.08671875
0 0.8984375 0.80546875 0.0359375 0.05078125
0 0.94375 0.809375 0.05546875 0.040625
0 0.97421875 0.759375 0.0515625 0.071875
0 0.72734375 0.6328125 0.1171875 0.065625
0 0.69140625 0.76953125 0.0453125 0.0703125