0 0.0546875 0.05390625 0.109375 0.1078125
0 0.4109375 0.05625 0.1375 0.1125
0 0.25078125 0.2203125 0.06953125 0.06953125
0 0.08828125 0.371875 0.0796875 0.034375
0 0.40625 0.18671875 0.0796875 0.0765625
0 0.459375 0.20546875 0.040625 0.0984375
0 0.61484375 0.1765625 0.18984375 0.1875
0 0.70078125 0.24921875 0.15390625 0.14453125
0 0.75546875 0.33984375 0.2359375 0.0984375
0 0.934375 0.25859375 0.11328125 0.115625
0 0.91640625 0.33515625 0.1359375 0.1078125
0 0.98046875 0.35078125 0.0390625 0.0765625
0 0.8296875 0.08046875 0.125 0.1421875
0 0.80234375 0.1484375 0.12265625 0.134375
0 0.4328125 0.47890625 0.09375 0.0890625
0 0.44140625 0.5734375 0.0578125 0.053125
0 0.446875 0.81015625 0.065625 0.0859375
0 0.35625 0.7375 0.0578125 0.07421875
0 0.31171875 0.68828125 0.06015625 0.0671875
0 0.02421875 0.49140625 0.0484375 0.0671875
0 0.23828125 0.4234375 0.0765625 0.06484375
0 0.11953125 0.72265625 0.06015625 0.0671875
0 0.09921875 0.7984375 0.0578125 0.0625
0 0.78515625 0.921875 0.103125 0.1296875
0 0.84140625 0.8171875 0.1109375 0.1078125
0 0.54375 0.49609375 0.1109375 0.1078125
0 0.6578125 0.6046875 0.08203125 0.09609375
0 0.7265625 0.52734375 0.0578125 0.05078125
0 0.8140625 0.55390625 0.0625 0.0578125
0 0.903125 0.62578125 0.071875 0.09140625
0 0.903125 0.98203125 0.06875 0.0359375