0 0.09296875 0.41640625 0.115625 0.1203125
0 0.31875 0.4421875 0.07421875 0.08671875
0 0.221875 0.4609375 0.0453125 0.06015625
0 0.4234375 0.1234375 0.10078125 0.10078125
0 0.50390625 0.5046875 0.06015625 0.06015625
0 0.128125 0.0859375 0.0625 0.0671875
0 0.03515625 0.2015625 0.0484375 0.05078125
0 0.39453125 0.3796875 0.04296875 0.0453125
0 0.37578125 0.22109375 0.0625 0.05546875
0 0.7171875 0.596875 0.071875 0.04375
0 0.68125 0.5265625 0.0484375 0.053125
0 0.828125 0.54453125 0.08203125 0.0578125
0 0.96640625 0.49609375 0.0671875 0.0671875
0 0.9515625 0.31953125 0.0671875 0.0625
0 0.9484375 0.271875 0.0671875 0.0625
0 0.88359375 0.31953125 0.053125 0.04296875
0 0.97890625 0.24140625 0.0421875 0.0484375
0 0.828125 0.1375 0.11796875 0.1078125
0 0.89296875 0.1625 0.07421875 0.07421875
0 0.78984375 0.46015625 0.084375 0.0796875
0 0.63671875 0.27265625 0.15625 0.15859375
0 0.596875 0.22109375 0.0765625 0.071875
0 0.571875 0.24921875 0.04375 0.0796875
0 0.66953125 0.1875 0.0765625 0.0625
0 0.753125 0.0625 0.07421875 0.06953125
0 0.6984375 0.025 0.071875 0.05
0 0.8765625 0.01328125 0.075 0.0265625
0 0.9859375 0.053125 0.028125 0.0625
0 0.74375 0.371875 0.21640625 0.2046875
0 0.57578125 0.45859375 0.0515625 0.0484375
0 0.57890625 0.428125 0.053125 0.0453125
0 0.4890625 0.9625 0.10625 0.075
0 0.515625 0.72578125 0.06875 0.1234375
0 0.4859375 0.821875 0.11328125 0.1109375
0 0.25390625 0.9203125 0.10546875 0.11328125
0 0.01171875 0.9 0.0234375 0.15625
0 0.075 0.75859375 0.15 0.1828125
0 0.22265625 0.7796875 0.1734375 0.178125
0 0.28671875 0.6515625 0.0734375 0.065625
0 0.37734375 0.634375 0.1015625 0.03125
0 0.14140625 0.640625 0.0734375 0.04375
0 0.7109375 0.98671875 0.096875 0.0265625