0 0.290625 0.059375 0.053125 0.053125
0 0.14140625 0.12734375 0.06953125 0.0625
0 0.30234375 0.16953125 0.04296875 0.0453125
0 0.9875 0.21953125 0.025 0.0984375
0 0.4109375 0.1453125 0.1390625 0.1109375
0 0.42421875 0.0734375 0.1890625 0.146875
0 0.68984375 0.26171875 0.0671875 0.0140625
0 0.5640625 0.2140625 0.05078125 0.053125
0 0.67890625 0.07578125 0.05546875 0.05546875
0 0.63203125 0.121875 0.053125 0.053125
0 0.1375 0.83203125 0.1515625 0.15859375
0 0.26171875 0.95703125 0.1359375 0.0859375
0 0.2984375 0.721875 0.0625 0.15
0 0.19140625 0.5640625 0.0796875 0.0984375
0 0.13515625 0.5671875 0.09140625 0.115625
0 0.03515625 0.66484375 0.0703125 0.1703125
0 0.15078125 0.3296875 0.084375 0.09375
0 0.1265625 0.39296875 0.06953125 0.06953125
0 0.940625 0.71484375 0.0890625 0.09140625
0 0.96171875 0.94765625 0.0765625 0.1046875
0 0.9359375 0.42578125 0.103125 0.115625
0 0.809375 0.3578125 0.11328125 0.103125
0 0.80703125 0.434375 0.0625 0.07421875
0 0.4390625 0.79375 0.1203125 0.125
0 0.35390625 0.90625 0.0484375 0.09375
0 0.45546875 0.9828125 0.1109375 0.034375
0 0.3890625 0.48828125 0.084375 0.08671875
0 0.55625 0.77734375 0.084375 0.09140625
0 0.74453125 0.590625 0.071875 0.08203125