0 0.0171875 0.125 0.034375 0.084375
0 0.178125 0.1140625 0.08203125 0.07421875
0 0.09609375 0.0046875 0.0453125 0.009375
0 0.79609375 0.55859375 0.4078125 0.2609375
0 0.8546875 0.4171875 0.290625 0.471875
0 0.84921875 0.23671875 0.10546875 0.103125
0 0.359375 0.396875 0.059375 0.1125
0 0.5796875 0.23671875 0.103125 0.10078125
0 0.63046875 0.27265625 0.0984375 0.09609375
0 0.7875 0.184375 0.10546875 0.1078125
0 0.7328125 0.19765625 0.09140625 0.09140625
0 0.5953125 0.09375 0.1109375 0.11796875
0 0.64609375 0.0625 0.10078125 0.103125
0 0.65546875 0.009375 0.1078125 0.01875
0 0.3703125 0.09375 0.08125 0.125
0 0.36015625 0.0390625 0.0609375 0.078125
0 0.3890625 0.59765625 0.11875 0.1265625
0 0.2171875 0.96015625 0.0578125 0.0671875
0 0.1671875 0.96171875 0.0453125 0.0453125
0 0.096875 0.97421875 0.071875 0.0515625
0 0.0109375 0.7265625 0.021875 0.075
0 0.11171875 0.70625 0.0546875 0.034375
0 0.20859375 0.7859375 0.040625 0.0484375
0 0.44609375 0.95859375 0.1109375 0.0828125
0 0.5109375 0.83671875 0.1109375 0.1109375
0 0.59140625 0.909375 0.0578125 0.08203125
0 0.8546875 0.78515625 0.0765625 0.07421875
0 0.9890625 0.77578125 0.021875 0.0828125
0 0.8796875 0.703125 0.071875 0.028125