0 0.51875 0.0171875 0.05 0.034375
0 0.36875 0.01953125 0.071875 0.0390625
0 0.3453125 0.1890625 0.103125 0.040625
0 0.06953125 0.05234375 0.0578125 0.0484375
0 0.43984375 0.11015625 0.03828125 0.02890625
0 0.8953125 0.1703125 0.06015625 0.06953125
0 0.9890625 0.0609375 0.021875 0.0625
0 0.18515625 0.815625 0.09140625 0.09609375
0 0.2828125 0.9234375 0.08671875 0.071875
0 0.55546875 0.54140625 0.10078125 0.1109375
0 0.19765625 0.2453125 0.1203125 0.071875
0 0.59609375 0.253125 0.0671875 0.0875
0 0.2109375 0.7109375 0.084375 0.071875
0 0.64453125 0.80078125 0.0296875 0.0921875
0 0.66328125 0.71796875 0.0671875 0.0921875
0 0.64609375 0.5375 0.0328125 0.2
0 0.7640625 0.39375 0.09375 0.0890625
0 0.88125 0.34921875 0.1609375 0.16328125
0 0.90390625 0.453125 0.0671875 0.071875
0 0.98671875 0.41953125 0.0265625 0.1421875
0 0.96953125 0.56875 0.0609375 0.096875
0 0.9171875 0.6046875 0.07421875 0.06953125
0 0.80859375 0.22109375 0.0984375 0.0234375