0 0.19375 0.03671875 0.0875 0.0734375
0 0.365625 0.11484375 0.10625 0.1296875
0 0.184375 0.27421875 0.115625 0.1109375
0 0.1359375 0.19609375 0.08671875 0.09609375
0 0.471875 0.2453125 0.10625 0.146875
0 0.46328125 0.30703125 0.0765625 0.0453125
0 0.81015625 0.01796875 0.0796875 0.0359375
0 0.67734375 0.11015625 0.07421875 0.05546875
0 0.67265625 0.15625 0.0796875 0.0671875
0 0.96875 0.1921875 0.0625 0.115625
0 0.91640625 0.1921875 0.0578125 0.06015625
0 0.7859375 0.3015625 0.05625 0.05625
0 0.8796875 0.325 0.034375 0.009375
0 0.5515625 0.0140625 0.05625 0.028125
0 0.1359375 0.8875 0.115625 0.11328125
0 0.05234375 0.8671875 0.1046875 0.13125
0 0.08671875 0.79453125 0.09140625 0.09140625
0 0.2234375 0.7515625 0.1421875 0.1390625
0 0.178125 0.990625 0.121875 0.01875
0 0.34140625 0.9203125 0.1546875 0.159375
0 0.37109375 0.828125 0.0953125 0.103125
0 0.40546875 0.921875 0.0265625 0.103125
0 0.334375 0.44921875 0.16875 0.2078125
0 0.25 0.453125 0.0796875 0.0796875
0 0.0640625 0.51015625 0.128125 0.1359375
0 0.6484375 0.39765625 0.20625 0.1359375
0 0.5234375 0.36875 0.121875 0.078125
0 0.540625 0.8796875 0.09609375 0.10078125
0 0.91015625 0.9375 0.1796875 0.125
0 0.9109375 0.57890625 0.07421875 0.08671875
0 0.83515625 0.59609375 0.0671875 0.08203125
0 0.75859375 0.65234375 0.071875 0.08203125
0 0.615625 0.65 0.08203125 0.09140625