0 0.49921875 0.015625 0.0890625 0.03125
0 0.03203125 0.13984375 0.0625 0.0625
0 0.0109375 0.18984375 0.021875 0.0796875
0 0.3234375 0.15625 0.06953125 0.0765625
0 0.87265625 0.1046875 0.1296875 0.12734375
0 0.94375 0.0359375 0.1125 0.071875
0 0.9421875 0.18203125 0.115625 0.1296875
0 0.3828125 0.42421875 0.0625 0.0625
0 0.48515625 0.58125 0.09375 0.09609375
0 0.03828125 0.5625 0.07421875 0.0796875
0 0.0046875 0.46875 0.009375 0.040625
0 0.13203125 0.95625 0.08671875 0.0765625
0 0.315625 0.81328125 0.05546875 0.071875
0 0.48515625 0.284375 0.0796875 0.0625
0 0.28828125 0.478125 0.08203125 0.0765625
0 0.31796875 0.628125 0.04296875 0.0453125
0 0.08828125 0.66640625 0.0578125 0.0578125
0 0.98984375 0.8625 0.0203125 0.071875
0 0.9796875 0.96328125 0.040625 0.0734375
0 0.6140625 0.80390625 0.05 0.0796875