0 0.2046875 0.2578125 0.09609375 0.1078125
0 0.2109375 0.0171875 0.115625 0.034375
0 0.14453125 0.05859375 0.09609375 0.1109375
0 0.1046875 0.33515625 0.065625 0.0296875
0 0.4578125 0.01640625 0.06875 0.0328125
0 0.5859375 0.03515625 0.0671875 0.0578125
0 0.3875 0.13203125 0.05078125 0.0578125
0 0.4609375 0.1265625 0.0484375 0.0359375
0 0.49453125 0.1421875 0.02890625 0.0359375
0 0.3234375 0.18046875 0.028125 0.0578125
0 0.35078125 0.33515625 0.0390625 0.0296875
0 0.5859375 0.1546875 0.103125 0.0765625
0 0.7703125 0.1203125 0.04296875 0.03828125
0 0.5171875 0.24375 0.04296875 0.040625
0 0.57265625 0.26796875 0.040625 0.040625
0 0.45703125 0.3375 0.0328125 0.025
0 0.38671875 0.346875 0.0265625 0.00625
0 0.4171875 0.346875 0.03125 0.00625
0 0.03125 0.9328125 0.0625 0.0625
0 0.03046875 0.8921875 0.0609375 0.09375
0 0.29765625 0.8375 0.0234375 0.103125
0 0.26640625 0.77421875 0.0859375 0.1109375
0 0.23359375 0.6734375 0.0890625 0.0796875
0 0.30078125 0.5875 0.0171875 0.096875
0 0.171875 0.546875 0.0765625 0.071875
0 0.028125 0.37109375 0.05625 0.0421875
0 0.1671875 0.4546875 0.09375 0.10078125
0 0.47578125 0.96328125 0.0734375 0.0734375
0 0.8171875 0.97578125 0.11875 0.0484375
0 0.9015625 0.95 0.1125 0.1
0 0.88671875 0.71015625 0.17578125 0.1734375
0 0.73671875 0.7765625 0.12734375 0.16796875
0 0.3875 0.728125 0.0671875 0.06953125