0 0.32890625 0.4234375 0.0796875 0.090625
0 0.06640625 0.00625 0.0765625 0.0125
0 0.0078125 0.10625 0.015625 0.053125
0 0.89609375 0.4125 0.1015625 0.1125
0 0.796875 0.0796875 0.0890625 0.10546875
0 0.86328125 0.12890625 0.084375 0.084375
0 0.7859375 0.21875 0.09609375 0.0765625
0 0.821875 0.32265625 0.0671875 0.0765625
0 0.65859375 0.41640625 0.07421875 0.08671875
0 0.6390625 0.32109375 0.084375 0.0796875
0 0.6203125 0.203125 0.1109375 0.11796875
0 0.50546875 0.45859375 0.0703125 0.0203125
0 0.97421875 0.284375 0.0515625 0.06875
0 0.70703125 0.21171875 0.0578125 0.0625
0 0.24765625 0.6953125 0.3828125 0.453125
0 0.01640625 0.95546875 0.0328125 0.0828125
0 0.03359375 0.48828125 0.0671875 0.0390625
0 0.64296875 0.9015625 0.04296875 0.071875
0 0.60234375 0.609375 0.084375 0.09375
0 0.6046875 0.7015625 0.09140625 0.071875
0 0.92578125 0.6515625 0.0578125 0.0453125
0 0.865625 0.5203125 0.0484375 0.0453125
0 0.8859375 0.60546875 0.0359375 0.03359375
0 0.9796875 0.81171875 0.040625 0.0421875