0 0.04140625 0.540625 0.0828125 0.078125
0 0.240625 0.3734375 0.0796875 0.06484375
0 0.325 0.24140625 0.0625 0.05546875
0 0.3265625 0.53671875 0.065625 0.0859375
0 0.440625 0.1140625 0.04375 0.128125
0 0.4421875 0.24453125 0.046875 0.0859375
0 0.64609375 0.190625 0.09609375 0.0984375
0 0.840625 0.046875 0.115625 0.09375
0 0.92734375 0.02578125 0.1171875 0.0515625
0 0.9578125 0.17890625 0.084375 0.1078125
0 0.7421875 0.5109375 0.084375 0.084375
0 0.8203125 0.49375 0.08671875 0.08671875
0 0.90703125 0.4203125 0.1109375 0.1109375
0 0.08984375 0.971875 0.0765625 0.05625
0 0.25 0.9203125 0.178125 0.159375
0 0.0078125 0.7046875 0.015625 0.040625
0 0.29140625 0.6625 0.040625 0.04296875
0 0.153125 0.678125 0.03359375 0.03828125
0 0.07265625 0.77578125 0.0453125 0.03828125
0 0.1765625 0.7703125 0.06484375 0.0625
0 0.39453125 0.5890625 0.0484375 0.01875
0 0.5234375 0.728125 0.115625 0.11328125
0 0.81953125 0.78984375 0.3609375 0.4203125