0 0.0796875 0.6703125 0.09375 0.0375
0 0.2359375 0.55703125 0.0671875 0.0671875
0 0.3640625 0.065625 0.115625 0.1078125
0 0.15 0.05 0.084375 0.1
0 0.9578125 0.66015625 0.0625 0.0578125
0 0.8921875 0.6625 0.06015625 0.053125
0 0.7234375 0.6578125 0.071875 0.0625
0 0.86640625 0.475 0.071875 0.0765625
0 0.78671875 0.39765625 0.06484375 0.07421875
0 0.70859375 0.52265625 0.0671875 0.084375
0 0.70234375 0.33125 0.0578125 0.0796875
0 0.79609375 0.259375 0.071875 0.071875
0 0.72578125 0.1078125 0.103125 0.103125
0 0.7265625 0.028125 0.103125 0.05625
0 0.940625 0.1125 0.06484375 0.06953125
0 0.98046875 0.3921875 0.0390625 0.08125
0 0.584375 0.23359375 0.03125 0.0796875
0 0.58203125 0.02890625 0.0265625 0.0421875
0 0.503125 0.93828125 0.13125 0.1234375
0 0.434375 0.7609375 0.1109375 0.1109375
0 0.48984375 0.721875 0.1140625 0.065625
0 0.08984375 0.7046875 0.1390625 0.03125
0 0.0609375 0.84765625 0.09140625 0.0890625
0 0.2734375 0.9828125 0.090625 0.034375
0 0.68359375 0.7234375 0.2296875 0.06875
0 0.98515625 0.765625 0.0296875 0.0625