0 0.2375 0.52578125 0.071875 0.0671875
0 0.34375 0.053125 0.121875 0.10625
0 0.12734375 0.0484375 0.0890625 0.096875
0 0.8625 0.384375 0.0796875 0.084375
0 0.77109375 0.4015625 0.06953125 0.06015625
0 0.915625 0.43046875 0.071875 0.06015625
0 0.92265625 0.5234375 0.0984375 0.071875
0 0.78046875 0.52890625 0.0828125 0.0609375
0 0.9421875 0.20078125 0.09609375 0.08671875
0 0.98359375 0.2296875 0.0328125 0.0625
0 0.28828125 0.8046875 0.16796875 0.2234375
0 0.50625 0.73046875 0.0625 0.0765625
0 0.5421875 0.79921875 0.015625 0.0890625
0 0.41953125 0.96875 0.1703125 0.0625
0 0.01015625 0.84140625 0.0203125 0.0796875
0 0.0421875 0.98203125 0.084375 0.0359375
0 0.6234375 0.66796875 0.0984375 0.103125
0 0.71171875 0.69765625 0.10078125 0.1078125
0 0.80625 0.67265625 0.1109375 0.10546875
0 0.77734375 0.73046875 0.0890625 0.09140625
0 0.9203125 0.8203125 0.134375 0.13671875
0 0.771875 0.853125 0.0765625 0.08671875
0 0.7328125 0.8296875 0.0765625 0.08671875
0 0.6140625 0.83203125 0.1203125 0.11796875
0 0.58046875 0.81796875 0.0609375 0.1515625
0 0.5984375 0.9296875 0.096875 0.140625
0 0.765625 0.9515625 0.121875 0.096875
0 0.8703125 0.96015625 0.103125 0.0796875