0 0.1171875 0.478125 0.071875 0.04375
0 0.375 0.25078125 0.028125 0.1703125
0 0.8 0.31796875 0.08203125 0.09140625
0 0.5375 0.47890625 0.071875 0.0421875
0 0.80703125 0.40234375 0.05546875 0.03125
0 0.95390625 0.36015625 0.053125 0.05078125
0 0.87734375 0.47734375 0.0484375 0.0453125
0 0.025 0.59453125 0.05 0.1609375
0 0.37578125 0.72109375 0.0265625 0.0546875
0 0.06953125 0.65 0.09140625 0.071875
0 0.1703125 0.5421875 0.05078125 0.0671875
0 0.3046875 0.8625 0.05546875 0.053125
0 0.55078125 0.5625 0.1421875 0.125
0 0.6078125 0.68984375 0.05078125 0.071875
0 0.828125 0.85625 0.0796875 0.0671875
0 0.8578125 0.56171875 0.0671875 0.071875
0 0.93984375 0.7515625 0.02890625 0.04296875
0 0.4515625 0.92578125 0.06015625 0.0625
0 0.50625 0.8875 0.0484375 0.03359375
0 0.40078125 0.90546875 0.0234375 0.0296875
0 0.46484375 0.85859375 0.0484375 0.03828125
0 0.9875 0.925 0.025 0.034375
0 0.8765625 0.86171875 0.03125 0.021875
0 0.6390625 0.52578125 0.03359375 0.0359375
0 0.7171875 0.53515625 0.021875 0.03359375
0 0.77265625 0.61171875 0.01953125 0.02890625