0 0.02109375 0.50546875 0.0421875 0.0890625
0 0.25703125 0.52109375 0.0671875 0.0578125
0 0.56484375 0.515625 0.0296875 0.06875
0 0.36796875 0.453125 0.05078125 0.0578125
0 0.4890625 0.046875 0.153125 0.09375
0 0.94375 0.06875 0.1125 0.1375
0 0.6171875 0.28203125 0.075 0.1234375
0 0.87578125 0.3046875 0.08671875 0.084375
0 0.9203125 0.384375 0.1515625 0.146875
0 0.98125 0.4984375 0.0375 0.103125
0 0.49609375 0.56640625 0.1671875 0.0328125
0 0.121875 0.7765625 0.0984375 0.0984375
0 0.553125 0.95390625 0.053125 0.0921875
0 0.7 0.8703125 0.08203125 0.10078125
0 0.79609375 0.8703125 0.103125 0.1296875
0 0.89140625 0.8609375 0.0984375 0.0984375
0 0.95703125 0.95546875 0.0859375 0.0828125
0 0.93203125 0.73984375 0.1203125 0.115625
0 0.73984375 0.5625 0.0359375 0.025
0 0.80390625 0.57265625 0.0828125 0.0453125