0 0.1765625 0.2046875 0.08203125 0.103125
0 0.36796875 0.35 0.0828125 0.09375
0 0.3796875 0.01171875 0.05 0.0234375
0 0.56875 0.0875 0.175 0.175
0 0.97734375 0.115625 0.0453125 0.165625
0 0.98671875 0.27734375 0.0265625 0.0734375
0 0.69140625 0.3328125 0.5046875 0.453125
0 0.4390625 0.2375 0.059375 0.115625
0 0.4375 0.32265625 0.05625 0.0578125
0 0.22421875 0.96328125 0.1078125 0.0734375
0 0.1796875 0.6890625 0.0765625 0.0765625
0 0.2375 0.7015625 0.0796875 0.0796875
0 0.09609375 0.73984375 0.11796875 0.11796875
0 0.425 0.603125 0.03125 0.0875
0 0.440625 0.68203125 0.0625 0.1046875
0 0.5328125 0.61875 0.08671875 0.0984375
0 0.50390625 0.9203125 0.1109375 0.1296875
0 0.5375 0.78828125 0.13203125 0.1390625
0 0.809375 0.76875 0.1421875 0.11796875
0 0.7984375 0.87265625 0.07421875 0.1078125
0 0.86484375 0.6046875 0.06015625 0.0578125