0 0.25234375 0.44765625 0.1171875 0.0640625
0 0.3859375 0.3703125 0.04296875 0.0671875
0 0.22421875 0.33125 0.06953125 0.06953125
0 0.1640625 0.1875 0.10546875 0.10546875
0 0.0171875 0.42578125 0.034375 0.1046875
0 0.03671875 0.12265625 0.0484375 0.0484375
0 0.02734375 0.03984375 0.0546875 0.0671875
0 0.1125 0.0765625 0.0484375 0.05078125
0 0.14765625 0.0921875 0.05546875 0.06484375
0 0.20625 0.08671875 0.06484375 0.0671875
0 0.32890625 0.03984375 0.06953125 0.0765625
0 0.39609375 0.178125 0.0265625 0.084375
0 0.9671875 0.415625 0.065625 0.075
0 0.8421875 0.28515625 0.20703125 0.26953125
0 0.903125 0.175 0.0578125 0.06015625
0 0.73984375 0.0171875 0.0578125 0.034375
0 0.65078125 0.03046875 0.0484375 0.0609375
0 0.62890625 0.16640625 0.0578125 0.0484375
0 0.5796875 0.1421875 0.053125 0.0578125
0 0.434375 0.41796875 0.05 0.1234375
0 0.79296875 0.47265625 0.0671875 0.0140625
0 0.67109375 0.3609375 0.040625 0.0578125
0 0.5359375 0.284375 0.253125 0.2625
0 0.3390625 0.8328125 0.11328125 0.1109375
0 0.1203125 0.8953125 0.1078125 0.1203125
0 0.19296875 0.9890625 0.0796875 0.021875
0 0.15546875 0.70234375 0.12265625 0.13671875
0 0.15 0.54375 0.0765625 0.08203125
0 0.36875 0.5734375 0.06484375 0.0625
0 0.40390625 0.5015625 0.0109375 0.04375
0 0.52421875 0.990625 0.0890625 0.01875
0 0.7203125 0.75703125 0.115625 0.115625
0 0.44921875 0.71640625 0.0765625 0.0796875
0 0.51953125 0.62890625 0.07421875 0.0765625
0 0.61328125 0.55546875 0.0890625 0.09375
0 0.43828125 0.5 0.0578125 0.040625
0 0.9234375 0.96796875 0.075 0.0640625
0 0.88828125 0.590625 0.0625 0.0625
0 0.5296875 0.93046875 0.05078125 0.05078125
0 0.66953125 0.853125 0.0671875 0.0671875