0 0.20390625 0.52265625 0.0546875 0.0328125
0 0.0921875 0.475 0.03359375 0.040625
0 0.0765625 0.3921875 0.06953125 0.0796875
0 0.10859375 0.3859375 0.040625 0.0484375
0 0.0140625 0.334375 0.028125 0.0625
0 0.0265625 0.31328125 0.040625 0.0453125
0 0.021875 0.2109375 0.04375 0.071875
0 0.05 0.0921875 0.1 0.184375
0 0.14296875 0.0328125 0.0546875 0.065625
0 0.2296875 0.11640625 0.040625 0.0453125
0 0.2328125 0.01953125 0.034375 0.0390625
0 0.15703125 0.24921875 0.0578125 0.06484375
0 0.16171875 0.3234375 0.0484375 0.0453125
0 0.1953125 0.39140625 0.0484375 0.053125
0 0.6234375 0.48125 0.084375 0.09140625
0 0.290625 0.2203125 0.08125 0.103125
0 0.9375 0.08046875 0.11796875 0.11328125
0 0.8390625 0.0671875 0.0765625 0.08203125
0 0.60078125 0.3796875 0.0796875 0.06953125
0 0.2296875 0.571875 0.040625 0.065625
0 0.078125 0.55546875 0.103125 0.0328125
0 0.0375 0.70078125 0.075 0.0890625
0 0.06640625 0.9109375 0.0984375 0.10078125
0 0.171875 0.7234375 0.0765625 0.0671875
0 0.88984375 0.66484375 0.18515625 0.14921875
0 0.60859375 0.60546875 0.09375 0.0625
0 0.6 0.74140625 0.12265625 0.125
0 0.903125 0.97890625 0.084375 0.0421875
0 0.96953125 0.90625 0.0609375 0.071875
0 0.9609375 0.8078125 0.078125 0.065625