0 0.56953125 0.40546875 0.0671875 0.06484375
0 0.5109375 0.2703125 0.103125 0.0984375
0 0.32734375 0.46640625 0.1203125 0.0453125
0 0.1046875 0.4578125 0.03359375 0.0359375
0 0.090625 0.38125 0.0671875 0.07421875
0 0.121875 0.375 0.03828125 0.0453125
0 0.02109375 0.32734375 0.0421875 0.0578125
0 0.040625 0.3078125 0.03828125 0.040625
0 0.009375 0.26953125 0.01875 0.0578125
0 0.0328125 0.2140625 0.053125 0.0671875
0 0.05546875 0.09375 0.1109375 0.1875
0 0.15546875 0.04453125 0.05546875 0.0671875
0 0.24140625 0.125 0.0453125 0.040625
0 0.24921875 0.02734375 0.0484375 0.0546875
0 0.38828125 0.2109375 0.0484375 0.0453125
0 0.37265625 0.13359375 0.0671875 0.0625
0 0.46171875 0.16875 0.0453125 0.0484375
0 0.496875 0.1828125 0.05546875 0.06015625
0 0.553125 0.178125 0.0625 0.0625
0 0.62109375 0.0234375 0.0578125 0.046875
0 0.65390625 0.03046875 0.03359375 0.05078125
0 0.66875 0.1328125 0.0625 0.071875
0 0.1671875 0.24765625 0.0578125 0.06015625
0 0.171875 0.3171875 0.0453125 0.04296875
0 0.2046875 0.3796875 0.0453125 0.05078125
0 0.96875 0.4234375 0.0625 0.0875
0 0.903125 0.39765625 0.12734375 0.1078125
0 0.96484375 0.284375 0.0703125 0.15625
0 0.990625 0.1671875 0.01875 0.134375
0 0.8453125 0.15234375 0.0890625 0.11796875
0 0.8046875 0.3484375 0.10546875 0.09375
0 0.778125 0.45546875 0.06484375 0.0625
0 0.72734375 0.16796875 0.0546875 0.0703125
0 0.73125 0.08671875 0.0625 0.0546875
0 0.80625 0.01640625 0.05 0.0328125
0 0.41796875 0.51640625 0.2703125 0.0546875
0 0.06484375 0.903125 0.0625 0.0671875
0 0.24296875 0.71328125 0.07421875 0.08203125
0 0.16953125 0.73984375 0.07421875 0.0984375
0 0.1203125 0.61015625 0.09609375 0.0890625
0 0.153125 0.515625 0.084375 0.053125
0 0.61328125 0.8453125 0.1734375 0.196875
0 0.9453125 0.68203125 0.109375 0.2203125
0 0.76171875 0.54765625 0.1234375 0.1171875
0 0.74609375 0.76953125 0.0578125 0.0578125