0 0.42734375 0.44140625 0.040625 0.0625
0 0.26953125 0.40546875 0.0671875 0.06484375
0 0.2109375 0.2703125 0.103125 0.0984375
0 0.04375 0.471875 0.0875 0.05625
0 0.08828125 0.2109375 0.0484375 0.0453125
0 0.07265625 0.13359375 0.0671875 0.0625
0 0.16171875 0.16875 0.0453125 0.0484375
0 0.196875 0.1828125 0.05546875 0.06015625
0 0.253125 0.178125 0.0625 0.0625
0 0.32109375 0.0234375 0.0578125 0.046875
0 0.35390625 0.03046875 0.03359375 0.05078125
0 0.371875 0.13359375 0.0671875 0.071875
0 0.446875 0.26328125 0.04375 0.0796875
0 0.4875 0.4484375 0.0375 0.0875
0 0.51015625 0.478125 0.0796875 0.04375
0 0.734375 0.25 0.53125 0.5
0 0.29765625 0.7671875 0.3421875 0.465625
0 0.384375 0.540625 0.1375 0.08125
0 0.18828125 0.5390625 0.2453125 0.078125
0 0.0546875 0.56640625 0.109375 0.1140625
0 0.03359375 0.95546875 0.0671875 0.0890625
0 0.16171875 0.690625 0.08203125 0.0796875
0 0.28671875 0.58359375 0.10078125 0.10078125
0 0.08984375 0.73984375 0.14921875 0.1515625
0 0.97421875 0.6375 0.0515625 0.128125
0 0.7 0.725 0.09375 0.0984375
0 0.85703125 0.953125 0.1078125 0.09375
0 0.68359375 0.96875 0.0796875 0.0625
0 0.50859375 0.70390625 0.0796875 0.0578125
0 0.60390625 0.60859375 0.09375 0.0625
0 0.61171875 0.5171875 0.1234375 0.034375