0 0.30390625 0.378125 0.103125 0.09609375
0 0.35546875 0.07734375 0.08671875 0.08671875
0 0.37578125 0.24765625 0.10078125 0.09375
0 0.29921875 0.0171875 0.1109375 0.034375
0 0.70234375 0.33671875 0.3328125 0.2046875
0 0.684375 0.12109375 0.13671875 0.1296875
0 0.9734375 0.01328125 0.053125 0.0265625
0 0.95390625 0.34609375 0.0921875 0.1109375
0 0.5640625 0.15234375 0.0765625 0.0796875
0 0.04609375 0.90859375 0.0921875 0.1109375
0 0.2171875 0.796875 0.084375 0.08671875
0 0.3046875 0.90234375 0.09375 0.084375
0 0.0140625 0.63046875 0.028125 0.0515625
0 0.39140625 0.46328125 0.0578125 0.0484375
0 0.56171875 0.46796875 0.0828125 0.0578125
0 0.58828125 0.73515625 0.084375 0.09140625
0 0.5890625 0.86015625 0.0765625 0.09140625
0 0.84140625 0.9046875 0.06015625 0.08671875
0 0.45859375 0.70703125 0.0578125 0.0546875