0 0.47421875 0.4328125 0.09609375 0.0765625
0 0.54765625 0.44609375 0.06015625 0.0671875
0 0.06640625 0.39453125 0.08203125 0.0625
0 0.1703125 0.10703125 0.0625 0.0625
0 0.5640625 0.06171875 0.04296875 0.040625
0 0.06796875 0.246875 0.0796875 0.0625
0 0.26484375 0.053125 0.08203125 0.0765625
0 0.909375 0.29453125 0.18125 0.4109375
0 0.75703125 0.23359375 0.1078125 0.125
0 0.8171875 0.0515625 0.0890625 0.0765625
0 0.75546875 0.10703125 0.0578125 0.0625
0 0.79765625 0.49140625 0.0671875 0.0171875
0 0.28203125 0.60859375 0.2859375 0.2171875
0 0.50703125 0.52578125 0.0671875 0.0515625
0 0.4640625 0.6125 0.0484375 0.05078125
0 0.41484375 0.565625 0.06484375 0.0671875
0 0.4453125 0.64296875 0.040625 0.040625
0 0.57734375 0.7609375 0.0640625 0.0625
0 0.54140625 0.8125 0.05546875 0.05078125
0 0.50859375 0.83828125 0.0484375 0.053125
0 0.54609375 0.884375 0.0671875 0.06953125
0 0.575 0.9203125 0.053125 0.0578125
0 0.56328125 0.9578125 0.0921875 0.084375
0 0.1515625 0.71328125 0.0796875 0.0765625
0 0.18046875 0.78125 0.0671875 0.071875
0 0.11015625 0.80859375 0.05546875 0.0625
0 0.06640625 0.784375 0.05546875 0.0578125
0 0.08125 0.86953125 0.08203125 0.08671875
0 0.0484375 0.91640625 0.06015625 0.06015625
0 0.05546875 0.98203125 0.0671875 0.0359375
0 0.26640625 0.85078125 0.0453125 0.0453125
0 0.3390625 0.92734375 0.0484375 0.05078125
0 0.9625 0.625 0.07421875 0.08671875
0 0.92265625 0.7375 0.08203125 0.09375
0 0.91171875 0.81171875 0.040625 0.0453125
0 0.99296875 0.93359375 0.0140625 0.0421875
0 0.76171875 0.96875 0.03828125 0.053125
0 0.6703125 0.95078125 0.0671875 0.05078125
0 0.67734375 0.9828125 0.0390625 0.034375
0 0.73125 0.74765625 0.24375 0.3296875