0 0.1234375 0.43046875 0.0625 0.0578125
0 0.03359375 0.27578125 0.0671875 0.0953125
0 0.46796875 0.2953125 0.07421875 0.0796875
0 0.5171875 0.38828125 0.04296875 0.040625
0 0.190625 0.04453125 0.05546875 0.071875
0 0.21796875 0.3796875 0.08203125 0.0765625
0 0.18828125 0.2296875 0.04296875 0.0453125
0 0.41796875 0.19140625 0.0578125 0.0578125
0 0.5671875 0.33125 0.034375 0.0625
0 0.9609375 0.10546875 0.078125 0.0890625
0 0.59140625 0.0609375 0.053125 0.0484375
0 0.6171875 0.4359375 0.059375 0.046875
0 0.6703125 0.4296875 0.0625 0.059375
0 0.71640625 0.18515625 0.0453125 0.053125
0 0.8390625 0.1328125 0.053125 0.0578125
0 0.9421875 0.33359375 0.0765625 0.084375
0 0.94765625 0.43671875 0.0609375 0.0453125
0 0.78828125 0.42890625 0.05546875 0.0578125
0 0.871875 0.01796875 0.125 0.0359375
0 0.03359375 0.64453125 0.0671875 0.1515625
0 0.0984375 0.590625 0.0890625 0.07421875
0 0.42421875 0.53828125 0.06953125 0.06953125
0 0.48359375 0.88515625 0.10078125 0.103125
0 0.0234375 0.97265625 0.046875 0.0546875
0 0.8421875 0.9296875 0.165625 0.140625
0 0.64765625 0.96796875 0.0640625 0.0640625
0 0.59921875 0.8515625 0.08671875 0.08671875
0 0.5671875 0.88671875 0.034375 0.0484375
0 0.93515625 0.68203125 0.0671875 0.0796875
0 0.890625 0.7796875 0.0984375 0.103125