0 0.546875 0.0109375 0.08125 0.021875
0 0.44375 0.27890625 0.0625 0.0625
0 0.04921875 0.32109375 0.0421875 0.0359375
0 0.54609375 0.1390625 0.0796875 0.0625
0 0.3484375 0.31640625 0.08125 0.0453125
0 0.91796875 0.25 0.10078125 0.103125
0 0.721875 0.03203125 0.065625 0.0640625
0 0.2359375 0.76875 0.0890625 0.0671875
0 0.02421875 0.7078125 0.0484375 0.084375
0 0.278125 0.92109375 0.08203125 0.0625
0 0.66484375 0.53125 0.0484375 0.0625
0 0.328125 0.40703125 0.053125 0.0578125
0 0.28359375 0.3734375 0.04296875 0.0453125
0 0.06796875 0.43671875 0.1359375 0.1953125
0 0.37890625 0.5859375 0.071875 0.07421875
0 0.18046875 0.63359375 0.0578125 0.0671875
0 0.0390625 0.61015625 0.04296875 0.05546875
0 0.1609375 0.85390625 0.05546875 0.0578125