0 0.12265625 0.084375 0.0890625 0.0890625
0 0.2921875 0.19375 0.13203125 0.134375
0 0.24296875 0.496875 0.084375 0.09375
0 0.06015625 0.1796875 0.11328125 0.1109375
0 0.159375 0.3140625 0.0625 0.06484375
0 0.80234375 0.0640625 0.1234375 0.128125
0 0.68515625 0.07734375 0.06015625 0.05078125
0 0.6671875 0.02578125 0.0578125 0.05078125
0 0.5890625 0.38125 0.04296875 0.05078125
0 0.26953125 0.84609375 0.5390625 0.3078125
0 0.121875 0.94921875 0.115625 0.1015625
0 0.07578125 0.87890625 0.1515625 0.1703125
0 0.12578125 0.803125 0.1296875 0.11328125
0 0.071875 0.7296875 0.125 0.1078125
0 0.3796875 0.66484375 0.08671875 0.06953125
0 0.33515625 0.615625 0.0484375 0.0125