0 0.0171875 0.26328125 0.034375 0.1390625
0 0.35 0.19453125 0.3375 0.3890625
0 0.12109375 0.30703125 0.1703125 0.1640625
0 0.528125 0.15703125 0.01875 0.0765625
0 0.60078125 0.03515625 0.0484375 0.0453125
0 0.6390625 0.1078125 0.09140625 0.1109375
0 0.68828125 0.04609375 0.06015625 0.07421875
0 0.76171875 0.07109375 0.1109375 0.125
0 0.82265625 0.1015625 0.0796875 0.0796875
0 0.9046875 0.1015625 0.0671875 0.071875
0 0.54453125 0.37109375 0.0515625 0.0359375
0 0.846875 0.3609375 0.04296875 0.0484375
0 0.78828125 0.34921875 0.05078125 0.053125
0 0.79609375 0.29609375 0.05546875 0.0578125
0 0.86875 0.3390625 0.06015625 0.0625
0 0.86640625 0.2796875 0.05078125 0.053125
0 0.9921875 0.11484375 0.015625 0.0546875
0 0.696875 0.2828125 0.053125 0.053125
0 0.15078125 0.5140625 0.1203125 0.1296875
0 0.50390625 0.75078125 0.0296875 0.0796875
0 0.4546875 0.86328125 0.0796875 0.103125
0 0.353125 0.7734375 0.0484375 0.0671875
0 0.22890625 0.71328125 0.0578125 0.0671875
0 0.13671875 0.7734375 0.06953125 0.0765625
0 0.04609375 0.96875 0.0921875 0.0625
0 0.0203125 0.92421875 0.040625 0.0984375
0 0.0125 0.75546875 0.025 0.0765625
0 0.48359375 0.45 0.040625 0.0453125
0 0.371875 0.478125 0.03828125 0.0484375
0 0.278125 0.44375 0.0359375 0.04296875
0 0.2640625 0.49375 0.04296875 0.0453125
0 0.24375 0.5453125 0.06015625 0.0578125
0 0.9265625 0.8984375 0.146875 0.203125
0 0.81484375 0.9578125 0.2140625 0.084375
0 0.53984375 0.7078125 0.0421875 0.103125
0 0.675 0.45703125 0.3125 0.1359375
0 0.7234375 0.70625 0.31953125 0.33203125