0 0.0296875 0.39140625 0.059375 0.0515625
0 0.265625 0.39609375 0.0625 0.06484375
0 0.32890625 0.42578125 0.06015625 0.07421875
0 0.53125 0.3859375 0.04296875 0.0453125
0 0.5203125 0.44609375 0.0578125 0.05546875
0 0.38515625 0.17421875 0.3890625 0.3484375
0 0.05234375 0.06640625 0.1046875 0.1328125
0 0.9734375 0.24296875 0.053125 0.0734375
0 0.8890625 0.19609375 0.1078125 0.125
0 0.85546875 0.359375 0.0765625 0.0765625
0 0.7140625 0.1859375 0.09140625 0.10078125
0 0.10625 0.5796875 0.196875 0.2
0 0.1671875 0.753125 0.09609375 0.10546875
0 0.03359375 0.746875 0.0671875 0.13125
0 0.53046875 0.92890625 0.0984375 0.1421875
0 0.46015625 0.61015625 0.11796875 0.146875
0 0.3078125 0.7921875 0.12734375 0.1734375
0 0.97578125 0.93515625 0.0484375 0.0453125
0 0.97421875 0.87265625 0.0515625 0.0734375
0 0.82890625 0.8625 0.13203125 0.10078125
0 0.8171875 0.69765625 0.0796875 0.1078125
0 0.6421875 0.55859375 0.125 0.1578125
0 0.815625 0.559375 0.0796875 0.071875
0 0.7578125 0.528125 0.0359375 0.0484375