0 0.21953125 0.209375 0.3390625 0.41875
0 0.93828125 0.12421875 0.0984375 0.09375
0 0.71953125 0.0078125 0.0453125 0.015625
0 0.44453125 0.0296875 0.1109375 0.059375
0 0.50703125 0.13515625 0.0578125 0.05078125
0 0.41953125 0.1546875 0.0609375 0.08125
0 0.43984375 0.22109375 0.04296875 0.040625
0 0.746875 0.25234375 0.1109375 0.1078125
0 0.7828125 0.384375 0.15625 0.06875
0 0.94453125 0.37734375 0.0984375 0.0828125
0 0.115625 0.6375 0.23125 0.4375
0 0.04921875 0.953125 0.0359375 0.09375
0 0.33828125 0.6765625 0.07421875 0.084375
0 0.33828125 0.78125 0.0984375 0.09609375
0 0.4265625 0.43203125 0.075 0.0265625
0 0.43984375 0.7515625 0.0890625 0.0765625
0 0.5390625 0.82734375 0.146875 0.1515625
0 0.58828125 0.73359375 0.05546875 0.071875
0 0.7109375 0.80390625 0.11328125 0.13671875
0 0.703125 0.6453125 0.08671875 0.08671875
0 0.64375 0.590625 0.071875 0.06015625
0 0.9625 0.765625 0.075 0.0875
0 0.9 0.79765625 0.05546875 0.0578125
0 0.42890625 0.959375 0.0796875 0.08125
0 0.8421875 0.96015625 0.05546875 0.0484375
0 0.68984375 0.98671875 0.0484375 0.0265625
0 0.8296875 0.45234375 0.0625 0.0671875