0 0.20625 0.5296875 0.11328125 0.1109375
0 0.3171875 0.421875 0.065625 0.103125
0 0.06953125 0.1984375 0.11796875 0.09375
0 0.2671875 0.12734375 0.0484375 0.053125
0 0.65625 0.08359375 0.084375 0.1078125
0 0.45625 0.05625 0.09375 0.09609375
0 0.82734375 0.36171875 0.1734375 0.18046875
0 0.8921875 0.1828125 0.1109375 0.11328125
0 0.7109375 0.2140625 0.09375 0.08203125
0 0.5625 0.24609375 0.0796875 0.06484375
0 0.46171875 0.28125 0.05078125 0.0671875
0 0.55 0.6109375 0.13125 0.096875
0 0.93671875 0.0546875 0.08671875 0.0890625
0 0.98984375 0.3328125 0.0203125 0.1
0 0.56875 0.48984375 0.08671875 0.071875
0 0.43203125 0.503125 0.0671875 0.08203125
0 0.3953125 0.64609375 0.059375 0.0265625
0 0.78671875 0.55234375 0.071875 0.071875
0 0.7046875 0.609375 0.06015625 0.06484375
0 0.05625 0.76796875 0.1125 0.2171875
0 0.04765625 0.971875 0.0953125 0.05625
0 0.15078125 0.9578125 0.1109375 0.084375
0 0.16953125 0.90625 0.06015625 0.0625
0 0.1328125 0.88046875 0.0671875 0.0671875
0 0.13359375 0.8140625 0.103125 0.103125
0 0.3875 0.8671875 0.075 0.084375
0 0.5640625 0.9421875 0.125 0.115625
0 0.80625 0.790625 0.06953125 0.0578125
0 0.77421875 0.71484375 0.1234375 0.1109375