0 0.4375 0.1046875 0.125 0.153125
0 0.47265625 0.21953125 0.0546875 0.0890625
0 0.33359375 0.06953125 0.0796875 0.084375
0 0.29375 0.37109375 0.0984375 0.10078125
0 0.159375 0.27421875 0.16796875 0.165625
0 0.01953125 0.159375 0.0390625 0.125
0 0.0359375 0.51484375 0.071875 0.1515625
0 0.190625 0.5765625 0.14375 0.125
0 0.32734375 0.5109375 0.1609375 0.15625
0 0.4515625 0.60234375 0.06953125 0.0671875
0 0.91328125 0.01015625 0.0671875 0.0203125
0 0.85625 0.059375 0.053125 0.0578125
0 0.93671875 0.1765625 0.08671875 0.10078125
0 0.978125 0.29375 0.04375 0.053125
0 0.9625 0.5859375 0.075 0.103125
0 0.8984375 0.6109375 0.0875 0.05625
0 0.6859375 0.50703125 0.0765625 0.06953125
0 0.690625 0.44453125 0.0484375 0.0484375
0 0.7421875 0.42265625 0.05546875 0.06484375
0 0.82265625 0.37109375 0.084375 0.0765625
0 0.75546875 0.28671875 0.1109375 0.10546875
0 0.584375 0.09453125 0.09140625 0.0796875
0 0.6078125 0.59453125 0.05546875 0.05546875
0 0.68203125 0.18828125 0.0484375 0.05546875
0 0.71328125 0.140625 0.0578125 0.06015625
0 0.52109375 0.09609375 0.0421875 0.0515625
0 0.903125 0.4265625 0.0671875 0.0578125
0 0.92578125 0.46953125 0.03828125 0.03828125
0 0.30546875 0.77578125 0.178125 0.1875
0 0.2359375 0.94453125 0.115625 0.1109375
0 0.83125 0.6734375 0.259375 0.06875
0 0.678125 0.69609375 0.0578125 0.0796875
0 0.6515625 0.9609375 0.09375 0.078125
0 0.85234375 0.91953125 0.1765625 0.1609375