0 0.05703125 0.50234375 0.1140625 0.0734375
0 0.08984375 0.41015625 0.1796875 0.1578125
0 0.0609375 0.2609375 0.121875 0.13125
0 0.04375 0.159375 0.084375 0.07421875
0 0.23828125 0.51875 0.0765625 0.040625
0 0.271875 0.2390625 0.075 0.10625
0 0.071875 0.034375 0.090625 0.06875
0 0.9828125 0.30234375 0.034375 0.0453125
0 0.41640625 0.51953125 0.0796875 0.0390625
0 0.69296875 0.28125 0.6140625 0.515625
0 0.1625 0.96328125 0.084375 0.0734375
0 0.8671875 0.7671875 0.265625 0.45625
0 0.7046875 0.9609375 0.2625 0.078125
0 0.5046875 0.7828125 0.071875 0.0796875
0 0.34453125 0.71640625 0.0703125 0.1390625
0 0.31796875 0.78359375 0.0171875 0.0703125
0 0.50859375 0.94765625 0.08203125 0.0890625
0 0.56953125 0.55546875 0.0984375 0.0328125
0 0.63125 0.55546875 0.065625 0.0328125
0 0.67890625 0.628125 0.05546875 0.05078125
0 0.70625 0.66171875 0.0578125 0.05546875
0 0.64375 0.67265625 0.0578125 0.06484375
0 0.675 0.8203125 0.0796875 0.0625
0 0.34453125 0.82734375 0.0578125 0.06015625