0 0.22578125 0.3453125 0.08671875 0.0796875
0 0.06015625 0.0515625 0.1203125 0.103125
0 0.40390625 0.35390625 0.0703125 0.0859375
0 0.25546875 0.4546875 0.08203125 0.0765625
0 0.03359375 0.48828125 0.06015625 0.05546875
0 0.70078125 0.4484375 0.0578125 0.084375
0 0.40546875 0.96484375 0.0671875 0.0671875
0 0.4171875 0.9125 0.04375 0.071875
0 0.14375 0.90234375 0.11328125 0.12734375
0 0.303125 0.80390625 0.084375 0.09609375
0 0.32109375 0.89921875 0.053125 0.06484375
0 0.02578125 0.84609375 0.0515625 0.1296875
0 0.0234375 0.68203125 0.046875 0.0828125
0 0.034375 0.54453125 0.0625 0.0515625
0 0.3 0.5515625 0.09375 0.065625
0 0.86953125 0.58046875 0.103125 0.103125
0 0.7515625 0.60703125 0.08203125 0.0890625
0 0.68125 0.67890625 0.1203125 0.146875
0 0.521875 0.634375 0.10546875 0.0796875
0 0.540625 0.74609375 0.07421875 0.08203125
0 0.984375 0.9328125 0.03125 0.053125