0 0.56484375 0.02890625 0.0609375 0.0578125
0 0.61640625 0.37734375 0.1453125 0.0828125
0 0.15703125 0.38671875 0.1296875 0.0640625
0 0.92890625 0.16484375 0.1421875 0.1640625
0 0.86953125 0.13515625 0.1296875 0.1296875
0 0.76796875 0.14921875 0.1578125 0.1578125
0 0.81171875 0.38203125 0.1734375 0.0734375
0 0.734375 0.3625 0.090625 0.1125
0 0.97734375 0.28125 0.0453125 0.159375
0 0.878125 0.0578125 0.24375 0.115625
0 0.46796875 0.5953125 0.14921875 0.14921875
0 0.3546875 0.6140625 0.103125 0.103125
0 0.3546875 0.67109375 0.1078125 0.1078125
0 0.271875 0.6640625 0.0984375 0.10078125
0 0.23203125 0.58515625 0.1078125 0.1078125
0 0.140625 0.628125 0.13203125 0.134375
0 0.18671875 0.70390625 0.103125 0.103125
0 0.18515625 0.815625 0.115625 0.11796875
0 0.34921875 0.8984375 0.11328125 0.11328125
0 0.2609375 0.90234375 0.103125 0.103125
0 0.615625 0.89296875 0.146875 0.1546875
0 0.66796875 0.7796875 0.0421875 0.06875
0 0.675 0.56015625 0.028125 0.0734375
0 0.55234375 0.47890625 0.0984375 0.10078125
0 0.43671875 0.4609375 0.2015625 0.084375
0 0.02421875 0.6984375 0.0484375 0.06875
0 0.09765625 0.8109375 0.07421875 0.07421875
0 0.503125 0.73984375 0.0796875 0.0796875
0 0.88359375 0.87578125 0.15390625 0.15859375
0 0.81484375 0.95 0.1203125 0.1
0 0.95625 0.74921875 0.084375 0.08671875
0 0.934375 0.68828125 0.13125 0.1765625
0 0.7234375 0.64296875 0.06875 0.0921875
0 0.7703125 0.74609375 0.10078125 0.11328125
0 0.73203125 0.8515625 0.0859375 0.09375
0 0.8265625 0.65703125 0.08671875 0.09140625
0 0.703125 0.9015625 0.028125 0.071875
0 0.71015625 0.54453125 0.0421875 0.0609375
0 0.72109375 0.57890625 0.0640625 0.0796875
0 0.72734375 0.44453125 0.0578125 0.0515625
0 0.95234375 0.43359375 0.0953125 0.0296875