0 0.10859375 0.0484375 0.1703125 0.096875
0 0.0203125 0.040625 0.040625 0.071875
0 0.1359375 0.1265625 0.11796875 0.1109375
0 0.1640625 0.21484375 0.14453125 0.1390625
0 0.14921875 0.3578125 0.15390625 0.15390625
0 0.25625 0.33984375 0.09375 0.10078125
0 0.11484375 0.5265625 0.1078125 0.046875
0 0.409375 0.25703125 0.1 0.1703125
0 0.88125 0.5140625 0.06875 0.071875
0 0.6234375 0.0953125 0.08203125 0.0796875
0 0.76796875 0.03515625 0.071875 0.06953125
0 0.81484375 0.0296875 0.0578125 0.059375
0 0.865625 0.16171875 0.0453125 0.0484375
0 0.98359375 0.13984375 0.0328125 0.0515625
0 0.54921875 0.23828125 0.053125 0.0625
0 0.8328125 0.2515625 0.02890625 0.0359375
0 0.80078125 0.28515625 0.03359375 0.04296875
0 0.88359375 0.2671875 0.01953125 0.03828125
0 0.6234375 0.23125 0.03828125 0.0484375
0 0.640625 0.43671875 0.0484375 0.0453125
0 0.76875 0.534375 0.04375 0.03125
0 0.7234375 0.490625 0.03359375 0.0359375
0 0.9546875 0.40625 0.0265625 0.03359375
0 0.97734375 0.5125 0.03125 0.03359375
0 0.90703125 0.0078125 0.0453125 0.015625
0 0.0234375 0.609375 0.046875 0.0875
0 0.1234375 0.771875 0.09140625 0.09375
0 0.0828125 0.8234375 0.05546875 0.06484375
0 0.06875 0.884375 0.06015625 0.0625
0 0.3703125 0.90625 0.05546875 0.0578125
0 0.40234375 0.80546875 0.08671875 0.06953125
0 0.2859375 0.7015625 0.0578125 0.06015625