0 0.278125 0.09375 0.0578125 0.05546875
0 0.2765625 0.1765625 0.103125 0.09375
0 0.30234375 0.31484375 0.07421875 0.06953125
0 0.38515625 0.3953125 0.0578125 0.046875
0 0.984375 0.39375 0.03125 0.040625
0 0.9953125 0.34140625 0.009375 0.0328125
0 0.8390625 0.40546875 0.03125 0.0265625
0 0.80390625 0.390625 0.05078125 0.040625
0 0.78125 0.35 0.03359375 0.03125
0 0.7078125 0.37890625 0.0453125 0.03828125
0 0.5671875 0.35234375 0.04296875 0.0484375
0 0.6296875 0.3390625 0.0359375 0.0453125
0 0.6671875 0.32421875 0.03359375 0.03125
0 0.678125 0.28125 0.040625 0.0484375
0 0.74375 0.31015625 0.1109375 0.115625
0 0.89921875 0.240625 0.07421875 0.0765625
0 0.796875 0.16015625 0.06015625 0.0578125
0 0.703125 0.140625 0.0671875 0.05078125
0 0.80546875 0.0203125 0.1203125 0.040625
0 0.4296875 0.29453125 0.021875 0.0359375
0 0.55625 0.16015625 0.05546875 0.0625
0 0.2953125 0.70859375 0.246875 0.2515625
0 0.1265625 0.71953125 0.253125 0.4484375
0 0.071875 0.95859375 0.128125 0.0828125
0 0.1671875 0.4875 0.165625 0.1375
0 0.2421875 0.95078125 0.09140625 0.09375
0 0.2375 0.615625 0.0984375 0.0984375
0 0.6453125 0.50703125 0.13671875 0.134375
0 0.578125 0.63359375 0.11328125 0.1109375
0 0.76171875 0.43125 0.1140625 0.025
0 0.965625 0.62734375 0.06875 0.1078125
0 0.915625 0.4890625 0.0765625 0.0796875