0 0.58984375 0.42734375 0.30546875 0.31953125
0 0.6125 0.31171875 0.09609375 0.10078125
0 0.77578125 0.4875 0.21640625 0.2140625
0 0.8453125 0.4703125 0.1109375 0.10546875
0 0.93125 0.5625 0.1375 0.196875
0 0.775 0.63125 0.2625 0.1375
0 0.43828125 0.61015625 0.1921875 0.1796875
0 0.45390625 0.540625 0.08671875 0.0890625
0 0.3875 0.434375 0.15859375 0.15859375
0 0.4609375 0.165625 0.34375 0.33125
0 0.45390625 0.028125 0.1390625 0.05625
0 0.65 0.0125 0.0875 0.025
0 0.83515625 0.0453125 0.1890625 0.090625
0 0.94609375 0.07109375 0.1078125 0.1328125
0 0.9359375 0.33828125 0.12734375 0.12734375
0 0.8203125 0.32421875 0.13203125 0.13671875
0 0.96875 0.425 0.0625 0.103125
0 0.24609375 0.7265625 0.0859375 0.053125
0 0.27421875 0.75390625 0.0296875 0.0671875
0 0.25859375 0.86796875 0.0609375 0.0890625
0 0.0765625 0.81796875 0.08203125 0.08203125
0 0.12578125 0.89140625 0.071875 0.07421875
0 0.47421875 0.7109375 0.0859375 0.021875
0 0.48515625 0.7640625 0.08203125 0.0625
0 0.6328125 0.91484375 0.05546875 0.0671875