0 0.2703125 0.54296875 0.084375 0.0515625
0 0.0703125 0.40234375 0.05546875 0.0578125
0 0.071875 0.31328125 0.0984375 0.0984375
0 0.0484375 0.1640625 0.071875 0.07421875
0 0.68515625 0.55390625 0.0484375 0.0296875
0 0.5640625 0.5421875 0.028125 0.034375
0 0.97578125 0.48828125 0.0484375 0.0578125
0 0.9703125 0.425 0.05078125 0.040625
0 0.84296875 0.42890625 0.05546875 0.0578125
0 0.7578125 0.43359375 0.05078125 0.040625
0 0.67265625 0.43125 0.0484375 0.040625
0 0.59921875 0.44765625 0.05546875 0.04296875
0 0.82734375 0.3453125 0.0359375 0.03359375
0 0.79765625 0.2671875 0.09375 0.0984375
0 0.64140625 0.3890625 0.04296875 0.03828125
0 0.92734375 0.2671875 0.1109375 0.0890625
0 0.73359375 0.0703125 0.040625 0.0453125
0 0.70859375 0.01171875 0.0578125 0.0234375
0 0.87890625 0.16875 0.10078125 0.08671875
0 0.6109375 0.228125 0.053125 0.0578125
0 0.56171875 0.0296875 0.0234375 0.03125
0 0.959375 0.0984375 0.0578125 0.0671875
0 0.9515625 0.015625 0.034375 0.03125
0 0.03515625 0.67109375 0.0703125 0.1578125
0 0.371875 0.809375 0.35625 0.38125
0 0.128125 0.59765625 0.084375 0.0578125
0 0.9171875 0.61875 0.09375 0.0796875
0 0.9421875 0.6984375 0.0671875 0.07421875
0 0.7484375 0.92421875 0.06484375 0.084375
0 0.6453125 0.88828125 0.06953125 0.09375
0 0.571875 0.965625 0.04375 0.06875