0 0.0515625 0.31015625 0.103125 0.1921875
0 0.33984375 0.1671875 0.0203125 0.103125
0 0.30390625 0.12421875 0.0921875 0.1046875
0 0.221875 0.284375 0.134375 0.13671875
0 0.1546875 0.4515625 0.1203125 0.11328125
0 0.07578125 0.38515625 0.1515625 0.1515625
0 0.68828125 0.0546875 0.1703125 0.109375
0 0.6578125 0.1921875 0.146875 0.11796875
0 0.66953125 0.29296875 0.0796875 0.0671875
0 0.54453125 0.14609375 0.06015625 0.06484375
0 0.9 0.18828125 0.0890625 0.0984375
0 0.98125 0.28125 0.0375 0.090625
0 0.7921875 0.48046875 0.09375 0.08203125
0 0.71171875 0.41875 0.084375 0.07421875
0 0.478125 0.40234375 0.0765625 0.0796875
0 0.39375 0.303125 0.0875 0.128125
0 0.4921875 0.51171875 0.125 0.0953125
0 0.9484375 0.53984375 0.0375 0.0390625
0 0.24296875 0.98125 0.0578125 0.0375
0 0.02890625 0.95703125 0.0578125 0.0578125
0 0.0109375 0.921875 0.021875 0.05625
0 0.09375 0.70234375 0.06015625 0.06484375
0 0.040625 0.66796875 0.08125 0.1328125
0 0.09296875 0.58046875 0.0796875 0.0421875
0 0.2109375 0.84296875 0.0796875 0.06953125
0 0.09296875 0.9078125 0.0578125 0.0578125
0 0.94140625 0.66640625 0.1171875 0.1390625