0 0.2078125 0.2828125 0.415625 0.471875
0 0.44765625 0.28984375 0.12734375 0.12734375
0 0.38203125 0.1953125 0.1828125 0.18515625
0 0.51875 0.20859375 0.08671875 0.0890625
0 0.97890625 0.01484375 0.0421875 0.0296875
0 0.84140625 0.2296875 0.053125 0.0578125
0 0.91484375 0.2109375 0.03828125 0.0359375
0 0.89921875 0.296875 0.03125 0.0484375
0 0.79609375 0.3390625 0.0484375 0.03828125
0 0.67890625 0.28984375 0.0453125 0.04296875
0 0.625 0.41953125 0.0484375 0.03359375
0 0.7875 0.4125 0.06015625 0.053125
0 0.98515625 0.4359375 0.0296875 0.0625
0 0.62421875 0.4875 0.05546875 0.0578125
0 0.803125 0.51328125 0.040625 0.0109375
0 0.609375 0.30234375 0.04296875 0.04296875
0 0.05625 0.646875 0.1125 0.11875
0 0.1296875 0.71328125 0.10546875 0.1296875
0 0.0421875 0.80390625 0.084375 0.1078125
0 0.05859375 0.91640625 0.08671875 0.084375
0 0.2796875 0.83515625 0.084375 0.0890625
0 0.37265625 0.90078125 0.06953125 0.0765625
0 0.53671875 0.9 0.0640625 0.084375
0 0.203125 0.759375 0.084375 0.09375
0 0.7640625 0.58046875 0.09140625 0.0890625
0 0.66484375 0.7375 0.09375 0.09375
0 0.6109375 0.9328125 0.08203125 0.08203125