0 0.06875 0.25703125 0.1375 0.1921875
0 0.265625 0.09609375 0.53125 0.1921875
0 0.4546875 0.359375 0.1203125 0.1203125
0 0.028125 0.33359375 0.05625 0.1546875
0 0.18515625 0.2515625 0.10546875 0.103125
0 0.42421875 0.24375 0.12265625 0.12265625
0 0.94296875 0.04375 0.08671875 0.084375
0 0.71796875 0.0515625 0.0765625 0.07421875
0 0.5625 0.43984375 0.046875 0.1203125
0 0.634375 0.46015625 0.121875 0.0796875
0 0.88359375 0.40546875 0.2328125 0.1890625
0 0.8078125 0.2375 0.10078125 0.10078125
0 0.51796875 0.58984375 0.0421875 0.0828125
0 0.49765625 0.775 0.0828125 0.15625
0 0.45234375 0.815625 0.0578125 0.0765625
0 0.3 0.72265625 0.0578125 0.0671875
0 0.41875 0.678125 0.0625 0.0578125
0 0.1890625 0.64921875 0.06015625 0.06015625
0 0.02265625 0.89921875 0.0453125 0.0796875
0 0.2109375 0.88125 0.05546875 0.0453125
0 0.184375 0.8296875 0.05078125 0.0484375
0 0.0359375 0.740625 0.071875 0.146875
0 0.9578125 0.9734375 0.040625 0.053125
0 0.97578125 0.70703125 0.0484375 0.0859375
0 0.9734375 0.79296875 0.053125 0.0671875
0 0.678125 0.75 0.05546875 0.040625
0 0.7359375 0.62734375 0.0453125 0.040625
0 0.715625 0.7078125 0.03359375 0.03125
0 0.5859375 0.534375 0.053125 0.04296875
0 0.5625 0.65859375 0.03125 0.053125
0 0.625 0.90234375 0.04296875 0.03828125
0 0.86875 0.50390625 0.06875 0.0078125