0 0.2796875 0.30078125 0.478125 0.4765625
0 0.4859375 0.271875 0.065625 0.240625
0 0.48359375 0.1390625 0.0703125 0.14375
0 0.03828125 0.35234375 0.0765625 0.1296875
0 0.078125 0.24921875 0.15625 0.1859375
0 0.8375 0.19375 0.1421875 0.1609375
0 0.7484375 0.27421875 0.1296875 0.1203125
0 0.92421875 0.13046875 0.09375 0.084375
0 0.8640625 0.51484375 0.1125 0.0484375
0 0.665625 0.10859375 0.08203125 0.09140625
0 0.53828125 0.03515625 0.0390625 0.0703125
0 0.04296875 0.94140625 0.0859375 0.1078125
0 0.04375 0.78984375 0.0875 0.1765625
0 0.121875 0.62421875 0.1421875 0.1203125
0 0.496875 0.84140625 0.04375 0.0703125
0 0.50625 0.6828125 0.025 0.0875
0 0.484375 0.5828125 0.06875 0.0875
0 0.2015625 0.56015625 0.0375 0.0421875
0 0.359375 0.56015625 0.065625 0.0421875
0 0.209375 0.70390625 0.06015625 0.05546875
0 0.3765625 0.85625 0.0765625 0.07421875
0 0.58359375 0.6046875 0.12265625 0.1203125
0 0.81953125 0.5703125 0.0703125 0.0625