0 0.159375 0.15859375 0.31875 0.3171875
0 0.2734375 0.25234375 0.090625 0.2328125
0 0.015625 0.3546875 0.03125 0.115625
0 0.47890625 0.0859375 0.071875 0.0625
0 0.51953125 0.18359375 0.06015625 0.06484375
0 0.5703125 0.1453125 0.05078125 0.053125
0 0.9890625 0.1109375 0.021875 0.065625
0 0.99296875 0.25 0.0140625 0.06875
0 0.8703125 0.16640625 0.259375 0.3328125
0 0.4609375 0.39296875 0.08203125 0.08671875
0 0.68828125 0.42421875 0.0671875 0.0296875
0 0.853125 0.41484375 0.05 0.0484375
0 0.18125 0.67265625 0.11796875 0.12265625
0 0.2171875 0.5375 0.103125 0.10078125
0 0.2453125 0.7609375 0.10078125 0.0984375
0 0.93828125 0.5890625 0.084375 0.0984375
0 0.9640625 0.4578125 0.071875 0.0375
0 0.68984375 0.45546875 0.0765625 0.0328125
0 0.49375 0.53046875 0.12265625 0.12265625
0 0.6765625 0.759375 0.1734375 0.178125
0 0.5765625 0.76796875 0.0796875 0.08671875
0 0.4453125 0.803125 0.09140625 0.0984375
0 0.690625 0.60859375 0.084375 0.0671875
0 0.95390625 0.68203125 0.0921875 0.0859375
0 0.9515625 0.746875 0.0765625 0.0984375