0 0.20078125 0.3 0.3578125 0.2
0 0.1328125 0.265625 0.22109375 0.2328125
0 0.04609375 0.34453125 0.0921875 0.1109375
0 0.90703125 0.31875 0.0984375 0.103125
0 0.7546875 0.29140625 0.221875 0.2171875
0 0.5078125 0.1296875 0.146875 0.1390625
0 0.71953125 0.02578125 0.0578125 0.0515625
0 0.42578125 0.240625 0.0921875 0.084375
0 0.3140625 0.9078125 0.0890625 0.0671875
0 0.0890625 0.84765625 0.0765625 0.084375
0 0.02734375 0.81328125 0.0546875 0.0921875
0 0.359375 0.51171875 0.040625 0.0453125
0 0.10703125 0.53671875 0.2140625 0.2734375
0 0.25859375 0.77265625 0.0578125 0.0671875
0 0.1171875 0.74921875 0.04296875 0.05546875
0 0.23828125 0.98203125 0.0546875 0.0359375
0 0.54140625 0.4078125 0.0578125 0.015625
0 0.52890625 0.7140625 0.08203125 0.08203125
0 0.77890625 0.92890625 0.09140625 0.08203125
0 0.8234375 0.66796875 0.05078125 0.0578125
0 0.8796875 0.53203125 0.0359375 0.040625
0 0.9375 0.95390625 0.0578125 0.0578125
0 0.96875 0.86796875 0.0578125 0.0359375
0 0.9484375 0.540625 0.06953125 0.04296875
0 0.56015625 0.94921875 0.0453125 0.04296875
0 0.81953125 0.99140625 0.0515625 0.0171875
0 0.4859375 0.46171875 0.03359375 0.0359375
0 0.5484375 0.6078125 0.053125 0.04296875