0 0.1765625 0.05234375 0.09140625 0.09140625
0 0.39453125 0.28671875 0.0484375 0.1703125
0 0.16796875 0.53203125 0.0765625 0.0734375
0 0.4109375 0.04921875 0.015625 0.0671875
0 0.403125 0.0859375 0.03125 0.0625
0 0.0734375 0.03203125 0.096875 0.0640625
0 0.109375 0.52265625 0.0578125 0.0578125
0 0.01015625 0.34140625 0.0203125 0.0578125
0 0.47890625 0.45390625 0.1203125 0.1734375
0 0.46875 0.35078125 0.1 0.1796875
0 0.975 0.21171875 0.05 0.0921875
0 0.95625 0.0515625 0.0875 0.103125
0 0.88671875 0.0390625 0.0921875 0.078125
0 0.6421875 0.25078125 0.10546875 0.10546875
0 0.6828125 0.30234375 0.09140625 0.0890625
0 0.5640625 0.33125 0.1109375 0.115625
0 0.5546875 0.0484375 0.1 0.096875
0 0.4734375 0.5515625 0.1 0.034375
0 0.18828125 0.659375 0.1078125 0.1078125
0 0.1609375 0.95234375 0.0765625 0.0765625
0 0.2171875 0.93828125 0.0765625 0.0796875
0 0.07421875 0.90703125 0.1203125 0.11796875
0 0.11328125 0.60546875 0.0796875 0.0734375
0 0.50078125 0.6015625 0.1015625 0.065625
0 0.70859375 0.71875 0.07421875 0.084375