0 0.58203125 0.0328125 0.0609375 0.065625
0 0.73671875 0.271875 0.0453125 0.05
0 0.7421875 0.38828125 0.034375 0.0453125
0 0.709375 0.35625 0.03828125 0.05546875
0 0.6375 0.40390625 0.040625 0.04296875
0 0.56796875 0.409375 0.0390625 0.040625
0 0.18046875 0.3640625 0.05546875 0.05078125
0 0.10234375 0.33515625 0.0453125 0.0578125
0 0.1140625 0.12890625 0.11796875 0.11796875
0 0.03046875 0.109375 0.0609375 0.0625
0 0.2078125 0.090625 0.05078125 0.0578125
0 0.26015625 0.1203125 0.03828125 0.040625
0 0.42421875 0.21015625 0.03828125 0.0453125
0 0.49921875 0.1515625 0.0578125 0.0578125
0 0.46796875 0.0625 0.03828125 0.040625
0 0.9125 0.1328125 0.175 0.265625
0 0.86796875 0.009375 0.0578125 0.01875
0 0.98671875 0.2875 0.0265625 0.040625
0 0.92578125 0.4109375 0.0796875 0.0375
0 0.721875 0.84453125 0.075 0.1890625
0 0.28515625 0.5515625 0.1390625 0.13203125
0 0.34921875 0.4671875 0.1421875 0.075
0 0.58203125 0.5484375 0.084375 0.08203125
0 0.609375 0.60703125 0.09140625 0.0890625
0 0.728125 0.51875 0.0625 0.08125
0 0.6234375 0.76484375 0.07421875 0.07421875
0 0.5796875 0.7609375 0.0578125 0.0625
0 0.50703125 0.703125 0.0625 0.0625
0 0.365625 0.6578125 0.0484375 0.0578125
0 0.39921875 0.69765625 0.0671875 0.07421875
0 0.4265625 0.72890625 0.0765625 0.0765625
0 0.5421875 0.97734375 0.053125 0.0453125
0 0.17421875 0.9171875 0.11328125 0.10546875
0 0.2859375 0.95546875 0.06953125 0.06484375
0 0.046875 0.59375 0.03359375 0.0625
0 0.02890625 0.82734375 0.0578125 0.1234375
0 0.571875 0.871875 0.15625 0.15859375
0 0.396875 0.88984375 0.225 0.2203125
0 0.92578125 0.63515625 0.1484375 0.4109375
0 0.85625 0.88125 0.19375 0.228125
0 0.79609375 0.4734375 0.05546875 0.05078125
0 0.8234375 0.50703125 0.0578125 0.05546875
0 0.77421875 0.5171875 0.0296875 0.065625
0 0.7953125 0.665625 0.071875 0.0625