0 0.3 0.18984375 0.115625 0.1390625
0 0.2421875 0.196875 0.05078125 0.053125
0 0.14921875 0.25625 0.08671875 0.09140625
0 0.10703125 0.2140625 0.040625 0.0453125
0 0.06015625 0.2796875 0.0671875 0.059375
0 0.1734375 0.07109375 0.0671875 0.06484375
0 0.39375 0.2828125 0.053125 0.053125
0 0.0109375 0.028125 0.021875 0.04375
0 0.7859375 0.121875 0.3125 0.24375
0 0.64453125 0.21953125 0.12265625 0.125
0 0.68203125 0.27578125 0.0890625 0.0671875
0 0.6015625 0.11015625 0.284375 0.2203125
0 0.05390625 0.48828125 0.1078125 0.2484375
0 0.0296875 0.97109375 0.059375 0.0578125
0 0.14453125 0.98125 0.0859375 0.0375
0 0.27578125 0.98359375 0.1078125 0.0328125
0 0.36328125 0.9875 0.0421875 0.025
0 0.4453125 0.54765625 0.028125 0.1109375
0 0.378125 0.3828125 0.05078125 0.05546875
0 0.23671875 0.37578125 0.06484375 0.0578125
0 0.253125 0.43828125 0.0484375 0.05078125
0 0.11953125 0.43125 0.05078125 0.0453125
0 0.153125 0.52265625 0.0578125 0.06015625
0 0.2578125 0.5859375 0.0625 0.05546875
0 0.11171875 0.6703125 0.0578125 0.0671875
0 0.06796875 0.6578125 0.053125 0.053125
0 0.071875 0.7203125 0.07421875 0.0765625
0 0.58359375 0.75078125 0.10078125 0.071875
0 0.5296875 0.5375 0.0625 0.0796875
0 0.61171875 0.4796875 0.08203125 0.0890625
0 0.7390625 0.40390625 0.09140625 0.08671875
0 0.69453125 0.3171875 0.0546875 0.015625
0 0.89296875 0.334375 0.0921875 0.05
0 0.9640625 0.4171875 0.071875 0.0875
0 0.9671875 0.52734375 0.065625 0.0890625
0 0.7140625 0.74296875 0.06015625 0.05546875
0 0.66171875 0.78125 0.06953125 0.071875
0 0.85078125 0.9640625 0.05078125 0.0578125
0 0.91328125 0.9578125 0.053125 0.05078125
0 0.9328125 0.8375 0.071875 0.05546875
0 0.5546875 0.78515625 0.190625 0.3078125
0 0.58984375 0.33984375 0.0578125 0.0453125
0 0.75546875 0.55859375 0.04296875 0.04296875
0 0.609375 0.96953125 0.0359375 0.03125
0 0.4796875 0.98125 0.040625 0.0375