0 0.2671875 0.40234375 0.071875 0.0671875
0 0.20078125 0.059375 0.06484375 0.084375
0 0.140625 0.13671875 0.06015625 0.06484375
0 0.0734375 0.17265625 0.0484375 0.0625
0 0.16015625 0.35546875 0.071875 0.0796875
0 0.3234375 0.02265625 0.040625 0.0453125
0 0.9390625 0.29765625 0.0453125 0.07421875
0 0.5609375 0.17109375 0.04296875 0.04296875
0 0.69921875 0.03671875 0.05546875 0.03125
0 0.99140625 0.115625 0.0171875 0.040625
0 0.8453125 0.009375 0.053125 0.01875
0 0.82109375 0.18203125 0.0453125 0.07421875
0 0.7703125 0.1125 0.0484375 0.0453125
0 0.9328125 0.146875 0.053125 0.06015625
0 0.56953125 0.2375 0.03359375 0.02890625
0 0.87890625 0.55859375 0.0359375 0.0203125
0 0.9890625 0.390625 0.021875 0.053125
0 0.28203125 0.6125 0.1296875 0.0875
0 0.43359375 0.6109375 0.0515625 0.05625
0 0.2859375 0.88828125 0.071875 0.0765625
0 0.21015625 0.903125 0.2234375 0.19375
0 0.4390625 0.94609375 0.040625 0.0890625
0 0.41640625 0.7984375 0.08203125 0.06953125
0 0.35625 0.6875 0.08203125 0.08203125