0 0.37421875 0.14375 0.125 0.1203125
0 0.47890625 0.20234375 0.09140625 0.1078125
0 0.01953125 0.22578125 0.0390625 0.0859375
0 0.08125 0.2859375 0.103125 0.046875
0 0.1359375 0.24296875 0.0453125 0.0453125
0 0.10234375 0.2046875 0.0578125 0.0578125
0 0.175 0.09375 0.05078125 0.053125
0 0.25 0.059375 0.0671875 0.06484375
0 0.23046875 0.034375 0.1265625 0.06875
0 0.43203125 0.01640625 0.0765625 0.0328125
0 0.5171875 0.06796875 0.0796875 0.06953125
0 0.615625 0.21640625 0.06015625 0.0578125
0 0.57734375 0.240625 0.040625 0.040625
0 0.584375 0.0953125 0.05546875 0.05546875
0 0.04375 0.06796875 0.06015625 0.0796875
0 0.12421875 0.05234375 0.04296875 0.05078125
0 0.71953125 0.278125 0.06015625 0.053125
0 0.75703125 0.16796875 0.0890625 0.1078125
0 0.97109375 0.175 0.0578125 0.071875
0 0.9734375 0.1078125 0.03359375 0.0453125
0 0.7046875 0.08203125 0.03125 0.0703125
0 0.83125 0.04921875 0.05546875 0.0625
0 0.9140625 0.07421875 0.115625 0.1390625
0 0.35546875 0.5234375 0.6671875 0.428125
0 0.1640625 0.3984375 0.209375 0.178125
0 0.534375 0.521875 0.13203125 0.12734375
0 0.4453125 0.5578125 0.14921875 0.15390625
0 0.60703125 0.41796875 0.103125 0.0984375
0 0.65 0.73671875 0.078125 0.1765625
0 0.28046875 0.81796875 0.5609375 0.3640625
0 0.0609375 0.84765625 0.121875 0.1609375
0 0.1359375 0.60234375 0.14921875 0.14453125
0 0.78515625 0.384375 0.06484375 0.0625