0 0.19609375 0.5015625 0.125 0.1203125
0 0.30078125 0.56015625 0.09140625 0.1078125
0 0.0109375 0.4515625 0.021875 0.053125
0 0.071875 0.4171875 0.0671875 0.06484375
0 0.0578125 0.3609375 0.115625 0.13125
0 0.271875 0.2359375 0.0765625 0.0671875
0 0.2546875 0.34609375 0.0765625 0.0890625
0 0.3390625 0.42578125 0.0796875 0.06953125
0 0.44609375 0.18359375 0.1203125 0.12265625
0 0.271875 0.0515625 0.071875 0.0796875
0 0.0453125 0.0203125 0.090625 0.040625
0 0.021875 0.0703125 0.04375 0.053125
0 0.16328125 0.28828125 0.06953125 0.06953125
0 0.39765625 0.3296875 0.10078125 0.08203125
0 0.34765625 0.271875 0.0671875 0.07421875
0 0.4375 0.57421875 0.06015625 0.0578125
0 0.39921875 0.5984375 0.040625 0.040625
0 0.40625 0.453125 0.05546875 0.05546875
0 0.24296875 0.14453125 0.053125 0.04296875
0 0.24296875 0.18046875 0.0625 0.06015625
0 0.17421875 0.0625 0.0484375 0.040625
0 0.546875 0.46953125 0.05625 0.0640625
0 0.5359375 0.41796875 0.034375 0.1234375
0 0.9578125 0.2640625 0.084375 0.121875
0 0.8 0.31171875 0.0625 0.06015625
0 0.8015625 0.046875 0.09140625 0.084375
0 0.71953125 0.0625 0.06484375 0.0671875
0 0.5453125 0.3140625 0.053125 0.053125
0 0.5734375 0.60390625 0.05 0.0296875
0 0.20859375 0.9359375 0.1390625 0.128125
0 0.45859375 0.8203125 0.1203125 0.146875
0 0.48984375 0.6921875 0.0578125 0.1
0 0.334375 0.7 0.1203125 0.125
0 0.03828125 0.85234375 0.0765625 0.1015625
0 0.05859375 0.96875 0.1171875 0.0625