0 0.575 0.52890625 0.08671875 0.08671875
0 0.55078125 0.46953125 0.1359375 0.1765625
0 0.32421875 0.4421875 0.09609375 0.09375
0 0.3859375 0.5296875 0.10625 0.1
0 0.15 0.4625 0.15625 0.1609375
0 0.0515625 0.5421875 0.08125 0.075
0 0.015625 0.51953125 0.03125 0.1203125
0 0.04140625 0.34765625 0.0828125 0.2015625
0 0.015625 0.2125 0.03125 0.103125
0 0.24375 0.26953125 0.09609375 0.10078125
0 0.08359375 0.1609375 0.07421875 0.0796875
0 0.42265625 0.12734375 0.125 0.1203125
0 0.4734375 0.184375 0.0671875 0.06953125
0 0.43203125 0.028125 0.1203125 0.05625
0 0.440625 0.44609375 0.0890625 0.09140625
0 0.25390625 0.55 0.1234375 0.059375
0 0.27265625 0.50625 0.0890625 0.09609375
0 0.30859375 0.3453125 0.06484375 0.0625
0 0.32421875 0.37734375 0.0796875 0.08203125
0 0.3328125 0.240625 0.06015625 0.0578125
0 0.2125 0.0828125 0.0671875 0.05546875
0 0.5609375 0.178125 0.10078125 0.1109375
0 0.675 0.1265625 0.1125 0.11875
0 0.4890625 0.7984375 0.259375 0.403125
0 0.4203125 0.74921875 0.10546875 0.10546875
0 0.55390625 0.91015625 0.1296875 0.1796875
0 0.36796875 0.90234375 0.3484375 0.1953125
0 0.07421875 0.9828125 0.1109375 0.034375
0 0.0625 0.69296875 0.125 0.1421875
0 0.34609375 0.6875 0.3046875 0.215625
0 0.86953125 0.7375 0.2609375 0.315625
0 0.94453125 0.9609375 0.1109375 0.078125
0 0.87109375 0.88359375 0.2578125 0.2328125
0 0.70625 0.625 0.084375 0.08671875
0 0.7234375 0.778125 0.209375 0.38125
0 0.6921875 0.97578125 0.075 0.0484375
0 0.73515625 0.92734375 0.09140625 0.09140625
0 0.784375 0.9703125 0.06875 0.059375