0 0.36171875 0.36328125 0.15859375 0.1609375
0 0.2953125 0.4609375 0.125 0.13671875
0 0.44375 0.5921875 0.240625 0.19375
0 0.51328125 0.2359375 0.0671875 0.06953125
0 0.43125 0.23359375 0.08671875 0.08671875
0 0.42421875 0.175 0.1703125 0.17578125
0 0.18046875 0.146875 0.09609375 0.09375
0 0.24296875 0.2421875 0.10546875 0.115625
0 0.203125 0.35 0.0984375 0.09609375
0 0.27109375 0.6515625 0.2171875 0.075
0 0.0421875 0.16640625 0.084375 0.1609375
0 0.09921875 0.01171875 0.0953125 0.0234375
0 0.296875 0.15078125 0.0890625 0.09140625
0 0.1109375 0.284375 0.12265625 0.11796875
0 0.12890625 0.2109375 0.0890625 0.09609375
0 0.1828125 0.528125 0.0765625 0.0765625
0 0.22578125 0.53515625 0.053125 0.05546875
0 0.1578125 0.403125 0.071875 0.07421875
0 0.16484375 0.05 0.06484375 0.0625
0 0.18046875 0.08203125 0.0796875 0.08203125
0 0.11171875 0.68515625 0.0671875 0.0078125
0 0.09765625 0.66328125 0.0734375 0.0515625
0 0.53828125 0.17578125 0.06015625 0.06484375
0 0.81875 0.06484375 0.1109375 0.10546875
0 0.82890625 0.17890625 0.09375 0.09609375
0 0.9296875 0.59609375 0.140625 0.1859375
0 0.77578125 0.628125 0.1109375 0.1109375
0 0.68359375 0.5046875 0.10546875 0.0984375
0 0.93203125 0.38671875 0.1359375 0.1390625
0 0.59921875 0.128125 0.0203125 0.065625
0 0.0921875 0.734375 0.096875 0.090625
0 0.22109375 0.7109375 0.1390625 0.04375
0 0.47421875 0.725 0.1703125 0.071875
0 0.4703125 0.96953125 0.103125 0.0609375
0 0.8546875 0.759375 0.10546875 0.10546875
0 0.728125 0.81875 0.0890625 0.0890625
0 0.62578125 0.96953125 0.0734375 0.0609375
0 0.96171875 0.73125 0.0765625 0.084375