0 0.428125 0.1625 0.121875 0.240625
0 0.30078125 0.03984375 0.178125 0.0796875
0 0.02734375 0.0359375 0.0546875 0.071875
0 0.00625 0.11484375 0.0125 0.0609375
0 0.078125 0.1625 0.10078125 0.10546875
0 0.1796875 0.12890625 0.11796875 0.1078125
0 0.1984375 0.203125 0.05546875 0.0578125
0 0.15546875 0.22109375 0.06953125 0.071875
0 0.0890625 0.0734375 0.0484375 0.053125
0 0.0515625 0.2796875 0.08125 0.01875
0 0.57578125 0.0390625 0.0765625 0.078125
0 0.7828125 0.16875 0.103125 0.0984375
0 0.8453125 0.2109375 0.04296875 0.05078125
0 0.75546875 0.26796875 0.0921875 0.0421875
0 0.725 0.221875 0.05078125 0.05078125
0 0.8921875 0.1796875 0.08671875 0.09375
0 0.97734375 0.21171875 0.0453125 0.1015625
0 0.959375 0.2828125 0.08125 0.0125
0 0.959375 0.07734375 0.08125 0.1546875
0 0.79765625 0.00859375 0.0765625 0.0171875
0 0.8328125 0.0359375 0.071875 0.071875
0 0.87109375 0.07421875 0.06015625 0.06015625
0 0.71796875 0.071875 0.05078125 0.05078125
0 0.00703125 0.78359375 0.0140625 0.0734375
0 0.18515625 0.4375 0.19453125 0.2015625
0 0.03515625 0.94921875 0.0703125 0.0859375
0 0.26640625 0.8078125 0.4453125 0.384375
0 0.309375 0.99765625 0.065625 0.0046875
0 0.43203125 0.47421875 0.1140625 0.2359375
0 0.70078125 0.3640625 0.07421875 0.071875
0 0.67890625 0.3078125 0.0796875 0.0375
0 0.81171875 0.321875 0.0796875 0.065625
0 0.884375 0.4328125 0.0578125 0.06015625
0 0.78828125 0.4578125 0.06953125 0.0765625
0 0.55 0.57578125 0.06484375 0.0625