0 0.30625 0.134375 0.1515625 0.1515625
0 0.415625 0.12578125 0.11796875 0.12734375
0 0.12109375 0.0984375 0.0625 0.06484375
0 0.16953125 0.15859375 0.08203125 0.08203125
0 0.13125 0.1984375 0.1609375 0.16328125
0 0.2921875 0.290625 0.0984375 0.10546875
0 0.39453125 0.25625 0.09375 0.0890625
0 0.1921875 0.30546875 0.084375 0.08671875
0 0.4015625 0.3328125 0.115625 0.053125
0 0.53359375 0.1671875 0.0703125 0.071875
0 0.51328125 0.13203125 0.05078125 0.05078125
0 0.46015625 0.25859375 0.0671875 0.06953125
0 0.021875 0.06953125 0.04375 0.0890625
0 0.0625 0.115625 0.05546875 0.06015625
0 0.7171875 0.12421875 0.1734375 0.1734375
0 0.92890625 0.2875 0.1421875 0.14375
0 0.8328125 0.30859375 0.178125 0.1015625
0 0.67734375 0.3390625 0.1609375 0.040625
0 0.4890625 0.521875 0.159375 0.321875
0 0.4171875 0.48828125 0.0671875 0.08671875
0 0.11875 0.37109375 0.096875 0.0234375
0 0.31171875 0.5375 0.196875 0.2546875
0 0.10234375 0.65390625 0.09140625 0.115625
0 0.278125 0.93515625 0.09140625 0.07421875
0 0.1984375 0.953125 0.08203125 0.0765625
0 0.109375 0.89765625 0.0625 0.05546875
0 0.5453125 0.96015625 0.046875 0.0796875
0 0.98203125 0.96484375 0.0359375 0.0703125
0 0.94765625 0.903125 0.0671875 0.05078125
0 0.85390625 0.71796875 0.040625 0.0453125
0 0.946875 0.49453125 0.06484375 0.1203125
0 0.8328125 0.621875 0.04296875 0.0484375
0 0.753125 0.5015625 0.0578125 0.06953125
0 0.584375 0.48359375 0.03125 0.0828125
0 0.64609375 0.4171875 0.0890625 0.06484375
0 0.67109375 0.60390625 0.03125 0.02890625
0 0.94921875 0.65546875 0.03125 0.03359375
0 0.971875 0.8359375 0.040625 0.0453125