0 0.3109375 0.5234375 0.053125 0.05546875
0 0.31875 0.4796875 0.040625 0.071875
0 0.20859375 0.49296875 0.09140625 0.0984375
0 0.11484375 0.52578125 0.1109375 0.0671875
0 0.08359375 0.47265625 0.05078125 0.053125
0 0.1234375 0.44765625 0.06484375 0.0671875
0 0.08828125 0.328125 0.0578125 0.06015625
0 0.034375 0.27734375 0.06875 0.0734375
0 0.06796875 0.23125 0.1359375 0.153125
0 0.01171875 0.13671875 0.0234375 0.0796875
0 0.2359375 0.03671875 0.0875 0.0734375
0 0.21015625 0.33828125 0.071875 0.08671875
0 0.14375 0.303125 0.05078125 0.0578125
0 0.92890625 0.046875 0.0890625 0.08203125
0 0.9734375 0.1046875 0.053125 0.0625
0 0.92734375 0.15859375 0.06953125 0.0671875
0 0.45546875 0.06953125 0.2328125 0.1390625
0 0.7390625 0.3390625 0.1078125 0.1203125
0 0.8234375 0.34609375 0.0796875 0.0765625
0 0.75078125 0.5421875 0.0578125 0.034375
0 0.38828125 0.3515625 0.08671875 0.0765625
0 0.03046875 0.91640625 0.0609375 0.0796875
0 0.05 0.82578125 0.06953125 0.07421875
0 0.57890625 0.9796875 0.1140625 0.040625
0 0.5890625 0.91640625 0.11328125 0.10546875
0 0.85625 0.96328125 0.15625 0.0734375
0 0.96171875 0.78203125 0.0765625 0.0890625
0 0.9546875 0.72421875 0.084375 0.0890625
0 0.60546875 0.6015625 0.2421875 0.084375
0 0.465625 0.5703125 0.08125 0.021875
0 0.4109375 0.659375 0.07421875 0.08671875
0 0.36015625 0.90859375 0.0421875 0.0609375
0 0.3609375 0.85234375 0.04375 0.0546875
0 0.36796875 0.796875 0.0578125 0.06015625
0 0.6765625 0.7625 0.1421875 0.125