0 0.48515625 0.3203125 0.0890625 0.115625
0 0.5046875 0.4859375 0.05 0.028125
0 0.4265625 0.08125 0.09140625 0.08203125
0 0.03046875 0.04765625 0.0609375 0.0953125
0 0.16484375 0.47578125 0.0921875 0.0484375
0 0.81953125 0.30625 0.06484375 0.0625
0 0.884375 0.071875 0.0796875 0.08203125
0 0.80859375 0.0328125 0.0765625 0.065625
0 0.5609375 0.0984375 0.0625 0.06875
0 0.5484375 0.1609375 0.0375 0.09375
0 0.56640625 0.4125 0.0734375 0.09375
0 0.671875 0.38671875 0.09140625 0.07421875
0 0.7140625 0.43125 0.0578125 0.053125
0 0.771875 0.47265625 0.0625 0.0546875
0 0.45234375 0.990625 0.0734375 0.01875
0 0.49453125 0.64140625 0.0578125 0.0625
0 0.41484375 0.61328125 0.071875 0.08203125
0 0.1265625 0.68203125 0.21171875 0.1921875
0 0.1796875 0.9484375 0.25 0.103125
0 0.503125 0.8015625 0.053125 0.075
0 0.4609375 0.725 0.05546875 0.0625
0 0.7390625 0.56484375 0.3125 0.1296875
0 0.58203125 0.5359375 0.0671875 0.071875
0 0.8203125 0.56875 0.14375 0.1375
0 0.68046875 0.73671875 0.21640625 0.25703125
0 0.68203125 0.86796875 0.0796875 0.06484375
0 0.79609375 0.85703125 0.07421875 0.06015625