0 0.14140625 0.3515625 0.2828125 0.35625
0 0.34609375 0.31328125 0.06015625 0.08671875
0 0.39921875 0.475 0.05078125 0.04296875
0 0.3078125 0.0890625 0.06484375 0.05078125
0 0.09765625 0.125 0.05546875 0.053125
0 0.6484375 0.32578125 0.021875 0.0609375
0 0.8546875 0.37421875 0.0484375 0.0625
0 0.934375 0.22265625 0.1109375 0.1203125
0 0.91015625 0.02421875 0.0984375 0.0484375
0 0.290625 0.76484375 0.58125 0.4703125
0 0.6015625 0.86484375 0.05546875 0.0484375
0 0.67890625 0.94921875 0.0390625 0.0953125
0 0.909375 0.6375 0.11328125 0.11796875
0 0.9875 0.70625 0.025 0.065625
0 0.71640625 0.846875 0.1140625 0.11875
0 0.80625 0.5640625 0.084375 0.06875