0 0.6109375 0.56328125 0.196875 0.3921875
0 0.45078125 0.50703125 0.06015625 0.08671875
0 0.39765625 0.66875 0.05078125 0.04296875
0 0.37109375 0.73984375 0.0796875 0.0390625
0 0.12109375 0.07734375 0.0625 0.08203125
0 0.4890625 0.2828125 0.06484375 0.05078125
0 0.68984375 0.31875 0.0390625 0.053125
0 0.6203125 0.13984375 0.053125 0.053125
0 0.64921875 0.046875 0.0625 0.0578125
0 0.1828125 0.078125 0.0625 0.084375
0 0.01328125 0.31796875 0.0265625 0.0578125
0 0.128125 0.5203125 0.06015625 0.06015625
0 0.06484375 0.58671875 0.040625 0.05078125
0 0.08984375 0.71015625 0.06015625 0.05546875
0 0.42421875 0.09140625 0.04296875 0.053125
0 0.96640625 0.16640625 0.05078125 0.0578125
0 0.7359375 0.23125 0.053125 0.09375
0 0.9421875 0.31875 0.06953125 0.071875
0 0.93828125 0.59921875 0.071875 0.0796875
0 0.84453125 0.54609375 0.115625 0.1296875
0 0.7890625 0.72734375 0.1125 0.0640625
0 0.7609375 0.52421875 0.0671875 0.0796875
0 0.478125 0.82890625 0.15 0.1390625
0 0.54296875 0.771875 0.0484375 0.025
0 0.5703125 0.97109375 0.071875 0.0578125
0 0.23515625 0.9671875 0.08203125 0.0625
0 0.221875 0.86328125 0.0625 0.071875
0 0.0609375 0.77734375 0.05625 0.0359375
0 0.02578125 0.83046875 0.04296875 0.0453125
0 0.9296875 0.975 0.140625 0.05
0 0.82109375 0.95390625 0.1390625 0.0921875
0 0.89921875 0.95703125 0.06484375 0.06484375