0 0.8484375 0.17578125 0.0796875 0.0765625
0 0.778125 0.22109375 0.125 0.12734375
0 0.4796875 0.15703125 0.08125 0.1515625
0 0.8859375 0.01796875 0.0625 0.0359375
0 0.6453125 0.053125 0.25 0.10625
0 0.715625 0.0421875 0.05546875 0.053125
0 0.2125 0.9421875 0.259375 0.115625
0 0.09375 0.82421875 0.1703125 0.1703125
0 0.028125 0.83515625 0.05625 0.1203125
0 0.1484375 0.43671875 0.165625 0.1546875
0 0.18984375 0.6953125 0.1609375 0.1609375
0 0.41953125 0.80546875 0.0390625 0.1109375
0 0.32109375 0.728125 0.1203125 0.1203125
0 0.04453125 0.4296875 0.08203125 0.08203125
0 0.98984375 0.97890625 0.0203125 0.0421875
0 0.959375 0.9640625 0.08125 0.071875
0 0.84453125 0.6390625 0.178125 0.1703125
0 0.95078125 0.6015625 0.09609375 0.1078125
0 0.87734375 0.52890625 0.0765625 0.0765625
0 0.72734375 0.60546875 0.12265625 0.115625
0 0.63203125 0.5828125 0.1515625 0.14453125
0 0.5125 0.49140625 0.146875 0.1609375
0 0.4765625 0.60078125 0.075 0.1078125
0 0.484375 0.8171875 0.090625 0.178125