0 0.0421875 0.10078125 0.084375 0.1015625
0 0.46328125 0.4625 0.0578125 0.034375
0 0.6 0.240625 0.08125 0.103125
0 0.7359375 0.1625 0.2015625 0.2140625
0 0.77109375 0.034375 0.1921875 0.06875
0 0.58828125 0.39921875 0.0484375 0.06015625
0 0.57578125 0.34921875 0.0328125 0.0703125
0 0.8046875 0.30859375 0.390625 0.3421875
0 0.0671875 0.5390625 0.084375 0.08671875
0 0.446875 0.84140625 0.165625 0.165625
0 0.2234375 0.778125 0.125 0.12734375
0 0.03828125 0.87421875 0.0765625 0.1296875
0 0.8171875 0.90625 0.11328125 0.115625
0 0.77890625 0.86875 0.0984375 0.0984375
0 0.834375 0.6921875 0.084375 0.084375
0 0.97421875 0.6875 0.0515625 0.09375
0 0.59765625 0.5359375 0.0765625 0.103125