0 0.38359375 0.16484375 0.06953125 0.071875
0 0.3171875 0.23984375 0.14921875 0.15859375
0 0.24296875 0.4453125 0.1296875 0.1609375
0 0.48671875 0.6546875 0.0265625 0.090625
0 0.05625 0.4359375 0.08671875 0.10078125
0 0.015625 0.253125 0.03125 0.0875
0 0.459375 0.40703125 0.0671875 0.0671875
0 0.65390625 0.41875 0.1734375 0.1734375
0 0.7546875 0.43515625 0.15859375 0.15859375
0 0.8953125 0.24375 0.209375 0.246875
0 0.76015625 0.1890625 0.209375 0.209375
0 0.6421875 0.59765625 0.103125 0.103125
0 0.71328125 0.59765625 0.0890625 0.0890625
0 0.29921875 0.9203125 0.071875 0.071875
0 0.4234375 0.79453125 0.125 0.125
0 0.103125 0.90703125 0.1109375 0.1109375
0 0.83515625 0.9125 0.1859375 0.175
0 0.96640625 0.88515625 0.0671875 0.1203125
0 0.54140625 0.80390625 0.0828125 0.0953125
0 0.62265625 0.8921875 0.0765625 0.084375
0 0.98203125 0.978125 0.0359375 0.04375