0 0.25546875 0.08671875 0.06953125 0.071875
0 0.321875 0.16171875 0.14921875 0.15859375
0 0.39609375 0.3671875 0.1296875 0.1609375
0 0.0359375 0.14140625 0.071875 0.0921875
0 0.559375 0.35703125 0.040625 0.1015625
0 0.1796875 0.32890625 0.0671875 0.0671875
0 0.8015625 0.47734375 0.125 0.0234375
0 0.7515625 0.41328125 0.084375 0.08203125
0 0.93671875 0.18984375 0.1265625 0.1078125
0 0.96640625 0.0515625 0.0671875 0.103125
0 0.8328125 0.32421875 0.08203125 0.084375
0 0.4984375 0.6390625 0.1625 0.209375
0 0.39140625 0.621875 0.07421875 0.0890625
0 0.0234375 0.79765625 0.046875 0.1265625
0 0.1484375 0.9796875 0.125 0.040625
0 0.07421875 0.9734375 0.0515625 0.053125
0 0.35859375 0.84453125 0.15625 0.271875
0 0.48671875 0.94453125 0.1859375 0.1109375
0 0.20234375 0.76015625 0.06015625 0.07421875
0 0.915625 0.5484375 0.0765625 0.07421875
0 0.97109375 0.884375 0.0578125 0.0875
0 0.61875 0.98046875 0.078125 0.0390625