0 0.1109375 0.37890625 0.0671875 0.0625
0 0.0609375 0.31484375 0.121875 0.1359375
0 0.02265625 0.13828125 0.0453125 0.1390625
0 0.296875 0.33515625 0.025 0.0796875
0 0.18671875 0.17578125 0.06484375 0.0578125
0 0.71796875 0.50078125 0.2578125 0.0578125
0 0.8625 0.5109375 0.10625 0.0375
0 0.5484375 0.1765625 0.115625 0.115625
0 0.50703125 0.015625 0.1515625 0.03125
0 0.95703125 0.1328125 0.0859375 0.175
0 0.9390625 0.275 0.121875 0.134375
0 0.6875 0.27421875 0.1421875 0.1390625
0 0.53828125 0.4890625 0.1390625 0.08125
0 0.20390625 0.5515625 0.0921875 0.04375
0 0.08984375 0.971875 0.0703125 0.05625
0 0.675 0.96796875 0.053125 0.0625
0 0.59921875 0.93515625 0.0953125 0.1296875
0 0.459375 0.95703125 0.05078125 0.0578125
0 0.42734375 0.7171875 0.08203125 0.08671875
0 0.45859375 0.77578125 0.06015625 0.0578125
0 0.49375 0.72265625 0.06484375 0.05546875
0 0.353125 0.8265625 0.0765625 0.071875
0 0.88515625 0.871875 0.08671875 0.09140625
0 0.97109375 0.9359375 0.0578125 0.071875
0 0.67734375 0.65 0.08671875 0.08203125