0 0.37421875 0.29921875 0.12734375 0.1390625
0 0.3515625 0.18671875 0.071875 0.071875
0 0.246875 0.16875 0.0765625 0.09140625
0 0.18203125 0.15390625 0.07421875 0.08203125
0 0.01953125 0.12578125 0.0390625 0.1265625
0 0.553125 0.14375 0.053125 0.08125
0 0.47265625 0.121875 0.06484375 0.0578125
0 0.5375 0.0421875 0.06953125 0.07421875
0 0.18828125 0.00859375 0.0609375 0.0171875
0 0.26015625 0.49296875 0.071875 0.0796875
0 0.67265625 0.04609375 0.1453125 0.0921875
0 0.6734375 0.12265625 0.15859375 0.134375
0 0.77734375 0.03203125 0.0546875 0.0640625
0 0.8078125 0.06953125 0.1109375 0.115625
0 0.8921875 0.0875 0.12265625 0.14453125
0 0.8328125 0.203125 0.14921875 0.14921875
0 0.91640625 0.2640625 0.1671875 0.16875
0 0.975 0.28515625 0.05 0.1265625
0 0.9640625 0.41640625 0.071875 0.0921875
0 0.821875 0.309375 0.09140625 0.08671875
0 0.590625 0.13046875 0.021875 0.0953125
0 0.8171875 0.42109375 0.18515625 0.196875
0 0.846875 0.51796875 0.103125 0.0828125
0 0.91328125 0.490625 0.0984375 0.103125
0 0.9078125 0.54609375 0.075 0.0265625
0 0.78671875 0.5234375 0.0734375 0.071875
0 0.64921875 0.43515625 0.0671875 0.0671875
0 0.63203125 0.3484375 0.071875 0.07421875
0 0.59765625 0.27734375 0.0359375 0.0546875
0 0.684375 0.22109375 0.0484375 0.053125
0 0.09609375 0.975 0.1890625 0.05
0 0.06484375 0.903125 0.0984375 0.11796875
0 0.18515625 0.78046875 0.1609375 0.2046875
0 0.11171875 0.6515625 0.0578125 0.06484375
0 0.0515625 0.63359375 0.0984375 0.084375
0 0.48046875 0.9078125 0.12265625 0.1421875
0 0.24609375 0.9921875 0.0671875 0.015625
0 0.940625 0.87578125 0.115625 0.10546875
0 0.9640625 0.9796875 0.071875 0.040625
0 0.7109375 0.8 0.09140625 0.0984375