0 0.153125 0.08046875 0.30625 0.1609375
0 0.05625 0.45234375 0.1125 0.1578125
0 0.05859375 0.35546875 0.06015625 0.0796875
0 0.24609375 0.55859375 0.084375 0.0765625
0 0.1703125 0.4953125 0.15625 0.1703125
0 0.43828125 0.45625 0.084375 0.09375
0 0.403125 0.29453125 0.07421875 0.0765625
0 0.490625 0.06640625 0.05625 0.1078125
0 0.31640625 0.053125 0.1078125 0.10625
0 0.2828125 0.16171875 0.071875 0.08203125
0 0.95546875 0.08984375 0.0890625 0.1796875
0 0.70625 0.29375 0.375 0.5875
0 0.72421875 0.5671875 0.13203125 0.125
0 0.94296875 0.5171875 0.1140625 0.13125
0 0.978125 0.546875 0.04375 0.11875
0 0.925 0.6234375 0.1125 0.03125
0 0.2515625 0.68359375 0.0875 0.0890625
0 0.95078125 0.7484375 0.0984375 0.146875