0 0.35 0.29140625 0.059375 0.2046875
0 0.215625 0.178125 0.14453125 0.15859375
0 0.19765625 0.27578125 0.06015625 0.0796875
0 0.02578125 0.07265625 0.0515625 0.0765625
0 0.0859375 0.1359375 0.15625 0.1703125
0 0.30859375 0.0328125 0.1265625 0.065625
0 0.51484375 0.15390625 0.0578125 0.06953125
0 0.9671875 0.14296875 0.065625 0.0828125
0 0.89140625 0.4015625 0.08203125 0.06484375
0 0.8421875 0.3890625 0.06015625 0.0578125
0 0.8046875 0.3359375 0.06953125 0.06484375
0 0.48125 0.3265625 0.0578125 0.0578125
0 0.04140625 0.9640625 0.0796875 0.071875
0 0.2 0.9796875 0.0875 0.040625
0 0.365625 0.909375 0.028125 0.053125
0 0.328125 0.68046875 0.071875 0.0765625
0 0.3625 0.72109375 0.034375 0.1203125
0 0.01328125 0.56796875 0.0265625 0.0734375
0 0.09140625 0.59609375 0.071875 0.07421875
0 0.14921875 0.58203125 0.06484375 0.0625
0 0.05546875 0.7203125 0.0484375 0.0578125
0 0.21328125 0.81640625 0.1296875 0.14453125
0 0.6203125 0.68359375 0.09140625 0.11328125
0 0.41640625 0.5421875 0.0734375 0.065625
0 0.88125 0.70390625 0.0671875 0.09140625
0 0.9828125 0.61796875 0.034375 0.0578125
0 0.871875 0.9390625 0.09140625 0.06484375
0 0.45859375 0.978125 0.0359375 0.04375
0 0.4 0.91328125 0.040625 0.0640625