0 0.3046875 0.440625 0.25 0.078125
0 0.05625 0.25546875 0.1125 0.1671875
0 0.0234375 0.37265625 0.046875 0.1078125
0 0.20390625 0.15 0.12265625 0.1296875
0 0.22421875 0.2328125 0.05078125 0.06484375
0 0.3828125 0.0515625 0.071875 0.0625
0 0.31796875 0.1078125 0.13203125 0.1390625
0 0.11171875 0.02734375 0.1078125 0.0546875
0 0.41640625 0.38828125 0.0265625 0.0671875
0 0.01953125 0.09140625 0.0390625 0.0578125
0 0.7484375 0.35234375 0.10078125 0.10546875
0 0.809375 0.28125 0.06484375 0.09375
0 0.87421875 0.16953125 0.1390625 0.1203125
0 0.75390625 0.109375 0.09609375 0.0984375
0 0.62109375 0.02421875 0.1359375 0.0484375
0 0.56875 0.14296875 0.165625 0.13671875
0 0.4953125 0.07578125 0.13125 0.1515625
0 0.9109375 0.06015625 0.178125 0.1203125
0 0.21484375 0.78515625 0.4296875 0.4296875
0 0.1125 0.51640625 0.15625 0.0734375
0 0.2953125 0.50703125 0.075 0.0546875
0 0.06875 0.78828125 0.0484375 0.053125
0 0.028125 0.67734375 0.05625 0.0609375
0 0.8234375 0.7796875 0.21171875 0.19921875
0 0.95234375 0.8515625 0.09140625 0.09609375
0 0.890625 0.68984375 0.053125 0.053125
0 0.97421875 0.6484375 0.040625 0.04296875
0 0.9859375 0.53359375 0.028125 0.0515625