0 0.36640625 0.34375 0.38203125 0.38203125
0 0.49296875 0.44921875 0.1203125 0.115625
0 0.62109375 0.078125 0.0765625 0.15625
0 0.60703125 0.12734375 0.0765625 0.08203125
0 0.57890625 0.03359375 0.1609375 0.0671875
0 0.32109375 0.0203125 0.0859375 0.040625
0 0.13203125 0.1046875 0.115625 0.11796875
0 0.2671875 0.2171875 0.1296875 0.13203125
0 0.00625 0.2515625 0.0125 0.06875
0 0.11328125 0.35703125 0.06015625 0.0578125
0 0.2921875 0.50234375 0.0890625 0.0765625
0 0.5453125 0.53046875 0.115625 0.0390625
0 0.34765625 0.1515625 0.08671875 0.0890625
0 0.86171875 0.10390625 0.084375 0.07421875
0 0.9796875 0.2765625 0.040625 0.084375
0 0.86015625 0.50703125 0.0984375 0.0859375
0 0.84921875 0.4125 0.05078125 0.0625
0 0.775 0.21796875 0.084375 0.08671875
0 0.83828125 0.2421875 0.0765625 0.0625
0 0.1015625 0.73046875 0.16328125 0.1703125
0 0.184375 0.62734375 0.0453125 0.0578125
0 0.196875 0.7171875 0.0578125 0.071875
0 0.253125 0.80234375 0.06015625 0.06953125
0 0.33515625 0.853125 0.0484375 0.0578125
0 0.3421875 0.9421875 0.06015625 0.07421875
0 0.43671875 0.92734375 0.04296875 0.0359375
0 0.01953125 0.71640625 0.0390625 0.1296875
0 0.38203125 0.5640625 0.0640625 0.028125
0 0.4359375 0.65625 0.0671875 0.084375
0 0.38984375 0.68984375 0.0765625 0.07421875
0 0.00703125 0.8078125 0.0140625 0.05625
0 0.00703125 0.86796875 0.0140625 0.0515625
0 0.57578125 0.96484375 0.1671875 0.0703125
0 0.640625 0.771875 0.0375 0.1875
0 0.184375 0.878125 0.0484375 0.04296875
0 0.20390625 0.965625 0.0453125 0.0484375
0 0.778125 0.64921875 0.16328125 0.1703125
0 0.86015625 0.5625 0.0453125 0.025
0 0.8734375 0.6359375 0.0578125 0.071875
0 0.9296875 0.72109375 0.06015625 0.06953125
0 0.99375 0.77109375 0.0125 0.0578125
0 0.99375 0.86015625 0.0125 0.0734375
0 0.9671875 0.94140625 0.065625 0.0671875
0 0.6875 0.63515625 0.05625 0.1296875
0 0.675 0.7265625 0.03125 0.05625
0 0.675 0.78671875 0.03125 0.0515625
0 0.7625 0.96875 0.03359375 0.03828125
0 0.8609375 0.796875 0.0484375 0.04296875
0 0.88046875 0.884375 0.0453125 0.0484375
0 0.8625 0.94609375 0.0453125 0.0453125