0 0.28125 0.3171875 0.38125 0.303125
0 0.15546875 0.43671875 0.1203125 0.0640625
0 0.03203125 0.08515625 0.0640625 0.1703125
0 0.04140625 0.14140625 0.0765625 0.08203125
0 0.07421875 0.040625 0.1484375 0.08125
0 0.32578125 0.02734375 0.0859375 0.0546875
0 0.51640625 0.11875 0.115625 0.11796875
0 0.38125 0.23125 0.1296875 0.13203125
0 0.53515625 0.37109375 0.06015625 0.0578125
0 0.30078125 0.165625 0.08671875 0.0890625
0 0.6859375 0.4109375 0.125 0.115625
0 0.81171875 0.2875 0.10078125 0.1078125
0 0.93125 0.0515625 0.1375 0.103125
0 0.71796875 0.13359375 0.2765625 0.2671875
0 0.93125 0.30234375 0.1375 0.1828125
0 0.5390625 0.8859375 0.08125 0.103125
0 0.15390625 0.7296875 0.12265625 0.12265625
0 0.18515625 0.6125 0.06953125 0.06953125
0 0.428125 0.85703125 0.1296875 0.1296875
0 0.334375 0.98515625 0.071875 0.0296875
0 0.11328125 0.85546875 0.09140625 0.09140625
0 0.86484375 0.98125 0.0671875 0.0375
0 0.89375 0.9625 0.053125 0.0578125
0 0.8828125 0.9203125 0.09375 0.09375
0 0.9578125 0.884375 0.0484375 0.05078125
0 0.88515625 0.85703125 0.06015625 0.06015625
0 0.77265625 0.8578125 0.07421875 0.07421875
0 0.99296875 0.63515625 0.0140625 0.0796875
0 0.98203125 0.51484375 0.0359375 0.0609375
0 0.90859375 0.496875 0.0859375 0.05625
0 0.59921875 0.7203125 0.0390625 0.059375
0 0.6375 0.6125 0.0484375 0.0484375
0 0.65546875 0.5625 0.06953125 0.0765625
0 0.59921875 0.6375 0.0390625 0.05625
0 0.6578125 0.95546875 0.0484375 0.05078125