0 0.23984375 0.196875 0.2765625 0.28125
0 0.0765625 0.171875 0.09375 0.0796875
0 0.0171875 0.48203125 0.034375 0.1671875
0 0.12578125 0.5890625 0.12265625 0.1296875
0 0.14609375 0.50625 0.05078125 0.06484375
0 0.3046875 0.6875 0.071875 0.0625
0 0.23984375 0.63125 0.13203125 0.1390625
0 0.04375 0.72578125 0.0875 0.0859375
0 0.47265625 0.60859375 0.0546875 0.0765625
0 0.45703125 0.46875 0.0625 0.0625
0 0.39140625 0.25390625 0.09140625 0.0984375
0 0.45 0.05390625 0.0484375 0.03828125
0 0.221875 0.02265625 0.0796875 0.040625
0 0.35625 0.35078125 0.06015625 0.0671875
0 0.99140625 0.62109375 0.0171875 0.0796875
0 0.8421875 0.1140625 0.0890625 0.0890625
0 0.540625 0.65234375 0.0484375 0.03828125
0 0.6046875 0.5515625 0.06953125 0.09609375
0 0.60859375 0.040625 0.1109375 0.08125
0 0.85546875 0.0234375 0.0671875 0.046875
0 0.6421875 0.2328125 0.06484375 0.053125
0 0.66953125 0.3421875 0.053125 0.071875
0 0.91640625 0.75390625 0.0609375 0.0296875
0 0.35234375 0.88671875 0.11796875 0.1390625
0 0.0578125 0.9390625 0.115625 0.121875
0 0.03671875 0.840625 0.0734375 0.090625
0 0.79375 0.846875 0.06484375 0.071875
0 0.94140625 0.8578125 0.06015625 0.06484375