0 0.1765625 0.30859375 0.096875 0.0203125
0 0.271875 0.26953125 0.1 0.0984375
0 0.115625 0.28203125 0.1 0.0734375
0 0.01796875 0.23359375 0.0359375 0.0484375
0 0.0734375 0.1484375 0.09375 0.10078125
0 0.02109375 0.184375 0.0421875 0.0625
0 0.0171875 0.13046875 0.034375 0.0671875
0 0.3171875 0.1171875 0.103125 0.115625
0 0.29921875 0.0171875 0.0546875 0.034375
0 0.50703125 0.09296875 0.040625 0.03359375
0 0.5296875 0.06875 0.05078125 0.04296875
0 0.52890625 0.02578125 0.05078125 0.04296875
0 0.45703125 0.0125 0.0546875 0.025
0 0.16796875 0.11484375 0.05546875 0.06015625
0 0.21640625 0.21328125 0.02890625 0.0359375
0 0.71484375 0.18203125 0.0796875 0.06484375
0 0.71953125 0.2953125 0.0609375 0.046875
0 0.653125 0.1140625 0.10625 0.075
0 0.60625 0.04921875 0.0125 0.0515625
0 0.89765625 0.021875 0.0484375 0.04375
0 0.5515625 0.36015625 0.096875 0.0828125
0 0.53828125 0.33046875 0.0953125 0.0234375
0 0.3125 0.34296875 0.065625 0.0484375
0 0.284375 0.45 0.0890625 0.09140625
0 0.425 0.45234375 0.115625 0.11796875
0 0.03359375 0.5375 0.0671875 0.084375
0 0.353125 0.57265625 0.09609375 0.09375
0 0.56953125 0.52734375 0.0609375 0.0828125
0 0.5171875 0.5703125 0.06484375 0.0625
0 0.50078125 0.6046875 0.0484375 0.05078125
0 0.4359375 0.67578125 0.134375 0.13203125
0 0.26484375 0.76640625 0.0625 0.0625
0 0.13671875 0.58125 0.06484375 0.0625
0 0.553125 0.70859375 0.06484375 0.06484375
0 0.52578125 0.76484375 0.0625 0.0625
0 0.55078125 0.94140625 0.053125 0.053125
0 0.03359375 0.77109375 0.0671875 0.1546875
0 0.64375 0.8171875 0.0796875 0.06953125
0 0.77578125 0.7125 0.103125 0.1296875
0 0.83203125 0.6078125 0.1109375 0.1078125
0 0.6484375 0.3953125 0.08203125 0.09609375
0 0.71640625 0.33046875 0.0578125 0.0234375
0 0.8046875 0.34609375 0.0625 0.0546875
0 0.89375 0.41640625 0.071875 0.09140625
0 0.89453125 0.78828125 0.06953125 0.0671875
0 0.990625 0.85859375 0.01875 0.0796875