0 0.41171875 0.27578125 0.09375 0.12734375
0 0.50546875 0.01015625 0.0765625 0.0203125
0 0.1953125 0.23984375 0.05078125 0.08203125
0 0.08828125 0.03046875 0.1265625 0.0609375
0 0.31796875 0.009375 0.0328125 0.01875
0 0.2890625 0.00390625 0.040625 0.0078125
0 0.27421875 0.2265625 0.0359375 0.03828125
0 0.23359375 0.23984375 0.03125 0.03359375
0 0.0109375 0.21484375 0.021875 0.0359375
0 0.6171875 0.0515625 0.1125 0.103125
0 0.86328125 0.16640625 0.08203125 0.071875
0 0.8453125 0.3046875 0.06953125 0.09375
0 0.3640625 0.78828125 0.125 0.1078125
0 0.44765625 0.89921875 0.09375 0.071875
0 0.30546875 0.4109375 0.06015625 0.06015625
0 0.3125 0.49375 0.071875 0.071875
0 0.184375 0.47578125 0.0765625 0.0796875
0 0.215625 0.39375 0.103125 0.05
0 0.0484375 0.6671875 0.08203125 0.06484375
0 0.278125 0.82109375 0.0625 0.06953125
0 0.35703125 0.68984375 0.0484375 0.05546875
0 0.93828125 0.534375 0.1234375 0.20625
0 0.5703125 0.4 0.040625 0.0625
0 0.93359375 0.8890625 0.1328125 0.146875