0 0.1375 0.0984375 0.071875 0.06015625
0 0.340625 0.25 0.0984375 0.134375
0 0.525 0.26953125 0.009375 0.0484375
0 0.51328125 0.42265625 0.0328125 0.1015625
0 0.43984375 0.55 0.0796875 0.059375
0 0.115625 0.28828125 0.053125 0.08671875
0 0.03515625 0.52734375 0.0703125 0.1046875
0 0.24453125 0.53515625 0.0359375 0.02421875
0 0.21328125 0.55078125 0.04296875 0.03359375
0 0.3765625 0.0984375 0.0625 0.05546875
0 0.5125 0.05546875 0.034375 0.0859375
0 0.19765625 0.3015625 0.03828125 0.040625
0 0.15546875 0.28828125 0.03125 0.0359375
0 0.2375 0.10625 0.05546875 0.04296875
0 0.19609375 0.0203125 0.0453125 0.040625
0 0.84296875 0.46015625 0.18984375 0.1921875
0 0.8953125 0.3875 0.0890625 0.09140625
0 0.9484375 0.27421875 0.103125 0.10546875
0 0.940625 0.553125 0.084375 0.053125
0 0.42578125 0.69609375 0.12734375 0.1390625
0 0.28828125 0.78046875 0.08203125 0.0796875
0 0.20234375 0.8921875 0.053125 0.0625
0 0.12734375 0.86328125 0.0484375 0.0484375
0 0.43515625 0.90625 0.0484375 0.06953125
0 0.38515625 0.97421875 0.0546875 0.0515625
0 0.5 0.87109375 0.059375 0.0890625
0 0.15859375 0.73828125 0.0484375 0.06015625
0 0.6453125 0.95234375 0.0765625 0.0890625
0 0.73046875 0.77890625 0.1421875 0.19453125
0 0.81484375 0.8703125 0.05546875 0.08203125
0 0.921875 0.9578125 0.0625 0.0578125
0 0.90078125 0.596875 0.0765625 0.034375
0 0.775 0.640625 0.06015625 0.05546875
0 0.578125 0.7234375 0.0796875 0.0765625