0 0.221875 0.196875 0.034375 0.09375
0 0.02421875 0.3140625 0.0484375 0.053125
0 0.75625 0.35078125 0.1 0.0578125
0 0.503125 0.1046875 0.08671875 0.11328125
0 0.2578125 0.04765625 0.0375 0.0703125
0 0.55390625 0.35234375 0.0921875 0.0546875
0 0.871875 0.09375 0.19453125 0.1515625
0 0.80859375 0.2625 0.2765625 0.234375
0 0.1375 0.6828125 0.08203125 0.084375
0 0.0421875 0.88671875 0.0796875 0.0765625
0 0.17578125 0.88671875 0.0484375 0.040625
0 0.21796875 0.890625 0.03125 0.053125
0 0.00703125 0.65859375 0.0140625 0.0796875
0 0.6609375 0.8328125 0.28828125 0.28828125
0 0.3328125 0.75859375 0.1875 0.2828125
0 0.3125 0.5546875 0.103125 0.103125
0 0.671875 0.38828125 0.215625 0.0171875
0 0.79609375 0.4125 0.1078125 0.065625
0 0.8359375 0.55625 0.16328125 0.16328125
0 0.6796875 0.5984375 0.1109375 0.1109375
0 0.58828125 0.48125 0.09609375 0.09609375
0 0.98359375 0.915625 0.0328125 0.165625
0 0.44296875 0.93203125 0.1765625 0.1359375