0 0.26171875 0.05078125 0.1515625 0.1015625
0 0.10625 0.2921875 0.0453125 0.04296875
0 0.046875 0.321875 0.05 0.015625
0 0.82109375 0.0875 0.06484375 0.0890625
0 0.6375 0.25234375 0.084375 0.06484375
0 0.54453125 0.07109375 0.1296875 0.1421875
0 0.85546875 0.30078125 0.0546875 0.0578125
0 0.06796875 0.86640625 0.0578125 0.0765625
0 0.06640625 0.98671875 0.0640625 0.0265625
0 0.30625 0.94921875 0.0578125 0.05078125
0 0.43984375 0.83359375 0.0578125 0.0890625
0 0.259375 0.671875 0.125 0.1296875
0 0.34140625 0.6453125 0.0578125 0.06484375
0 0.440625 0.590625 0.05625 0.075
0 0.2734375 0.80390625 0.06484375 0.0453125
0 0.0359375 0.7890625 0.071875 0.06015625
0 0.02890625 0.734375 0.053125 0.0765625
0 0.534375 0.715625 0.071875 0.0796875
0 0.5375 0.7796875 0.06015625 0.0578125
0 0.65234375 0.76484375 0.0578125 0.0625
0 0.68359375 0.7515625 0.0625 0.06484375
0 0.721875 0.7421875 0.0625 0.06015625
0 0.4953125 0.621875 0.053125 0.071875
0 0.8265625 0.509375 0.0796875 0.0765625
0 0.665625 0.48359375 0.1390625 0.1390625
0 0.490625 0.3796875 0.04375 0.1
0 0.8984375 0.8421875 0.203125 0.253125
0 0.6171875 0.575 0.1515625 0.15625
0 0.49296875 0.53828125 0.0484375 0.0859375