0 0.51328125 0.27734375 0.0390625 0.0234375
0 0.55078125 0.153125 0.0359375 0.05
0 0.4578125 0.06875 0.0890625 0.0765625
0 0.07890625 0.0421875 0.0765625 0.071875
0 0.02890625 0.12421875 0.0578125 0.0578125
0 0.4234375 0.34296875 0.19375 0.1078125
0 0.2390625 0.36484375 0.0796875 0.0890625
0 0.01875 0.37109375 0.0375 0.0765625
0 0.16328125 0.62578125 0.1515625 0.1703125
0 0.5296875 0.54296875 0.078125 0.0921875
0 0.3921875 0.72890625 0.0625 0.0625
0 0.4125 0.8046875 0.11328125 0.1109375
0 0.42578125 0.9390625 0.08203125 0.08203125
0 0.13046875 0.96875 0.1265625 0.0625
0 0.109375 0.8515625 0.14453125 0.1296875
0 0.74921875 0.31328125 0.1109375 0.0484375
0 0.628125 0.37265625 0.10546875 0.125
0 0.8296875 0.62265625 0.04296875 0.0765625
0 0.71796875 0.703125 0.0578125 0.0578125
0 0.7828125 0.7953125 0.09140625 0.0796875