0 0.14765625 0.03125 0.0890625 0.0625
0 0.190625 0.484375 0.1609375 0.15625
0 0.35625 0.29453125 0.1125 0.1265625
0 0.765625 0.2984375 0.2140625 0.21640625
0 0.91875 0.45234375 0.12734375 0.12734375
0 0.46328125 0.546875 0.0890625 0.084375
0 0.66015625 0.0953125 0.1109375 0.115625
0 0.846875 0.0640625 0.165625 0.128125
0 0.2046875 0.8765625 0.0796875 0.0796875
0 0.42265625 0.99140625 0.0578125 0.0171875
0 0.884375 0.7484375 0.08671875 0.08671875
0 0.56640625 0.6328125 0.084375 0.0796875
0 0.653125 0.609375 0.053125 0.040625
0 0.4515625 0.80234375 0.06953125 0.0796875
0 0.3890625 0.809375 0.0671875 0.071875
0 0.67421875 0.8640625 0.0625 0.0671875
0 0.353125 0.65703125 0.0671875 0.08203125