0 0.04609375 0.05546875 0.0921875 0.1109375
0 0.1125 0.11328125 0.07421875 0.0796875
0 0.034375 0.1921875 0.06875 0.0875
0 0.159375 0.33203125 0.11875 0.1140625
0 0.2671875 0.29453125 0.08203125 0.11328125
0 0.4625 0.30390625 0.153125 0.1703125
0 0.315625 0.07578125 0.071875 0.0796875
0 0.934375 0.0171875 0.096875 0.034375
0 0.76953125 0.15625 0.4609375 0.3125
0 0.8921875 0.2453125 0.1078125 0.1078125
0 0.62734375 0.2546875 0.09609375 0.09609375
0 0.5671875 0.2890625 0.05625 0.121875
0 0.75546875 0.353125 0.1203125 0.071875
0 0.6515625 0.346875 0.09375 0.084375
0 0.0609375 0.9140625 0.09140625 0.08671875
0 0.02109375 0.85859375 0.0421875 0.0640625
0 0.0578125 0.80234375 0.071875 0.06953125
0 0.47578125 0.89921875 0.1265625 0.2015625
0 0.23984375 0.61484375 0.11328125 0.12265625
0 0.1546875 0.6125 0.08203125 0.0796875
0 0.21875 0.409375 0.059375 0.040625
0 0.55625 0.41171875 0.034375 0.0453125
0 0.675 0.40859375 0.040625 0.0390625
0 0.69921875 0.428125 0.0453125 0.05078125
0 0.73046875 0.45234375 0.0484375 0.0453125
0 0.8625 0.953125 0.06484375 0.0578125
0 0.9609375 0.80703125 0.05078125 0.0578125
0 0.7359375 0.7078125 0.06015625 0.0578125
0 0.58359375 0.66796875 0.0890625 0.1078125
0 0.92890625 0.4609375 0.1421875 0.14375
0 0.68515625 0.94609375 0.1046875 0.1078125
0 0.58203125 0.565625 0.0859375 0.121875