0 0.06796875 0.321875 0.09375 0.09609375
0 0.04609375 0.1890625 0.0921875 0.15625
0 0.1125 0.14140625 0.09375 0.09609375
0 0.05 0.04765625 0.1 0.0953125
0 0.30859375 0.034375 0.1078125 0.06875
0 0.30234375 0.2296875 0.09140625 0.09609375
0 0.696875 0.2703125 0.12265625 0.12265625
0 0.771875 0.25234375 0.08671875 0.0890625
0 0.76328125 0.1765625 0.0984375 0.09609375
0 0.775 0.3234375 0.178125 0.1125
0 0.9515625 0.084375 0.09375 0.09609375
0 0.21171875 0.92109375 0.06484375 0.0765625
0 0.26328125 0.87578125 0.08203125 0.0796875
0 0.3171875 0.7984375 0.06484375 0.0578125
0 0.24765625 0.7125 0.0578125 0.071875
0 0.3875 0.70234375 0.0578125 0.053125
0 0.39375 0.490625 0.05 0.084375
0 0.3953125 0.62578125 0.046875 0.0734375
0 0.053125 0.57421875 0.10625 0.1515625
0 0.22734375 0.4359375 0.0484375 0.0484375
0 0.31484375 0.40625 0.0890625 0.053125
0 0.9140625 0.7078125 0.171875 0.146875
0 0.88984375 0.78046875 0.0765625 0.0671875
0 0.98984375 0.52265625 0.0203125 0.0765625
0 0.47578125 0.41796875 0.0796875 0.0765625
0 0.5421875 0.4625 0.0796875 0.071875
0 0.67578125 0.57265625 0.07421875 0.05546875
0 0.68046875 0.61875 0.0796875 0.0671875
0 0.4421875 0.65390625 0.046875 0.0609375
0 0.6546875 0.9609375 0.084375 0.078125
0 0.6015625 0.90234375 0.0578125 0.06953125
0 0.60390625 0.83125 0.0578125 0.0625
0 0.56640625 0.76484375 0.05546875 0.0578125
0 0.9828125 0.94609375 0.034375 0.0796875
0 0.9359375 0.97578125 0.08125 0.0484375
0 0.5765625 0.9734375 0.05625 0.053125
0 0.45390625 0.85390625 0.040625 0.0484375
0 0.47265625 0.80234375 0.03359375 0.03828125
0 0.80078125 0.46484375 0.05546875 0.053125
0 0.725 0.39375 0.0625 0.028125