0 0.18828125 0.025 0.1203125 0.05
0 0.121875 0.12421875 0.178125 0.178125
0 0.909375 0.0609375 0.040625 0.0484375
0 0.85859375 0.0578125 0.0578125 0.06015625
0 0.85 0.10859375 0.05546875 0.05078125
0 0.4671875 0.29921875 0.075 0.0796875
0 0.53828125 0.06875 0.1546875 0.1375
0 0.48984375 0.1515625 0.0890625 0.08203125
0 0.45078125 0.10234375 0.0421875 0.0890625
0 0.440625 0.18359375 0.021875 0.0640625
0 0.5484375 0.1625 0.0625 0.06484375
0 0.7015625 0.09921875 0.0578125 0.0578125
0 0.7328125 0.02421875 0.059375 0.0484375
0 0.8234375 0.2609375 0.05078125 0.0625
0 0.61875 0.32734375 0.05625 0.0234375
0 0.80390625 0.31953125 0.0515625 0.0390625
0 0.08984375 0.9734375 0.0953125 0.053125
0 0.0234375 0.58984375 0.046875 0.1828125
0 0.1015625 0.571875 0.11328125 0.1109375
0 0.02109375 0.43984375 0.0421875 0.0953125
0 0.36015625 0.5375 0.09140625 0.09140625
0 0.2625 0.5171875 0.06015625 0.06015625
0 0.37421875 0.41015625 0.1109375 0.1421875
0 0.14609375 0.93359375 0.05078125 0.05078125
0 0.09296875 0.86484375 0.040625 0.0359375
0 0.9328125 0.984375 0.103125 0.03125
0 0.85703125 0.978125 0.0828125 0.04375
0 0.9546875 0.815625 0.0796875 0.09140625
0 0.634375 0.5734375 0.1078125 0.11328125
0 0.51640625 0.7984375 0.10078125 0.115625
0 0.47734375 0.42109375 0.0953125 0.1640625
0 0.9234375 0.3984375 0.06484375 0.07421875
0 0.93359375 0.66015625 0.06484375 0.071875
0 0.85625 0.80078125 0.06015625 0.0578125
0 0.74375 0.88125 0.0625 0.06484375
0 0.58359375 0.9703125 0.0796875 0.059375
0 0.8453125 0.67265625 0.0578125 0.0578125