0 0.1 0.10625 0.2 0.2125
0 0.278125 0.11171875 0.1421875 0.1421875
0 0.17265625 0.20546875 0.084375 0.08671875
0 0.03984375 0.2828125 0.0796875 0.153125
0 0.528125 0.29765625 0.021875 0.0953125
0 0.39609375 0.24765625 0.0984375 0.0984375
0 0.165625 0.0234375 0.090625 0.046875
0 0.25390625 0.02890625 0.0796875 0.0578125
0 0.60234375 0.134375 0.10078125 0.0984375
0 0.5953125 0.2640625 0.10546875 0.1078125
0 0.734375 0.17734375 0.0890625 0.0890625
0 0.9890625 0.11484375 0.021875 0.1015625
0 0.96484375 0.196875 0.0703125 0.075
0 0.9828125 0.24765625 0.034375 0.0546875
0 0.8921875 0.33359375 0.115625 0.0515625
0 0.80390625 0.2375 0.115625 0.11796875
0 0.03671875 0.61484375 0.0734375 0.0828125
0 0.02421875 0.38671875 0.0484375 0.0546875
0 0.0890625 0.37890625 0.09375 0.0390625
0 0.21640625 0.390625 0.0765625 0.0625
0 0.26171875 0.48125 0.1109375 0.0796875
0 0.51328125 0.41171875 0.0515625 0.0921875
0 0.27421875 0.928125 0.0796875 0.06953125
0 0.59609375 0.509375 0.1109375 0.1390625
0 0.740625 0.525 0.26171875 0.27421875
0 0.8890625 0.58515625 0.11796875 0.125
0 0.8078125 0.6609375 0.0796875 0.10078125
0 0.71640625 0.66953125 0.053125 0.06015625
0 0.68046875 0.7953125 0.0796875 0.0796875
0 0.61640625 0.93359375 0.09609375 0.09609375
0 0.54765625 0.9390625 0.0171875 0.075
0 0.96640625 0.9234375 0.0671875 0.153125
0 0.546875 0.63046875 0.015625 0.0609375
0 0.940625 0.71015625 0.0671875 0.0796875
0 0.971875 0.71953125 0.05625 0.0828125