0 0.38515625 0.56484375 0.2140625 0.1703125
0 0.5390625 0.58046875 0.08125 0.1390625
0 0.46484375 0.48828125 0.084375 0.08671875
0 0.18828125 0.6125 0.0984375 0.075
0 0.21796875 0.56015625 0.12734375 0.12734375
0 0.20234375 0.48203125 0.16328125 0.16328125
0 0.1109375 0.421875 0.1734375 0.1734375
0 0.128125 0.31640625 0.08671875 0.08671875
0 0.28046875 0.3953125 0.18515625 0.1828125
0 0.153125 0.1578125 0.15390625 0.1515625
0 0.20625 0.01953125 0.13125 0.0390625
0 0.4984375 0.109375 0.11328125 0.11328125
0 0.525 0.29921875 0.09140625 0.09140625
0 0.3828125 0.04453125 0.09375 0.0890625
0 0.6828125 0.15546875 0.09375 0.08671875
0 0.82578125 0.02421875 0.0578125 0.0484375
0 0.8234375 0.15546875 0.0625 0.04296875
0 0.81640625 0.209375 0.06484375 0.0484375
0 0.95546875 0.2671875 0.05546875 0.0765625
0 0.9171875 0.1875 0.03359375 0.053125
0 0.60859375 0.62734375 0.0359375 0.0453125
0 0.58828125 0.09296875 0.0171875 0.0421875
0 0.6734375 0.48359375 0.05078125 0.0484375
0 0.046875 0.77734375 0.06015625 0.0625
0 0.45078125 0.7453125 0.071875 0.05546875
0 0.28984375 0.90625 0.0578125 0.0671875
0 0.2578125 0.7828125 0.0453125 0.0578125
0 0.8453125 0.96015625 0.14375 0.0796875
0 0.89921875 0.865625 0.19453125 0.15859375
0 0.9796875 0.66640625 0.040625 0.0328125