0 0.2234375 0.03515625 0.07421875 0.0671875
0 0.11015625 0.021875 0.0703125 0.04375
0 0.10859375 0.06640625 0.06484375 0.071875
0 0.209375 0.2140625 0.0890625 0.10546875
0 0.2609375 0.2625 0.05625 0.084375
0 0.1984375 0.353125 0.09609375 0.0765625
0 0.234375 0.45703125 0.0671875 0.0765625
0 0.0515625 0.45546875 0.084375 0.0796875
0 0.04375 0.33671875 0.0875 0.1171875
0 0.11953125 0.34609375 0.0578125 0.0625
0 0.3546875 0.45078125 0.05546875 0.0625
0 0.32109375 0.29921875 0.0640625 0.1046875
0 0.85859375 0.48203125 0.1328125 0.0546875
0 0.890625 0.33125 0.071875 0.07421875
0 0.52109375 0.49140625 0.0921875 0.0359375
0 0.1234375 0.7265625 0.14453125 0.13671875
0 0.2515625 0.76484375 0.075 0.0796875
0 0.0796875 0.54296875 0.0671875 0.0578125
0 0.81015625 0.975 0.1109375 0.05
0 0.5890625 0.78359375 0.11328125 0.103125
0 0.33359375 0.65703125 0.0890625 0.1109375
0 0.55078125 0.59453125 0.2234375 0.1703125