0 0.56640625 0.2453125 0.1265625 0.134375
0 0.3703125 0.30390625 0.103125 0.0921875
0 0.29765625 0.2734375 0.0890625 0.07421875
0 0.29296875 0.146875 0.0625 0.0671875
0 0.34921875 0.140625 0.06953125 0.06015625
0 0.39375 0.0375 0.103125 0.075
0 0.61875 0.03125 0.021875 0.0625
0 0.14921875 0.02890625 0.0734375 0.0578125
0 0.09375 0.1609375 0.0890625 0.0765625
0 0.0140625 0.08671875 0.028125 0.0765625
0 0.009375 0.15859375 0.01875 0.0671875
0 0.05625 0.2578125 0.1125 0.184375
0 0.671875 0.29453125 0.0453125 0.07421875
0 0.73125 0.0234375 0.0359375 0.03828125
0 0.3078125 0.6 0.08203125 0.08203125
0 0.0796875 0.409375 0.1296875 0.11796875
0 0.06796875 0.78515625 0.125 0.1296875
0 0.09296875 0.97578125 0.1140625 0.0484375
0 0.20703125 0.95390625 0.0671875 0.0671875
0 0.3765625 0.965625 0.15625 0.06875
0 0.465625 0.89609375 0.0578125 0.06953125
0 0.58359375 0.534375 0.0625 0.0625
0 0.3 0.7359375 0.08203125 0.071875
0 0.07734375 0.6546875 0.0796875 0.0671875
0 0.04453125 0.5765625 0.0796875 0.08203125
0 0.12890625 0.51953125 0.0765625 0.084375
0 0.00625 0.94375 0.0125 0.0625
0 0.40390625 0.775 0.0453125 0.04296875
0 0.64453125 0.5234375 0.0296875 0.103125
0 0.6828125 0.59609375 0.10625 0.1296875
0 0.7828125 0.53046875 0.1703125 0.1734375
0 0.85546875 0.590625 0.12734375 0.12734375
0 0.92734375 0.69296875 0.1203125 0.1203125
0 0.96015625 0.75703125 0.0796875 0.2484375
0 0.825 0.37421875 0.0625 0.0484375
0 0.88359375 0.359375 0.0859375 0.01875
0 0.7171875 0.975 0.103125 0.05