0 0.01171875 0.1484375 0.0234375 0.08125
0 0.07890625 0.3359375 0.0828125 0.065625
0 0.10859375 0.2609375 0.09140625 0.084375
0 0.1390625 0.15 0.12265625 0.12265625
0 0.39453125 0.35 0.1265625 0.0375
0 0.3984375 0.340625 0.071875 0.05625
0 0.44921875 0.19453125 0.06015625 0.05546875
0 0.41796875 0.1609375 0.053125 0.0453125
0 0.0515625 0.15 0.0625 0.06484375
0 0.6328125 0.09140625 0.128125 0.1203125
0 0.7734375 0.13984375 0.134375 0.16796875
0 0.89140625 0.05 0.0890625 0.1
0 0.71484375 0.29765625 0.103125 0.11796875
0 0.8765625 0.19375 0.06484375 0.06953125
0 0.9875 0.13046875 0.025 0.0890625
0 0.965625 0.26875 0.06875 0.09375
0 0.884375 0.3359375 0.0484375 0.0484375
0 0.5796875 0.19921875 0.021875 0.0890625
0 0.54296875 0.609375 0.0515625 0.165625
0 0.5046875 0.75546875 0.128125 0.1828125
0 0.3921875 0.91796875 0.1875 0.1640625
0 0.36328125 0.98125 0.1765625 0.0375
0 0.1671875 0.88203125 0.0984375 0.0984375
0 0.22734375 0.5390625 0.4546875 0.340625
0 0.4171875 0.596875 0.22578125 0.22578125
0 0.91171875 0.7796875 0.09375 0.0765625
0 0.9515625 0.89296875 0.096875 0.1171875
0 0.59375 0.725 0.05 0.075
0 0.8578125 0.42421875 0.06484375 0.084375