0 0.159375 0.4328125 0.08125 0.034375
0 0.30078125 0.38203125 0.1390625 0.1359375
0 0.54140625 0.425 0.0453125 0.05
0 0.6078125 0.20703125 0.003125 0.0890625
0 0.57890625 0.159375 0.0609375 0.071875
0 0.5765625 0.103125 0.065625 0.11875
0 0.3453125 0.0578125 0.121875 0.115625
0 0.3859375 0.12265625 0.1078125 0.1078125
0 0.28046875 0.16953125 0.11796875 0.10546875
0 0.271875 0.27421875 0.09140625 0.09375
0 0.08828125 0.2890625 0.10078125 0.10546875
0 0.0171875 0.38984375 0.034375 0.1015625
0 0.10859375 0.1984375 0.10546875 0.103125
0 0.13984375 0.08828125 0.146875 0.14921875
0 0.428125 0.3078125 0.084375 0.08671875
0 0.21328125 0.1296875 0.0765625 0.0765625
0 0.5 0.36328125 0.178125 0.1734375
0 0.8703125 0.378125 0.259375 0.14375
0 0.74765625 0.35 0.08203125 0.0796875
0 0.64375 0.30703125 0.06875 0.0765625
0 0.9734375 0.09453125 0.053125 0.0796875
0 0.9234375 0.14375 0.1078125 0.10078125
0 0.93359375 0.23984375 0.08203125 0.06484375
0 0.82421875 0.26328125 0.0890625 0.1109375
0 0.81015625 0.14453125 0.04296875 0.06484375
0 0.75859375 0.1484375 0.06015625 0.0671875
0 0.0125 0.8203125 0.025 0.08125
0 0.03046875 0.93203125 0.0609375 0.0828125
0 0.14140625 0.95703125 0.08203125 0.0765625
0 0.20078125 0.99453125 0.0796875 0.0109375
0 0.4484375 0.81875 0.08203125 0.0765625
0 0.20546875 0.56171875 0.4109375 0.2234375
0 0.9875 0.88125 0.025 0.10625
0 0.715625 0.8328125 0.125 0.12265625
0 0.8625 0.98125 0.090625 0.0375
0 0.67265625 0.52578125 0.1265625 0.1515625
0 0.69921875 0.48203125 0.1015625 0.0640625
0 0.6421875 0.91484375 0.065625 0.0890625
0 0.9453125 0.4765625 0.1 0.053125
0 0.8703125 0.925 0.084375 0.084375
0 0.81875 0.93359375 0.0671875 0.0671875
0 0.7890625 0.58359375 0.06015625 0.06015625
0 0.796875 0.79765625 0.0765625 0.07421875
0 0.85 0.84453125 0.08203125 0.08203125
0 0.92109375 0.88046875 0.08203125 0.08203125