0 0.12890625 0.09375 0.09609375 0.103125
0 0.271875 0.171875 0.2015625 0.2140625
0 0.30546875 0.35859375 0.1890625 0.1890625
0 0.1015625 0.009375 0.053125 0.01875
0 0.27265625 0.09765625 0.2546875 0.1953125
0 0.37578125 0.48125 0.0484375 0.05625
0 0.3015625 0.47890625 0.071875 0.0609375
0 0.1421875 0.4578125 0.06484375 0.07421875
0 0.975 0.14921875 0.05 0.1734375
0 0.55625 0.08984375 0.11328125 0.084375
0 0.5484375 0.290625 0.0765625 0.0578125
0 0.5203125 0.38828125 0.09140625 0.06953125
0 0.6078125 0.4890625 0.0875 0.040625
0 0.44296875 0.484375 0.0859375 0.05
0 0.24296875 0.67578125 0.1421875 0.125
0 0.371875 0.67109375 0.05625 0.0796875
0 0.3390625 0.7296875 0.06015625 0.0625
0 0.31875 0.8171875 0.05078125 0.05546875
0 0.09765625 0.6234375 0.05078125 0.0453125
0 0.46015625 0.5484375 0.03828125 0.040625
0 0.41328125 0.6546875 0.0265625 0.053125
0 0.42734375 0.728125 0.0546875 0.128125
0 0.4234375 0.7375 0.046875 0.053125
0 0.465625 0.8046875 0.07421875 0.0671875
0 0.4375 0.86015625 0.05546875 0.0578125
0 0.625 0.96328125 0.053125 0.05078125
0 0.409375 0.98203125 0.01875 0.0359375
0 0.55859375 0.9484375 0.0578125 0.0796875
0 0.58515625 0.8890625 0.02890625 0.04296875
0 0.625 0.85859375 0.071875 0.06015625
0 0.5390625 0.7796875 0.040625 0.0453125