0 0.22734375 0.17734375 0.0984375 0.1109375
0 0.375 0.1046875 0.209375 0.209375
0 0.06171875 0.0125 0.0671875 0.025
0 0.05390625 0.16328125 0.071875 0.07421875
0 0.01953125 0.234375 0.03828125 0.09375
0 0.2234375 0.3515625 0.05078125 0.0671875
0 0.20078125 0.29765625 0.053125 0.07421875
0 0.1296875 0.4875 0.0484375 0.06015625
0 0.44765625 0.29296875 0.4046875 0.4515625
0 0.7734375 0.35859375 0.16796875 0.14453125
0 0.93984375 0.35078125 0.1203125 0.1046875
0 0.92890625 0.0453125 0.1109375 0.090625
0 0.6703125 0.4890625 0.040625 0.059375
0 0.5234375 0.89140625 0.253125 0.2171875
0 0.3453125 0.7546875 0.0578125 0.0890625
0 0.284375 0.721875 0.0453125 0.06015625
0 0.190625 0.7796875 0.06484375 0.09609375
0 0.10625 0.74296875 0.13203125 0.14453125
0 0.03125 0.621875 0.0625 0.096875
0 0.1546875 0.53359375 0.06875 0.0296875
0 0.45234375 0.57734375 0.1515625 0.1171875
0 0.76796875 0.89609375 0.03359375 0.04296875
0 0.93984375 0.728125 0.04296875 0.05078125
0 0.9109375 0.65234375 0.03828125 0.040625
0 0.77890625 0.58125 0.04296875 0.04296875
0 0.828125 0.8375 0.0484375 0.0359375