0 0.04375 0.10625 0.0875 0.2125
0 0.54296875 0.13671875 0.1328125 0.1421875
0 0.28359375 0.315625 0.07421875 0.084375
0 0.2046875 0.33984375 0.06484375 0.08203125
0 0.1265625 0.4046875 0.071875 0.0796875
0 0.775 0.09609375 0.259375 0.1921875
0 0.9578125 0.03046875 0.084375 0.0609375
0 0.8421875 0.390625 0.11328125 0.11328125
0 0.221875 0.8828125 0.2046875 0.2140625
0 0.1640625 0.7421875 0.071875 0.0671875
0 0.2953125 0.728125 0.06015625 0.040625
0 0.26796875 0.6875 0.0671875 0.0453125
0 0.60078125 0.56953125 0.0171875 0.0703125
0 0.028125 0.63828125 0.05625 0.0671875
0 0.015625 0.5734375 0.03125 0.053125
0 0.45546875 0.9921875 0.0484375 0.015625
0 0.45078125 0.46484375 0.0484375 0.0296875
0 0.5109375 0.95625 0.04296875 0.04296875
0 0.4890625 0.8953125 0.03828125 0.040625
0 0.09140625 0.78671875 0.05078125 0.06015625
0 0.0609375 0.7125 0.040625 0.03828125
0 0.74296875 0.9234375 0.1734375 0.153125
0 0.9125 0.50078125 0.103125 0.1015625
0 0.85546875 0.47265625 0.0953125 0.0453125