0 0.43828125 0.02578125 0.0609375 0.0515625
0 0.08359375 0.3453125 0.07421875 0.084375
0 0.1625 0.32109375 0.06484375 0.08203125
0 0.240625 0.25625 0.071875 0.0796875
0 0.39453125 0.24765625 0.08203125 0.0890625
0 0.6171875 0.31875 0.1609375 0.16328125
0 0.55625 0.1859375 0.175 0.20625
0 0.71953125 0.2203125 0.165625 0.178125
0 0.68984375 0.02421875 0.1171875 0.0484375
0 0.93828125 0.04375 0.09140625 0.08671875
0 0.4765625 0.40703125 0.015625 0.0953125
0 0.97890625 0.39375 0.0421875 0.0625
0 0.11484375 0.9921875 0.0640625 0.015625
0 0.25625 0.97734375 0.0359375 0.04296875
0 0.346875 0.90234375 0.04296875 0.03359375
0 0.403125 0.8328125 0.04296875 0.03359375
0 0.38046875 0.784375 0.03359375 0.02890625
0 0.30078125 0.84609375 0.0671875 0.040625
0 0.203125 0.82109375 0.05546875 0.03359375
0 0.215625 0.79296875 0.0484375 0.021875
0 0.25 0.76640625 0.0484375 0.03359375
0 0.31015625 0.7703125 0.02890625 0.02890625
0 0.17578125 0.9109375 0.03125 0.03359375
0 0.453125 0.66484375 0.03125 0.0671875
0 0.34375 0.690625 0.0265625 0.03828125
0 0.309375 0.6765625 0.04296875 0.0453125
0 0.296875 0.58046875 0.05078125 0.040625
0 0.4859375 0.503125 0.034375 0.06875
0 0.9640625 0.5265625 0.071875 0.084375
0 0.9578125 0.6 0.0765625 0.071875
0 0.73125 0.70078125 0.26171875 0.27421875
0 0.96328125 0.92734375 0.0734375 0.0921875
0 0.934375 0.66484375 0.06015625 0.0578125
0 0.9765625 0.665625 0.046875 0.06875
0 0.9078125 0.9796875 0.065625 0.040625
0 0.84765625 0.92734375 0.03828125 0.04296875
0 0.50546875 0.8703125 0.0734375 0.21875