0 0.5390625 0.06875 0.228125 0.1375
0 0.6625 0.03046875 0.1375 0.0609375
0 0.71015625 0.51015625 0.1046875 0.0796875
0 0.0546875 0.15234375 0.109375 0.1578125
0 0.30546875 0.271875 0.084375 0.09375
0 0.3828125 0.28046875 0.07421875 0.0890625
0 0.46640625 0.32578125 0.08203125 0.0890625
0 0.60859375 0.30625 0.09140625 0.0984375
0 0.93125 0.23984375 0.1375 0.4234375
0 0.9203125 0.52578125 0.065625 0.0484375
0 0.16875 0.84765625 0.09609375 0.0984375
0 0.24921875 0.8515625 0.103125 0.10546875
0 0.52265625 0.83671875 0.3453125 0.3265625
0 0.34375 0.78515625 0.134375 0.1390625
0 0.03359375 0.6296875 0.0671875 0.159375
0 0.57265625 0.61328125 0.2890625 0.1265625
0 0.15078125 0.940625 0.08203125 0.084375
0 0.93828125 0.6625 0.084375 0.0796875
0 0.86328125 0.67734375 0.0484375 0.0703125
0 0.93203125 0.9015625 0.0765625 0.071875