0 0.3703125 0.45234375 0.0890625 0.09375
0 0.03828125 0.52734375 0.0765625 0.2078125
0 0.02890625 0.12421875 0.0578125 0.0796875
0 0.09765625 0.146875 0.06015625 0.0796875
0 0.17109375 0.2078125 0.0671875 0.0765625
0 0.3140625 0.21796875 0.0765625 0.084375
0 0.8328125 0.6265625 0.096875 0.046875
0 0.721875 0.61953125 0.0625 0.0609375
0 0.79609375 0.3234375 0.08671875 0.0796875
0 0.9515625 0.1921875 0.0765625 0.09375
0 0.628125 0.10703125 0.04296875 0.0578125
0 0.884375 0.0359375 0.05078125 0.040625
0 0.1359375 0.75 0.0890625 0.0890625
0 0.08515625 0.8140625 0.10546875 0.11328125
0 0.22578125 0.78828125 0.0625 0.06953125
0 0.1203125 0.66171875 0.084375 0.0234375
0 0.02890625 0.88359375 0.0578125 0.1015625
0 0.2640625 0.95546875 0.0625 0.06015625
0 0.57890625 0.9484375 0.0421875 0.096875
0 0.725 0.84375 0.21640625 0.2015625
0 0.91171875 0.8359375 0.084375 0.0984375
0 0.975 0.6765625 0.05 0.053125