0 0.16796875 0.1859375 0.125 0.1515625
0 0.2875 0.12421875 0.12265625 0.10546875
0 0.05625 0.22890625 0.09140625 0.071875
0 0.33203125 0.32265625 0.07421875 0.08671875
0 0.55390625 0.059375 0.0625 0.0484375
0 0.54296875 0.1453125 0.0484375 0.0875
0 0.64453125 0.03046875 0.0421875 0.0609375
0 0.89296875 0.16171875 0.09140625 0.09140625
0 0.97421875 0.29921875 0.0515625 0.0578125
0 0.7359375 0.015625 0.075 0.03125
0 0.12734375 0.75859375 0.08203125 0.0796875
0 0.29453125 0.98828125 0.0578125 0.0234375
0 0.490625 0.7578125 0.05625 0.06875
0 0.48828125 0.653125 0.0609375 0.084375
0 0.3734375 0.67578125 0.0625 0.06015625
0 0.13203125 0.88046875 0.08203125 0.071875
0 0.1921875 0.4421875 0.240625 0.046875
0 0.24453125 0.475 0.0890625 0.0671875
0 0.22890625 0.90625 0.0453125 0.04296875
0 0.3828125 0.46875 0.0453125 0.04296875
0 0.07265625 0.496875 0.06484375 0.0625
0 0.83046875 0.915625 0.09609375 0.06484375
0 0.73671875 0.94140625 0.0890625 0.0796875
0 0.80625 0.75625 0.07421875 0.0671875
0 0.92421875 0.53828125 0.06953125 0.071875
0 0.75703125 0.47265625 0.06484375 0.06484375
0 0.721875 0.546875 0.06484375 0.071875
0 0.6546875 0.646875 0.08203125 0.0765625