0 0.1875 0.615625 0.103125 0.0875
0 0.065625 0.4453125 0.13125 0.1875
0 0.32421875 0.60390625 0.04296875 0.05078125
0 0.41796875 0.51484375 0.07421875 0.0578125
0 0.26953125 0.34453125 0.06484375 0.06484375
0 0.11953125 0.1125 0.053125 0.0578125
0 0.19296875 0.13125 0.03828125 0.0359375
0 0.17734375 0.0453125 0.03125 0.0484375
0 0.07421875 0.0109375 0.0484375 0.021875
0 0.509375 0.5609375 0.03359375 0.03828125
0 0.50625 0.4515625 0.03359375 0.05078125
0 0.36484375 0.00546875 0.0578125 0.0109375
0 0.37890625 0.03046875 0.03125 0.03828125
0 0.45703125 0.09296875 0.05078125 0.053125
0 0.509375 0.05234375 0.04296875 0.053125
0 0.97890625 0.45546875 0.0421875 0.0515625
0 0.97578125 0.55546875 0.0484375 0.0828125
0 0.8015625 0.18125 0.0484375 0.05078125
0 0.97734375 0.28203125 0.0453125 0.0671875
0 0.37578125 0.675 0.0796875 0.03125
0 0.065625 0.71015625 0.06484375 0.06015625
0 0.21484375 0.6765625 0.0390625 0.034375
0 0.26796875 0.675 0.0359375 0.03125
0 0.04921875 0.8671875 0.071875 0.084375
0 0.040625 0.975 0.0625 0.05
0 0.13203125 0.971875 0.0796875 0.05625
0 0.50546875 0.68671875 0.03359375 0.02890625
0 0.534375 0.74921875 0.03828125 0.03828125
0 0.5703125 0.78515625 0.01875 0.0421875
0 0.5671875 0.834375 0.025 0.05
0 0.478125 0.8609375 0.06953125 0.071875
0 0.52109375 0.94765625 0.1171875 0.1046875
0 0.3203125 0.87578125 0.05078125 0.06484375
0 0.20546875 0.86484375 0.0625 0.053125
0 0.32890625 0.70625 0.040625 0.0359375
0 0.4046875 0.7515625 0.053125 0.05078125
0 0.12578125 0.74140625 0.05078125 0.04296875
0 0.2625 0.9390625 0.0453125 0.0453125
0 0.2859375 0.98984375 0.040625 0.0203125
0 0.72578125 0.9640625 0.1140625 0.071875
0 0.778125 0.88046875 0.071875 0.06484375
0 0.66328125 0.77265625 0.08203125 0.1078125
0 0.6171875 0.9546875 0.075 0.0875
0 0.80234375 0.72578125 0.071875 0.0765625
0 0.81953125 0.671875 0.0796875 0.025
0 0.8578125 0.74140625 0.09140625 0.084375
0 0.86640625 0.8375 0.0984375 0.09609375