0 0.1421875 0.0125 0.040625 0.025
0 0.05390625 0.04375 0.053125 0.06015625
0 0.134375 0.1328125 0.0984375 0.09375
0 0.278125 0.29375 0.178125 0.1703125
0 0.0125 0.14921875 0.025 0.0453125
0 0.05625 0.38515625 0.0625 0.06015625
0 0.20078125 0.5953125 0.05078125 0.053125
0 0.1296875 0.57890625 0.03828125 0.03125
0 0.14375 0.6515625 0.03125 0.034375
0 0.35546875 0.64921875 0.0421875 0.0390625
0 0.42109375 0.65546875 0.0359375 0.0265625
0 0.92890625 0.6140625 0.1421875 0.109375
0 0.84296875 0.65234375 0.0640625 0.0328125
0 0.78359375 0.57578125 0.0671875 0.08203125
0 0.69375 0.5171875 0.053125 0.0671875
0 0.68671875 0.4109375 0.0671875 0.0890625
0 0.58203125 0.428125 0.0484375 0.04296875
0 0.64453125 0.309375 0.0578125 0.06484375
0 0.73359375 0.3140625 0.084375 0.0796875
0 0.89296875 0.17578125 0.08671875 0.1078125
0 0.9640625 0.28125 0.0359375 0.0453125
0 0.9890625 0.17109375 0.021875 0.0640625
0 0.4796875 0.021875 0.071875 0.04375
0 0.48046875 0.28046875 0.0828125 0.2828125
0 0.85703125 0.4859375 0.053125 0.05078125
0 0.83671875 0.3828125 0.05078125 0.0578125
0 0.85625 0.309375 0.05078125 0.05546875
0 0.86171875 0.04375 0.06484375 0.0671875
0 0.1109375 0.76875 0.0578125 0.06015625
0 0.046875 0.71484375 0.06953125 0.0578125
0 0.27890625 0.8375 0.05078125 0.053125
0 0.1734375 0.978125 0.06875 0.04375
0 0.8765625 0.74921875 0.08671875 0.08671875
0 0.80625 0.78203125 0.125 0.1296875
0 0.74453125 0.7890625 0.0625 0.07421875
0 0.6875 0.9765625 0.103125 0.046875
0 0.5265625 0.98125 0.09375 0.0375
0 0.465625 0.8 0.053125 0.209375
0 0.58828125 0.85625 0.09609375 0.10078125
0 0.603125 0.73359375 0.08203125 0.0796875
0 0.79375 0.925 0.06015625 0.06484375