0 0.56796875 0.0453125 0.0890625 0.090625
0 0.4140625 0.06484375 0.2 0.1296875
0 0.13125 0.12421875 0.13671875 0.12265625
0 0.078125 0.01328125 0.09375 0.0265625
0 0.76171875 0.03125 0.1390625 0.0625
0 0.88359375 0.1125 0.08671875 0.10078125
0 0.7515625 0.10859375 0.053125 0.06015625
0 0.928125 0.034375 0.05078125 0.0578125
0 0.471875 0.56796875 0.09375 0.084375
0 0.38671875 0.42109375 0.11328125 0.125
0 0.26015625 0.41484375 0.11328125 0.1109375
0 0.17734375 0.36953125 0.08203125 0.084375
0 0.26171875 0.265625 0.0640625 0.03125
0 0.33828125 0.2546875 0.0484375 0.009375
0 0.38203125 0.27578125 0.0578125 0.0515625
0 0.3578125 0.725 0.0796875 0.09140625
0 0.39375 0.7765625 0.05078125 0.0625
0 0.40703125 0.8359375 0.05546875 0.06015625
0 0.5453125 0.72734375 0.0578125 0.06484375
0 0.56328125 0.6515625 0.06484375 0.06015625
0 0.57109375 0.915625 0.1359375 0.16875
0 0.1703125 0.9796875 0.14375 0.040625
0 0.0203125 0.97421875 0.040625 0.0390625
0 0.1375 0.8578125 0.05078125 0.0578125
0 0.10859375 0.75859375 0.0765625 0.0671875
0 0.2125 0.65703125 0.053125 0.0578125
0 0.0484375 0.35390625 0.0625 0.06015625
0 0.62265625 0.44765625 0.0328125 0.0578125
0 0.91953125 0.86171875 0.09375 0.08671875
0 0.9421875 0.58671875 0.0984375 0.10546875
0 0.9578125 0.46171875 0.084375 0.1015625
0 0.72265625 0.3765625 0.07421875 0.09375