0 0.0453125 0.53359375 0.090625 0.0328125
0 0.04296875 0.20390625 0.0859375 0.1765625
0 0.26328125 0.16328125 0.0734375 0.0984375
0 0.059375 0.45078125 0.03828125 0.04296875
0 0.2859375 0.296875 0.028125 0.053125
0 0.27734375 0.496875 0.0453125 0.05625
0 0.15625 0.52421875 0.0484375 0.0453125
0 0.82890625 0.534375 0.0890625 0.03125
0 0.94765625 0.171875 0.08203125 0.08203125
0 0.89453125 0.32421875 0.146875 0.14921875
0 0.86015625 0.42890625 0.084375 0.0765625
0 0.615625 0.34921875 0.0578125 0.06015625
0 0.384375 0.5328125 0.065625 0.034375
0 0.34921875 0.4890625 0.0890625 0.09140625
0 0.38515625 0.24609375 0.08203125 0.0890625
0 0.4859375 0.27265625 0.0796875 0.071875
0 0.5234375 0.22890625 0.05078125 0.05078125
0 0.57265625 0.1875 0.05546875 0.05546875
0 0.81328125 0.09609375 0.06015625 0.05078125
0 0.809375 0.0609375 0.08671875 0.08203125
0 0.878125 0.0390625 0.040625 0.0359375
0 0.97890625 0.0234375 0.0421875 0.046875
0 0.52734375 0.02109375 0.0484375 0.0421875
0 0.75546875 0.01015625 0.0453125 0.0203125
0 0.38125 0.07890625 0.03359375 0.040625
0 0.23828125 0.8390625 0.1203125 0.12265625
0 0.06015625 0.9109375 0.10078125 0.1296875
0 0.215625 0.65234375 0.053125 0.0578125
0 0.278125 0.57578125 0.04375 0.0515625
0 0.0703125 0.56640625 0.075 0.0328125
0 0.9546875 0.7796875 0.08203125 0.08671875
0 0.3140625 0.7859375 0.028125 0.228125
0 0.46640625 0.815625 0.09375 0.08671875
0 0.66328125 0.67890625 0.053125 0.05078125