0 0.2671875 0.15 0.225 0.26875
0 0.36875 0.47421875 0.021875 0.0109375
0 0.28828125 0.4484375 0.05078125 0.05546875
0 0.09453125 0.38125 0.09375 0.08671875
0 0.88828125 0.29140625 0.1078125 0.12265625
0 0.78671875 0.17734375 0.10546875 0.08203125
0 0.58515625 0.18359375 0.084375 0.0890625
0 0.66953125 0.309375 0.0796875 0.0796875
0 0.4484375 0.103125 0.08203125 0.084375
0 0.403125 0.4703125 0.046875 0.01875
0 0.96875 0.3640625 0.0625 0.1125
0 0.0515625 0.74453125 0.103125 0.1234375
0 0.09140625 0.825 0.14921875 0.12734375
0 0.0296875 0.95078125 0.059375 0.0984375
0 0.2875 0.78125 0.05546875 0.0765625
0 0.29765625 0.865625 0.071875 0.0890625
0 0.21796875 0.96484375 0.1828125 0.0703125
0 0.25625 0.6046875 0.05078125 0.06015625
0 0.165625 0.65859375 0.0453125 0.06015625
0 0.44453125 0.8203125 0.1296875 0.359375
0 0.38984375 0.5984375 0.0203125 0.071875
0 0.54765625 0.74140625 0.0578125 0.0625
0 0.62734375 0.76953125 0.071875 0.08203125
0 0.5734375 0.965625 0.09375 0.06875
0 0.89296875 0.98125 0.1921875 0.0375
0 0.9046875 0.70078125 0.190625 0.1921875
0 0.52734375 0.58046875 0.0765625 0.07421875
0 0.58125 0.6578125 0.05546875 0.0625