0 0.58359375 0.4109375 0.1703125 0.378125
0 0.5984375 0.20078125 0.08671875 0.1078125
0 0.5421875 0.06796875 0.1625 0.1359375
0 0.0203125 0.4234375 0.040625 0.23125
0 0.13203125 0.47265625 0.115625 0.11328125
0 0.23515625 0.3640625 0.0578125 0.04296875
0 0.2875 0.30625 0.084375 0.1515625
0 0.12265625 0.296875 0.0578125 0.1421875
0 0.240625 0.1015625 0.259375 0.203125
0 0.41171875 0.015625 0.0328125 0.03125
0 0.45546875 0.4359375 0.06953125 0.0671875
0 0.44375 0.5484375 0.040625 0.0578125
0 0.02421875 0.2515625 0.0484375 0.08125
0 0.42421875 0.28984375 0.05078125 0.053125
0 0.9828125 0.525 0.034375 0.1375
0 0.9703125 0.29609375 0.059375 0.0796875
0 0.85859375 0.1203125 0.10546875 0.103125
0 0.83046875 0.1828125 0.08203125 0.0984375
0 0.73515625 0.2453125 0.1328125 0.165625
0 0.83671875 0.33671875 0.0890625 0.08203125
0 0.775 0.375 0.07421875 0.06953125
0 0.853125 0.4453125 0.06484375 0.06015625
0 0.7859375 0.46875 0.0578125 0.0578125
0 0.86953125 0.590625 0.0734375 0.01875
0 0.69375 0.08203125 0.05 0.0703125
0 0.07734375 0.84921875 0.1546875 0.3015625
0 0.053125 0.90625 0.10625 0.1125
0 0.20078125 0.99140625 0.0796875 0.0171875
0 0.1546875 0.8984375 0.0796875 0.0796875
0 0.028125 0.621875 0.05625 0.04375
0 0.08203125 0.63515625 0.1015625 0.0703125
0 0.2890625 0.79765625 0.07421875 0.07421875
0 0.3265625 0.7703125 0.07421875 0.07421875
0 0.32890625 0.84375 0.05546875 0.05546875
0 0.3234375 0.721875 0.06484375 0.06484375
0 0.33515625 0.6328125 0.1203125 0.065625
0 0.4890625 0.7640625 0.1296875 0.1296875
0 0.43515625 0.73671875 0.08671875 0.08671875
0 0.28125 0.9734375 0.09375 0.053125
0 0.50078125 0.9421875 0.1828125 0.115625
0 0.559375 0.9625 0.0875 0.075
0 0.56640625 0.984375 0.0984375 0.03125
0 0.54296875 0.90078125 0.0796875 0.0796875
0 0.58359375 0.76640625 0.08203125 0.08203125
0 0.63828125 0.77421875 0.0609375 0.0765625
0 0.64453125 0.671875 0.0484375 0.084375
0 0.56328125 0.64140625 0.08203125 0.08203125
0 0.4484375 0.615625 0.075 0.03125
0 0.36953125 0.9234375 0.2421875 0.153125
0 0.965625 0.92109375 0.06875 0.1578125
0 0.93515625 0.7921875 0.1296875 0.134375