0 0.43828125 0.25546875 0.0234375 0.1078125
0 0.39140625 0.1125 0.1171875 0.15625
0 0.159375 0.3171875 0.084375 0.065625
0 0.01171875 0.31484375 0.0234375 0.0703125
0 0.12109375 0.12890625 0.2421875 0.2578125
0 0.284375 0.06328125 0.03359375 0.0453125
0 0.2953125 0.33359375 0.05 0.0328125
0 0.8625 0.05390625 0.14375 0.1078125
0 0.79140625 0.19296875 0.1078125 0.1109375
0 0.80625 0.30234375 0.11875 0.0953125
0 0.4875 0.2234375 0.075 0.15
0 0.8984375 0.30625 0.06015625 0.0625
0 0.08046875 0.8578125 0.0796875 0.07421875
0 0.1921875 0.95 0.0671875 0.06953125
0 0.38203125 0.91328125 0.0453125 0.05078125
0 0.4 0.6953125 0.0671875 0.06953125
0 0.34765625 0.49921875 0.0578125 0.053125
0 0.37421875 0.47578125 0.0578125 0.05078125
0 0.33203125 0.42734375 0.0484375 0.05078125
0 0.31171875 0.3765625 0.05546875 0.053125
0 0.02890625 0.38359375 0.0578125 0.0671875
0 0.01875 0.55859375 0.0375 0.0546875
0 0.01484375 0.75859375 0.0296875 0.0734375
0 0.47109375 0.64453125 0.0421875 0.0640625
0 0.6359375 0.52890625 0.371875 0.3578125
0 0.95625 0.49609375 0.0671875 0.0765625
0 0.940625 0.865625 0.103125 0.10078125
0 0.96953125 0.709375 0.0609375 0.065625
0 0.80546875 0.7765625 0.06015625 0.05546875
0 0.7609375 0.85234375 0.0578125 0.06015625
0 0.58203125 0.80390625 0.0671875 0.0796875
0 0.51875 0.790625 0.0484375 0.0578125
0 0.56875 0.9046875 0.07421875 0.0796875
0 0.47578125 0.96484375 0.0515625 0.0484375
0 0.94765625 0.98828125 0.0671875 0.0234375
0 0.66484375 0.9203125 0.05546875 0.05546875