0 0.40234375 0.4671875 0.0546875 0.125
0 0.01484375 0.15234375 0.0296875 0.1609375
0 0.3625 0.2796875 0.040625 0.05546875
0 0.39921875 0.13125 0.0609375 0.059375
0 0.04921875 0.2078125 0.09140625 0.071875
0 0.15 0.1 0.05078125 0.0671875
0 0.284375 0.4203125 0.05546875 0.053125
0 0.9296875 0.01328125 0.084375 0.0265625
0 0.98828125 0.0125 0.0234375 0.025
0 0.040625 0.90859375 0.08125 0.1171875
0 0.0875 0.9296875 0.09140625 0.09140625
0 0.115625 0.54921875 0.084375 0.0390625
0 0.16875 0.56171875 0.0875 0.0640625
0 0.57734375 0.9625 0.0984375 0.075
0 0.7671875 0.74609375 0.465625 0.4328125
0 0.97734375 0.91796875 0.0453125 0.1265625
0 0.6265625 0.81640625 0.05078125 0.0625
0 0.9671875 0.8515625 0.065625 0.053125
0 0.92421875 0.9625 0.0859375 0.075
0 0.86953125 0.9515625 0.0796875 0.084375
0 0.5546875 0.81640625 0.08203125 0.08203125
0 0.50546875 0.67578125 0.071875 0.0625
0 0.4765625 0.63125 0.07421875 0.08203125