0 0.48125 0.3890625 0.1 0.021875
0 0.34140625 0.39453125 0.0671875 0.0109375
0 0.353125 0.3609375 0.06953125 0.053125
0 0.10234375 0.38046875 0.0796875 0.0390625
0 0.21875 0.28984375 0.06015625 0.08203125
0 0.25078125 0.37265625 0.0359375 0.0546875
0 0.0421875 0.021875 0.084375 0.04375
0 0.1671875 0.04609375 0.06953125 0.08203125
0 0.5203125 0.1 0.05546875 0.053125
0 0.78515625 0.01484375 0.0828125 0.0296875
0 0.75234375 0.0484375 0.04296875 0.053125
0 0.69921875 0.04375 0.0625 0.04296875
0 0.65 0.096875 0.08671875 0.07421875
0 0.94140625 0.2796875 0.1171875 0.175
0 0.98359375 0.0828125 0.0328125 0.071875
0 0.2046875 0.5515625 0.08203125 0.08203125
0 0.01640625 0.58515625 0.0328125 0.1390625
0 0.52578125 0.71328125 0.1265625 0.1390625
0 0.803125 0.91796875 0.1296875 0.12734375
0 0.68125 0.95390625 0.0796875 0.07421875
0 0.59765625 0.90078125 0.0171875 0.0671875
0 0.6125 0.64765625 0.046875 0.0984375
0 0.67890625 0.59453125 0.06015625 0.05546875
0 0.74140625 0.471875 0.07421875 0.10546875
0 0.790625 0.478125 0.0453125 0.0484375
0 0.88125 0.6546875 0.08671875 0.0890625
0 0.84296875 0.74609375 0.06015625 0.05546875
0 0.93515625 0.7796875 0.0484375 0.06015625
0 0.8703125 0.434375 0.125 0.06875