0 0.19921875 0.321875 0.0359375 0.034375
0 0.30078125 0.0234375 0.0796875 0.046875
0 0.175 0.18125 0.05546875 0.0578125
0 0.396875 0.0453125 0.025 0.040625
0 0.171875 0.0203125 0.0625 0.040625
0 0.8984375 0.3265625 0.05 0.025
0 0.4421875 0.03984375 0.0625 0.0578125
0 0.43515625 0.16953125 0.0515625 0.1390625
0 0.590625 0.00859375 0.075 0.0171875
0 0.6765625 0.06015625 0.0796875 0.071875
0 0.84609375 0.0484375 0.06484375 0.06953125
0 0.928125 0.07265625 0.0625 0.053125
0 0.9921875 0.17421875 0.015625 0.0578125
0 0.796875 0.24296875 0.0671875 0.0578125
0 0.7109375 0.31015625 0.075 0.0578125
0 0.4984375 0.30546875 0.0625 0.0671875
0 0.6640625 0.16875 0.15625 0.13203125
0 0.54375 0.1625 0.040625 0.0578125
0 0.92578125 0.0203125 0.0578125 0.040625
0 0.3546875 0.5390625 0.1078125 0.11796875
0 0.1453125 0.44140625 0.0984375 0.09375
0 0.1125 0.653125 0.0359375 0.0453125
0 0.10546875 0.52109375 0.0625 0.04296875
0 0.2484375 0.49765625 0.04296875 0.05546875
0 0.21875 0.99375 0.0375 0.0125
0 0.10703125 0.98203125 0.0359375 0.0359375
0 0.359375 0.8203125 0.04296875 0.0359375
0 0.05390625 0.76015625 0.040625 0.03359375
0 0.31796875 0.38828125 0.03359375 0.03828125
0 0.1140625 0.359375 0.0359375 0.0265625
0 0.04296875 0.42734375 0.040625 0.040625
0 0.046875 0.9609375 0.03828125 0.0484375
0 0.978125 0.46328125 0.04375 0.0890625
0 0.59296875 0.603125 0.08203125 0.0890625
0 0.7859375 0.9140625 0.196875 0.171875
0 0.903125 0.82890625 0.19375 0.2046875
0 0.803125 0.4765625 0.09375 0.10078125
0 0.9125 0.36484375 0.0625 0.0515625
0 0.64140625 0.43515625 0.1703125 0.1921875
0 0.49765625 0.47421875 0.0765625 0.0796875
0 0.5625 0.7484375 0.06484375 0.0671875
0 0.5171875 0.88359375 0.215625 0.2328125
0 0.45859375 0.6546875 0.0984375 0.353125