0 0.3296875 0.1 0.11796875 0.0984375
0 0.5140625 0.421875 0.090625 0.1625
0 0.153125 0.1 0.0796875 0.05078125
0 0.1609375 0.1609375 0.08203125 0.05546875
0 0.01015625 0.2265625 0.0203125 0.0875
0 0.03515625 0.13671875 0.040625 0.06015625
0 0.46875 0.0296875 0.06484375 0.05078125
0 0.340625 0.475 0.0625 0.05546875
0 0.7921875 0.17578125 0.11796875 0.1203125
0 0.825 0.046875 0.103125 0.09375
0 0.859375 0.25390625 0.10078125 0.0984375
0 0.340625 0.9359375 0.284375 0.128125
0 0.31875 0.8484375 0.13671875 0.1390625
0 0.08671875 0.98671875 0.1140625 0.0265625
0 0.45703125 0.77265625 0.0796875 0.0796875
0 0.3015625 0.67890625 0.06484375 0.0671875
0 0.8328125 0.878125 0.1390625 0.12734375
0 0.80546875 0.95859375 0.08671875 0.0765625
0 0.56796875 0.803125 0.0171875 0.090625
0 0.6953125 0.6125 0.084375 0.025
0 0.83203125 0.63984375 0.0859375 0.0796875
0 0.77890625 0.63125 0.0640625 0.0625