0 0.32734375 0.02109375 0.1234375 0.0421875
0 0.37265625 0.28203125 0.0328125 0.1171875
0 0.2921875 0.409375 0.19375 0.21875
0 0.2375 0.3578125 0.07421875 0.0796875
0 0.0921875 0.30625 0.06484375 0.0625
0 0.03203125 0.46875 0.0640625 0.1
0 0.06796875 0.48046875 0.1265625 0.0765625
0 0.175 0.45859375 0.209375 0.1203125
0 0.3171875 0.50078125 0.1125 0.0359375
0 0.1265625 0.13203125 0.20703125 0.18984375
0 0.2390625 0.09140625 0.3 0.1828125
0 0.5546875 0.2671875 0.084375 0.0578125
0 0.3984375 0.39140625 0.01875 0.0515625
0 0.41796875 0.32578125 0.03359375 0.0578125
0 0.409375 0.18203125 0.040625 0.0453125
0 0.93359375 0.30078125 0.0578125 0.05078125
0 0.78125 0.01015625 0.0875 0.0203125
0 0.75234375 0.1875 0.053125 0.0578125
0 0.93125 0.13203125 0.071875 0.06484375
0 0.1234375 0.784375 0.1203125 0.12734375
0 0.19453125 0.8125 0.3890625 0.375
0 0.34296875 0.80078125 0.0921875 0.1140625
0 0.88515625 0.53828125 0.1515625 0.0390625
0 0.971875 0.82734375 0.05625 0.0640625