0 0.2640625 0.2921875 0.11328125 0.11328125
0 0.1609375 0.31171875 0.0890625 0.09609375
0 0.10546875 0.4078125 0.06015625 0.0671875
0 0.04140625 0.21953125 0.0828125 0.1046875
0 0.94375 0.4765625 0.071875 0.046875
0 0.88359375 0.12578125 0.134375 0.1421875
0 0.80625 0.22890625 0.05078125 0.06015625
0 0.725 0.0921875 0.09609375 0.103125
0 0.60234375 0.02734375 0.0265625 0.0546875
0 0.60546875 0.45625 0.0328125 0.0625
0 0.94921875 0.36875 0.071875 0.0625
0 0.859375 0.33515625 0.03828125 0.03828125
0 0.2328125 0.6359375 0.0984375 0.10078125
0 0.54375 0.675 0.090625 0.1
0 0.29453125 0.77421875 0.5890625 0.4515625
0 0.02734375 0.71171875 0.0546875 0.0890625
0 0.86875 0.56015625 0.05546875 0.05078125
0 0.9828125 0.753125 0.034375 0.084375
0 0.62109375 0.5734375 0.053125 0.0625
0 0.69609375 0.60234375 0.0484375 0.0484375
0 0.875 0.84140625 0.0671875 0.06484375
0 0.8484375 0.95625 0.103125 0.0875
0 0.66484375 0.72734375 0.0484375 0.06015625