0 0.078125 0.02578125 0.14375 0.0515625
0 0.55625 0.0546875 0.11875 0.109375
0 0.60625 0.02109375 0.09375 0.0421875
0 0.60625 0.32421875 0.125 0.0890625
0 0.5859375 0.240625 0.10078125 0.09609375
0 0.446875 0.2390625 0.0765625 0.07421875
0 0.9546875 0.32578125 0.090625 0.0859375
0 0.99140625 0.165625 0.0171875 0.071875
0 0.88984375 0.05546875 0.07421875 0.05546875
0 0.88515625 0.02109375 0.0796875 0.0421875
0 0.76484375 0.16328125 0.05546875 0.053125
0 0.840625 0.2515625 0.0625 0.0625
0 0.84765625 0.3484375 0.0453125 0.040625
0 0.15859375 0.40703125 0.1015625 0.0765625
0 0.47421875 0.61640625 0.21640625 0.21640625
0 0.6015625 0.57890625 0.0890625 0.10546875
0 0.65625 0.63203125 0.0875 0.1984375
0 0.54609375 0.8734375 0.14921875 0.14453125
0 0.48984375 0.7625 0.13671875 0.134375
0 0.63203125 0.81796875 0.1359375 0.1421875
0 0.12578125 0.5296875 0.09609375 0.09609375
0 0.16015625 0.815625 0.19453125 0.21171875
0 0.35 0.79375 0.10078125 0.10078125
0 0.28515625 0.74453125 0.0765625 0.084375
0 0.01796875 0.9546875 0.0359375 0.090625
0 0.26875 0.58984375 0.0671875 0.06484375
0 0.35390625 0.540625 0.0890625 0.084375
0 0.3984375 0.446875 0.07421875 0.08203125
0 0.67890625 0.4 0.0421875 0.0625
0 0.91015625 0.9796875 0.0796875 0.040625
0 0.94453125 0.5375 0.1078125 0.10546875
0 0.74765625 0.89296875 0.0953125 0.2046875
0 0.71015625 0.58671875 0.0203125 0.0609375