0 0.30859375 0.25859375 0.40390625 0.5140625
0 0.18203125 0.025 0.0828125 0.05
0 0.178125 0.084375 0.05546875 0.084375
0 0.125 0.27734375 0.09140625 0.11796875
0 0.06484375 0.378125 0.103125 0.13203125
0 0.48515625 0.49296875 0.0671875 0.2140625
0 0.50703125 0.05078125 0.0234375 0.0953125
0 0.30078125 0.54296875 0.053125 0.06015625
0 0.34453125 0.58125 0.0515625 0.0375
0 0.54921875 0.14921875 0.0609375 0.0703125
0 0.60625 0.21015625 0.05546875 0.071875
0 0.5390625 0.51640625 0.040625 0.0796875
0 0.07109375 0.6375 0.1046875 0.075
0 0.15859375 0.7453125 0.103125 0.103125
0 0.24609375 0.8859375 0.16328125 0.1609375
0 0.38671875 0.86640625 0.103125 0.09375
0 0.421875 0.9671875 0.15625 0.065625
0 0.903125 0.9140625 0.19375 0.171875
0 0.9328125 0.796875 0.0890625 0.0890625
0 0.953125 0.66328125 0.09375 0.1265625
0 0.53828125 0.87578125 0.0390625 0.0953125
0 0.75546875 0.63203125 0.1140625 0.0640625
0 0.64375 0.81171875 0.11796875 0.11796875