0 0.2125 0.209375 0.125 0.1078125
0 0.2359375 0.3140625 0.24296875 0.2140625
0 0.23359375 0.06171875 0.0578125 0.071875
0 0.3828125 0.44921875 0.234375 0.0796875
0 0.07421875 0.1421875 0.0453125 0.053125
0 0.01796875 0.2328125 0.0359375 0.053125
0 0.428125 0.18671875 0.05546875 0.0578125
0 0.48046875 0.12578125 0.0390625 0.0578125
0 0.478125 0.015625 0.04375 0.03125
0 0.45390625 0.3515625 0.053125 0.06015625
0 0.38515625 0.3875 0.0671875 0.0671875
0 0.36484375 0.31875 0.0453125 0.06015625
0 0.92578125 0.034375 0.05546875 0.04296875
0 0.6375 0.09453125 0.1421875 0.1203125
0 0.7265625 0.434375 0.10625 0.109375
0 0.7984375 0.3625 0.0578125 0.06953125
0 0.740625 0.27578125 0.0765625 0.071875
0 0.8 0.15703125 0.0625 0.07421875
0 0.55703125 0.16171875 0.03828125 0.0484375
0 0.54921875 0.02109375 0.0609375 0.0421875
0 0.97421875 0.090625 0.03359375 0.03828125
0 0.10703125 0.6296875 0.1390625 0.14453125
0 0.234375 0.73359375 0.1078125 0.134375
0 0.41640625 0.73984375 0.1671875 0.1390625
0 0.21875 0.525 0.071875 0.071875
0 0.0625 0.90234375 0.125 0.1109375
0 0.01171875 0.9609375 0.0234375 0.078125
0 0.8359375 0.69296875 0.10546875 0.084375
0 0.61484375 0.79609375 0.09375 0.0984375
0 0.5453125 0.84453125 0.090625 0.1078125
0 0.853125 0.53203125 0.09609375 0.0796875
0 0.534375 0.5453125 0.06875 0.071875
0 0.98671875 0.85078125 0.0265625 0.0859375
0 0.803125 0.8390625 0.071875 0.0796875
0 0.66015625 0.88984375 0.05546875 0.0625
0 0.74453125 0.621875 0.0671875 0.06953125