0 0.34453125 0.0890625 0.3109375 0.178125
0 0.14921875 0.05703125 0.0984375 0.1140625
0 0.05390625 0.353125 0.10078125 0.1109375
0 0.3625 0.4125 0.06015625 0.0671875
0 0.21640625 0.5171875 0.0796875 0.025
0 0.47734375 0.340625 0.0453125 0.053125
0 0.37265625 0.2046875 0.05078125 0.05546875
0 0.415625 0.24921875 0.0484375 0.053125
0 0.8765625 0.0296875 0.246875 0.059375
0 0.73515625 0.24609375 0.06484375 0.06484375
0 0.7875 0.31875 0.09140625 0.09140625
0 0.578125 0.21796875 0.08671875 0.08671875
0 0.51640625 0.259375 0.0328125 0.0625
0 0.50546875 0.2828125 0.0109375 0.0625
0 0.52734375 0.40234375 0.0546875 0.0765625
0 0.51875 0.44453125 0.0375 0.0609375
0 0.546875 0.49296875 0.08125 0.0734375
0 0.9671875 0.50234375 0.065625 0.0546875
0 0.7453125 0.0640625 0.134375 0.128125
0 0.61875 0.14375 0.16328125 0.15859375
0 0.48828125 0.7703125 0.0234375 0.05
0 0.45390625 0.884375 0.0484375 0.053125
0 0.246875 0.88046875 0.053125 0.0671875
0 0.128125 0.91171875 0.103125 0.10078125
0 0.0421875 0.95625 0.084375 0.0875
0 0.0375 0.7859375 0.075 0.128125
0 0.17734375 0.7859375 0.09140625 0.09140625
0 0.43359375 0.6984375 0.0578125 0.0578125
0 0.3421875 0.5875 0.03359375 0.040625
0 0.13984375 0.6953125 0.06484375 0.0765625
0 0.0859375 0.68515625 0.06953125 0.0796875
0 0.0609375 0.6015625 0.09375 0.0890625
0 0.20703125 0.56796875 0.03828125 0.04296875
0 0.16875 0.57578125 0.03828125 0.04296875
0 0.70390625 0.69140625 0.1390625 0.11796875
0 0.64375 0.5765625 0.053125 0.0671875
0 0.6171875 0.72890625 0.03359375 0.03359375
0 0.54296875 0.7203125 0.021875 0.03125