0 0.22265625 0.2046875 0.4234375 0.409375
0 0.08671875 0.028125 0.0578125 0.05625
0 0.03984375 0.19765625 0.0796875 0.1078125
0 0.0109375 0.29140625 0.021875 0.1234375
0 0.49609375 0.35390625 0.2453125 0.1109375
0 0.4625 0.01640625 0.084375 0.0328125
0 0.540625 0.0484375 0.0671875 0.0671875
0 0.5796875 0.15546875 0.078125 0.3109375
0 0.11796875 0.4390625 0.1015625 0.059375
0 0.2296875 0.5390625 0.33125 0.259375
0 0.421875 0.60078125 0.0796875 0.10546875
0 0.50234375 0.45078125 0.0796875 0.0828125
0 0.5046875 0.91640625 0.11796875 0.1109375
0 0.27421875 0.89453125 0.2296875 0.2109375
0 0.03359375 0.903125 0.040625 0.06953125
0 0.08203125 0.975 0.0828125 0.05
0 0.93125 0.70625 0.115625 0.10078125
0 0.66796875 0.7234375 0.0984375 0.11875
0 0.98046875 0.5375 0.0390625 0.09375
0 0.68515625 0.434375 0.0890625 0.05
0 0.8359375 0.85 0.08203125 0.09375
0 0.67109375 0.84453125 0.0625 0.07421875
0 0.86875 0.58984375 0.07421875 0.08203125