0 0.1296875 0.13046875 0.259375 0.2609375
0 0.14453125 0.40234375 0.11796875 0.103125
0 0.0734375 0.32421875 0.0671875 0.071875
0 0.021875 0.53828125 0.04375 0.1359375
0 0.23515625 0.609375 0.0484375 0.08125
0 0.284375 0.11328125 0.05 0.1671875
0 0.2984375 0.5796875 0.078125 0.121875
0 0.76640625 0.46015625 0.0890625 0.0984375
0 0.82734375 0.3609375 0.1390625 0.12734375
0 0.92734375 0.371875 0.115625 0.1203125
0 0.96953125 0.10234375 0.0609375 0.1171875
0 0.84453125 0.00859375 0.0734375 0.0171875
0 0.72734375 0.0125 0.0890625 0.025
0 0.80234375 0.63125 0.1078125 0.0375
0 0.22265625 0.959375 0.0734375 0.08125
0 0.07265625 0.8078125 0.06953125 0.071875
0 0.26953125 0.95078125 0.0203125 0.0828125
0 0.871875 0.95234375 0.09609375 0.09140625
0 0.69921875 0.88671875 0.2609375 0.2265625
0 0.9234375 0.68515625 0.153125 0.0703125
0 0.28828125 0.80390625 0.0578125 0.0984375
0 0.87265625 0.76484375 0.071875 0.06953125