0 0.04921875 0.5546875 0.0984375 0.05
0 0.2296875 0.540625 0.0875 0.078125
0 0.3890625 0.52890625 0.059375 0.1015625
0 0.26484375 0.41484375 0.0890625 0.084375
0 0.29296875 0.321875 0.11796875 0.08203125
0 0.19921875 0.209375 0.07421875 0.06484375
0 0.1078125 0.27421875 0.0578125 0.0671875
0 0.1734375 0.09609375 0.10546875 0.1109375
0 0.98671875 0.31484375 0.0265625 0.0671875
0 0.8828125 0.30390625 0.1109375 0.1109375
0 0.9375 0.5703125 0.06875 0.01875
0 0.92109375 0.5421875 0.0625 0.0625
0 0.54921875 0.52890625 0.2109375 0.1015625
0 0.4453125 0.275 0.053125 0.134375
0 0.5078125 0.0703125 0.12734375 0.12734375
0 0.6140625 0.071875 0.0984375 0.0984375
0 0.63359375 0.0109375 0.0796875 0.021875
0 0.62421875 0.2890625 0.0625 0.0625
0 0.61484375 0.21484375 0.06953125 0.06953125
0 0.209375 0.78984375 0.41875 0.4203125
0 0.659375 0.59296875 0.0625 0.0265625
0 0.83984375 0.7453125 0.0625 0.0796875
0 0.9296875 0.7125 0.05546875 0.08203125
0 0.9421875 0.58515625 0.0625 0.0109375
0 0.98359375 0.5984375 0.0328125 0.0375
0 0.51171875 0.646875 0.071875 0.0796875