0 0.36875 0.475 0.065625 0.06875
0 0.46171875 0.40625 0.11328125 0.12734375
0 0.2921875 0.359375 0.0765625 0.08671875
0 0.12421875 0.34375 0.1078125 0.103125
0 0.05703125 0.421875 0.0625 0.071875
0 0.015625 0.2078125 0.03125 0.134375
0 0.2609375 0.2296875 0.0796875 0.08203125
0 0.2375 0.13828125 0.103125 0.0796875
0 0.31796875 0.02890625 0.0640625 0.0578125
0 0.39921875 0.08984375 0.05078125 0.0671875
0 0.5328125 0.1078125 0.028125 0.134375
0 0.70546875 0.05703125 0.1671875 0.1140625
0 0.8140625 0.13828125 0.1296875 0.1421875
0 0.7359375 0.13046875 0.06015625 0.0671875
0 0.98515625 0.36484375 0.0296875 0.1359375
0 0.2765625 0.98359375 0.0875 0.0328125
0 0.08203125 0.53515625 0.1046875 0.0515625
0 0.1203125 0.603125 0.125 0.09609375
0 0.1515625 0.6828125 0.09609375 0.0765625
0 0.478125 0.56015625 0.08125 0.1015625
0 0.4625 0.62734375 0.09140625 0.0890625
0 0.5 0.7265625 0.0375 0.053125
0 0.359375 0.72109375 0.05078125 0.05078125
0 0.09921875 0.7484375 0.053125 0.053125
0 0.16796875 0.77890625 0.0625 0.053125
0 0.15859375 0.834375 0.0578125 0.071875
0 0.440625 0.96953125 0.03828125 0.04296875
0 0.9359375 0.76171875 0.11796875 0.125
0 0.728125 0.93203125 0.05078125 0.0578125
0 0.52421875 0.9 0.0109375 0.053125
0 0.62578125 0.8984375 0.0359375 0.040625
0 0.76171875 0.74453125 0.06015625 0.0671875
0 0.959375 0.55390625 0.08125 0.0859375