0 0.4625 0.28984375 0.1125 0.1109375
0 0.17421875 0.03046875 0.1515625 0.0609375
0 0.265625 0.1046875 0.0765625 0.0796875
0 0.221875 0.39921875 0.103125 0.1015625
0 0.01796875 0.30703125 0.0359375 0.0984375
0 0.9609375 0.21484375 0.078125 0.1609375
0 0.975 0.35390625 0.05 0.0796875
0 0.9359375 0.33828125 0.128125 0.1328125
0 0.8578125 0.3734375 0.146875 0.153125
0 0.8359375 0.24921875 0.1703125 0.1703125
0 0.7296875 0.25234375 0.19453125 0.1921875
0 0.6515625 0.28515625 0.12265625 0.1390625
0 0.73671875 0.44296875 0.0921875 0.0140625
0 0.6125 0.415625 0.1875 0.06875
0 0.52578125 0.409375 0.0140625 0.059375
0 0.55 0.33203125 0.0625 0.1046875
0 0.56171875 0.2203125 0.071875 0.07421875
0 0.59375 0.1640625 0.0984375 0.103125
0 0.77890625 0.15859375 0.10078125 0.0984375
0 0.71484375 0.0890625 0.2140625 0.178125
0 0.62578125 0.028125 0.1171875 0.05625
0 0.596875 0.0703125 0.11328125 0.11796875
0 0.55546875 0.02265625 0.0734375 0.0453125
0 0.9046875 0.0265625 0.08125 0.053125
0 0.975 0.0390625 0.05 0.065625
0 0.53828125 0.17265625 0.0390625 0.0859375
0 0.94140625 0.14296875 0.05546875 0.0578125
0 0.33125 0.62734375 0.2046875 0.196875
0 0.1390625 0.71875 0.278125 0.35
0 0.040625 0.49375 0.08125 0.0875
0 0.1453125 0.96171875 0.2875 0.0765625
0 0.3125 0.871875 0.13203125 0.1296875
0 0.1859375 0.46796875 0.071875 0.0359375
0 0.315625 0.72890625 0.0765625 0.0796875
0 0.51015625 0.47890625 0.0171875 0.0578125
0 0.04375 0.86875 0.0578125 0.05546875
0 0.7984375 0.6484375 0.14453125 0.12734375
0 0.5890625 0.65703125 0.1109375 0.1109375
0 0.73515625 0.4828125 0.1203125 0.065625
0 0.8265625 0.48203125 0.08125 0.0640625
0 0.99296875 0.75625 0.0140625 0.0625
0 0.9859375 0.71328125 0.028125 0.0578125
0 0.928125 0.6859375 0.0578125 0.04296875
0 0.93046875 0.54453125 0.0453125 0.053125
0 0.759375 0.84140625 0.48125 0.3171875