0 0.03046875 0.58828125 0.0609375 0.0609375
0 0.2546875 0.38359375 0.0984375 0.10546875
0 0.325 0.3015625 0.09609375 0.09140625
0 0.03984375 0.23515625 0.0796875 0.0953125
0 0.01171875 0.18515625 0.0234375 0.0796875
0 0.06171875 0.1421875 0.09375 0.09375
0 0.16484375 0.03984375 0.0859375 0.0796875
0 0.328125 0.05546875 0.1625 0.1109375
0 0.45390625 0.4234375 0.2140625 0.2328125
0 0.7921875 0.296875 0.0625 0.0578125
0 0.62734375 0.421875 0.0171875 0.0625
0 0.98125 0.53671875 0.0375 0.0546875
0 0.96015625 0.57109375 0.03828125 0.040625
0 0.96796875 0.60859375 0.0640625 0.0203125
0 0.3234375 0.9671875 0.08125 0.065625
0 0.9453125 0.9578125 0.109375 0.084375
0 0.7734375 0.88203125 0.1296875 0.13671875
0 0.915625 0.73515625 0.071875 0.09140625
0 0.9640625 0.7390625 0.071875 0.10625