0 0.0609375 0.07265625 0.1109375 0.10546875
0 0.2015625 0.11953125 0.05546875 0.0578125
0 0.0828125 0.43359375 0.06875 0.0515625
0 0.02421875 0.45 0.0484375 0.01875
0 0.61875 0.01640625 0.071875 0.0328125
0 0.82421875 0.1796875 0.071875 0.09609375
0 0.91796875 0.13828125 0.06484375 0.0984375
0 0.97265625 0.01171875 0.0546875 0.0234375
0 0.303125 0.2625 0.028125 0.09375
0 0.32421875 0.15234375 0.0703125 0.0890625
0 0.465625 0.0875 0.08203125 0.09375
0 0.00546875 0.7015625 0.0109375 0.0625
0 0.11328125 0.83984375 0.05546875 0.06015625
0 0.2359375 0.61796875 0.05546875 0.0625
0 0.20625 0.546875 0.0625 0.0671875
0 0.275 0.57578125 0.028125 0.0515625
0 0.81640625 0.77578125 0.1734375 0.1734375
0 0.740625 0.615625 0.0984375 0.0796875
0 0.41171875 0.56875 0.115625 0.0984375
0 0.33671875 0.7296875 0.0953125 0.10625
0 0.3171875 0.821875 0.05625 0.084375
0 0.29921875 0.50703125 0.0203125 0.0890625
0 0.8078125 0.9609375 0.18125 0.078125
0 0.93125 0.971875 0.11875 0.05625
0 0.3765625 0.86953125 0.09375 0.09140625