0 0.29375 0.2515625 0.06953125 0.0796875
0 0.32734375 0.15390625 0.071875 0.06484375
0 0.04609375 0.1984375 0.06953125 0.071875
0 0.0390625 0.1046875 0.06953125 0.0671875
0 0.459375 0.215625 0.1 0.18125
0 0.8578125 0.33828125 0.065625 0.0234375
0 0.6515625 0.26484375 0.06953125 0.0671875
0 0.9921875 0.084375 0.015625 0.0625
0 0.97734375 0.05859375 0.040625 0.04296875
0 0.97109375 0.015625 0.0578125 0.03125
0 0.67109375 0.0328125 0.0796875 0.065625
0 0.0328125 0.959375 0.065625 0.08125
0 0.47734375 0.91484375 0.0640625 0.0609375
0 0.2015625 0.68828125 0.37734375 0.5765625
0 0.7765625 0.49765625 0.146875 0.14921875
0 0.8265625 0.584375 0.084375 0.084375
0 0.7765625 0.63203125 0.1296875 0.134375
0 0.83671875 0.95703125 0.1453125 0.0859375
0 0.6359375 0.953125 0.13125 0.09375
0 0.54609375 0.94765625 0.0734375 0.1046875
0 0.53671875 0.72734375 0.0546875 0.0796875
0 0.65625 0.69453125 0.103125 0.10546875
0 0.62578125 0.64453125 0.0671875 0.071875
0 0.63828125 0.82421875 0.07421875 0.0765625
0 0.64765625 0.471875 0.2765625 0.24375