0 0.11875 0.21015625 0.2375 0.2515625
0 0.21484375 0.32890625 0.1859375 0.1421875
0 0.81484375 0.140625 0.08203125 0.0890625
0 0.565625 0.2265625 0.10546875 0.09375
0 0.6921875 0.028125 0.11875 0.05625
0 0.8 0.06484375 0.08203125 0.0765625
0 0.8015625 0.01015625 0.071875 0.0203125
0 0.9453125 0.08515625 0.109375 0.1171875
0 0.46640625 0.2796875 0.0734375 0.240625
0 0.76796875 0.23984375 0.0765625 0.084375
0 0.46015625 0.11015625 0.0578125 0.05546875
0 0.4375 0.053125 0.015625 0.053125
0 0.92421875 0.32109375 0.1515625 0.1578125
0 0.0484375 0.603125 0.096875 0.103125
0 0.04453125 0.43046875 0.0890625 0.0609375
0 0.03203125 0.69453125 0.0625 0.06484375
0 0.1765625 0.9 0.0453125 0.0578125
0 0.209375 0.94453125 0.05078125 0.05546875
0 0.2640625 0.90625 0.08671875 0.08203125
0 0.01640625 0.98828125 0.0328125 0.0234375
0 0.7109375 0.49296875 0.09375 0.0796875
0 0.45703125 0.51796875 0.0546875 0.1203125
0 0.47265625 0.65703125 0.0859375 0.0953125
0 0.496875 0.9578125 0.134375 0.084375
0 0.596875 0.8984375 0.06484375 0.071875
0 0.725 0.96328125 0.146875 0.0734375
0 0.79453125 0.8578125 0.09375 0.0890625
0 0.8625 0.84765625 0.0984375 0.0890625
0 0.8625 0.93203125 0.071875 0.08671875
0 0.7359375 0.63125 0.12265625 0.1390625
0 0.9265625 0.4265625 0.065625 0.053125
0 0.9796875 0.55 0.040625 0.053125