0 0.1796875 0.36640625 0.25 0.1046875
0 0.3765625 0.23984375 0.1390625 0.1421875
0 0.49375 0.02890625 0.090625 0.0578125
0 0.4078125 0.0375 0.084375 0.075
0 0.21640625 0.02421875 0.0828125 0.0484375
0 0.07265625 0.246875 0.0984375 0.0984375
0 0.05625 0.37265625 0.1125 0.0921875
0 0.23359375 0.2984375 0.0984375 0.09609375
0 0.196875 0.215625 0.0796875 0.07421875
0 0.259375 0.21328125 0.0671875 0.06953125
0 0.40078125 0.15078125 0.06953125 0.06953125
0 0.8171875 0.25703125 0.16796875 0.18046875
0 0.87421875 0.3390625 0.1609375 0.159375
0 0.76953125 0.38203125 0.1578125 0.0734375
0 0.6546875 0.209375 0.23125 0.41875
0 0.3140625 0.88515625 0.26875 0.2296875
0 0.10859375 0.50078125 0.08203125 0.11328125
0 0.20234375 0.47734375 0.06015625 0.08671875
0 0.4015625 0.67421875 0.0625 0.0625
0 0.4921875 0.68984375 0.06484375 0.05546875
0 0.240625 0.72578125 0.071875 0.0796875
0 0.66875 0.90390625 0.084375 0.09140625
0 0.86328125 0.8265625 0.07421875 0.07421875
0 0.9890625 0.72734375 0.021875 0.0765625
0 0.6828125 0.5140625 0.0796875 0.07421875
0 0.84921875 0.44765625 0.1015625 0.0578125