0 0.115625 0.2765625 0.23125 0.25
0 0.21328125 0.084375 0.0984375 0.0984375
0 0.2453125 0.25703125 0.146875 0.1859375
0 0.05234375 0.1359375 0.0984375 0.09609375
0 0.0890625 0.053125 0.0796875 0.07421875
0 0.0296875 0.05 0.059375 0.06875
0 0.4625 0.171875 0.09609375 0.1203125
0 0.5703125 0.17265625 0.0890625 0.09140625
0 0.575 0.46171875 0.103125 0.115625
0 0.44140625 0.478125 0.06953125 0.08203125
0 0.70078125 0.50390625 0.1140625 0.0515625
0 0.70390625 0.453125 0.0625 0.07421875
0 0.9546875 0.11015625 0.084375 0.09140625
0 0.76640625 0.296875 0.071875 0.08203125
0 0.23203125 0.61796875 0.1734375 0.1765625
0 0.06953125 0.55546875 0.1390625 0.0515625
0 0.2734375 0.98203125 0.090625 0.0359375
0 0.93671875 0.7796875 0.1265625 0.15625
0 0.91640625 0.85859375 0.0671875 0.07421875
0 0.7734375 0.64453125 0.09140625 0.0765625
0 0.834375 0.715625 0.1734375 0.165625
0 0.5640625 0.68828125 0.09375 0.09140625
0 0.565625 0.834375 0.08203125 0.0765625
0 0.37890625 0.821875 0.1203125 0.115625
0 0.41171875 0.975 0.1046875 0.05
0 0.32734375 0.6140625 0.0171875 0.09375
0 0.65546875 0.9671875 0.0796875 0.065625