0 0.02109375 0.3625 0.0421875 0.1125
0 0.05234375 0.0140625 0.0671875 0.028125
0 0.1 0.1140625 0.071875 0.0765625
0 0.05859375 0.2546875 0.07421875 0.08671875
0 0.21953125 0.0984375 0.115625 0.1390625
0 0.96796875 0.21796875 0.0640625 0.2171875
0 0.63984375 0.28125 0.5796875 0.415625
0 0.1625 0.58671875 0.325 0.1953125
0 0.2546875 0.57265625 0.1390625 0.1390625
0 0.01875 0.90859375 0.0375 0.1078125
0 0.13984375 0.8296875 0.14453125 0.14453125
0 0.2234375 0.72421875 0.1203125 0.1203125
0 0.06015625 0.65703125 0.1203125 0.1359375
0 0.66640625 0.59375 0.12265625 0.1078125
0 0.45 0.58515625 0.0890625 0.10546875