0 0.3359375 0.01796875 0.0875 0.0359375
0 0.321875 0.2578125 0.0625 0.04375
0 0.07734375 0.1296875 0.071875 0.071875
0 0.19140625 0.01953125 0.0734375 0.0390625
0 0.2 0.09609375 0.06015625 0.053125
0 0.25546875 0.065625 0.0453125 0.05546875
0 0.409375 0.0546875 0.059375 0.1
0 0.478125 0.0765625 0.0796875 0.0796875
0 0.6046875 0.06640625 0.1296875 0.13203125
0 0.4953125 0.15546875 0.0984375 0.09609375
0 0.84453125 0.146875 0.10078125 0.10078125
0 0.29609375 0.30703125 0.0890625 0.0546875
0 0.5234375 0.309375 0.103125 0.059375
0 0.64140625 0.41953125 0.06484375 0.071875
0 0.66640625 0.31875 0.0578125 0.07421875