0 0.20234375 0.06015625 0.1734375 0.1203125
0 0.25625 0.1828125 0.065625 0.146875
0 0.1875 0.5 0.14375 0.11875
0 0.19453125 0.28125 0.13671875 0.1390625
0 0.01484375 0.15078125 0.0296875 0.0953125
0 0.0859375 0.2359375 0.103125 0.10546875
0 0.26640625 0.5265625 0.0453125 0.065625
0 0.40625 0.39921875 0.1515625 0.17578125
0 0.31640625 0.54140625 0.0546875 0.0359375
0 0.984375 0.33828125 0.03125 0.1421875
0 0.9375 0.1640625 0.08671875 0.10078125
0 0.8234375 0.0734375 0.09375 0.11328125
0 0.72734375 0.02421875 0.0734375 0.0484375
0 0.515625 0.1265625 0.125 0.11796875
0 0.36796875 0.209375 0.12265625 0.1203125
0 0.3109375 0.371875 0.04375 0.096875
0 0.690625 0.453125 0.0796875 0.0765625
0 0.7703125 0.48828125 0.06953125 0.071875
0 0.4328125 0.54453125 0.103125 0.0296875
0 0.634375 0.18203125 0.08671875 0.10078125
0 0.5625 0.2265625 0.08671875 0.09140625
0 0.14453125 0.7796875 0.2890625 0.440625
0 0.05390625 0.59375 0.1078125 0.06875