0 0.346875 0.1703125 0.1609375 0.165625
0 0.17265625 0.07734375 0.1109375 0.125
0 0.3515625 0.4296875 0.084375 0.10078125
0 0.29921875 0.41640625 0.10078125 0.11796875
0 0.1640625 0.29765625 0.2046875 0.1828125
0 0.0171875 0.3359375 0.034375 0.065625
0 0.0703125 0.07265625 0.0625 0.06953125
0 0.10546875 0.51640625 0.09609375 0.0984375
0 0.04609375 0.48515625 0.0921875 0.1078125
0 0.27265625 0.63515625 0.0921875 0.0890625
0 0.26171875 0.5765625 0.07421875 0.07421875
0 0.040625 0.63359375 0.06953125 0.08671875
0 0.5265625 0.11640625 0.134375 0.2171875
0 0.79921875 0.33359375 0.4015625 0.6671875
0 0.77421875 0.6265625 0.1390625 0.10625
0 0.5390625 0.58671875 0.134375 0.14453125
0 0.4953125 0.61640625 0.071875 0.1265625
0 0.18203125 0.89921875 0.0578125 0.0578125
0 0.02109375 0.82890625 0.0421875 0.1609375
0 0.0484375 0.725 0.06484375 0.06484375
0 0.265625 0.71796875 0.075 0.0765625
0 0.9046875 0.709375 0.084375 0.059375
0 0.80390625 0.71875 0.0484375 0.0453125
0 0.7703125 0.7625 0.06953125 0.06015625
0 0.5203125 0.90546875 0.0765625 0.08671875
0 0.79765625 0.9546875 0.0453125 0.053125
0 0.79296875 0.98671875 0.0484375 0.0265625