0 0.19296875 0.28203125 0.2015625 0.0734375
0 0.29609375 0.153125 0.1875 0.1921875
0 0.0921875 0.0921875 0.11328125 0.1203125
0 0.05625 0.12578125 0.1125 0.1421875
0 0.04609375 0.24609375 0.0921875 0.1453125
0 0.95625 0.21328125 0.0875 0.1296875
0 0.821875 0.03515625 0.053125 0.0703125
0 0.39921875 0.37109375 0.06484375 0.071875
0 0.0125 0.43046875 0.025 0.0796875
0 0.575 0.61328125 0.15 0.3359375
0 0.51015625 0.4203125 0.0203125 0.059375
0 0.6328125 0.41328125 0.12734375 0.12734375
0 0.7984375 0.32578125 0.153125 0.0140625
0 0.89453125 0.35625 0.0765625 0.075
0 0.96953125 0.3296875 0.0484375 0.021875
0 0.809375 0.53203125 0.1390625 0.1421875
0 0.92421875 0.43203125 0.0984375 0.0984375
0 0.92265625 0.5265625 0.1546875 0.15625
0 0.7578125 0.70859375 0.07421875 0.07421875
0 0.8140625 0.7890625 0.084375 0.08671875
0 0.6328125 0.696875 0.06015625 0.06015625
0 0.67421875 0.77734375 0.06484375 0.06484375
0 0.61171875 0.80859375 0.13203125 0.13203125
0 0.58125 0.85859375 0.1625 0.2828125
0 0.615625 0.94765625 0.07421875 0.071875
0 0.95078125 0.934375 0.0984375 0.115625
0 0.9828125 0.89140625 0.034375 0.0890625
0 0.90546875 0.8359375 0.0984375 0.09609375
0 0.8453125 0.9265625 0.0796875 0.0796875
0 0.79140625 0.89765625 0.06015625 0.06015625
0 0.7734375 0.8515625 0.06015625 0.06015625
0 0.74921875 0.9078125 0.0765625 0.0765625
0 0.678125 0.8890625 0.071875 0.07421875