0 0.2296875 0.253125 0.0890625 0.08671875
0 0.34140625 0.36875 0.09140625 0.0984375
0 0.86171875 0.1515625 0.2359375 0.2046875
0 0.6234375 0.034375 0.0671875 0.05546875
0 0.70546875 0.14921875 0.0453125 0.05546875
0 0.471875 0.1578125 0.025 0.09375
0 0.54140625 0.253125 0.0671875 0.071875
0 0.6703125 0.28046875 0.115625 0.08203125
0 0.60078125 0.3984375 0.0921875 0.040625
0 0.98125 0.26328125 0.0375 0.0671875
0 0.92421875 0.32890625 0.0671875 0.053125
0 0.03125 0.98046875 0.0625 0.0390625
0 0.23828125 0.8796875 0.1109375 0.1421875
0 0.43359375 0.98125 0.0515625 0.0375
0 0.43203125 0.8921875 0.0484375 0.05078125
0 0.43125 0.74453125 0.05625 0.1046875
0 0.378125 0.59375 0.0890625 0.1078125
0 0.03046875 0.81171875 0.0609375 0.0890625
0 0.0171875 0.5515625 0.034375 0.15625
0 0.3015625 0.43125 0.11875 0.025
0 0.37578125 0.475 0.0453125 0.0671875
0 0.18671875 0.6 0.03828125 0.02890625
0 0.16015625 0.58046875 0.0453125 0.03828125
0 0.1546875 0.5390625 0.0484375 0.03828125
0 0.2203125 0.50390625 0.053125 0.03828125
0 0.11015625 0.81171875 0.04296875 0.04296875
0 0.06796875 0.81875 0.0359375 0.03828125
0 0.39140625 0.42578125 0.0359375 0.0140625
0 0.11953125 0.98828125 0.0578125 0.0234375
0 0.97421875 0.440625 0.0515625 0.04375
0 0.9484375 0.4859375 0.0578125 0.06484375
0 0.80234375 0.54140625 0.0578125 0.0765625
0 0.80234375 0.42578125 0.0640625 0.0140625
0 0.5640625 0.45859375 0.0578125 0.05078125
0 0.6109375 0.7359375 0.125 0.1296875
0 0.52890625 0.7625 0.0578125 0.06484375
0 0.596875 0.60390625 0.06484375 0.0453125
0 0.834375 0.61875 0.071875 0.06015625
0 0.84140625 0.6734375 0.053125 0.0765625
0 0.93203125 0.725 0.0578125 0.06484375