0 0.42109375 0.21484375 0.0359375 0.1203125
0 0.39453125 0.25078125 0.0890625 0.1390625
0 0.33046875 0.40859375 0.2171875 0.2203125
0 0.18125 0.44765625 0.071875 0.0765625
0 0.19453125 0.2375 0.1203125 0.12265625
0 0.15078125 0.29140625 0.125 0.1296875
0 0.296875 0.05546875 0.115625 0.1109375
0 0.31328125 0.11640625 0.09375 0.09375
0 0.0828125 0.1546875 0.09375 0.10078125
0 0.034375 0.18125 0.06875 0.084375
0 0.52109375 0.471875 0.1359375 0.09375
0 0.46328125 0.4921875 0.0484375 0.053125
0 0.840625 0.41328125 0.115625 0.12265625
0 0.8953125 0.26015625 0.209375 0.2390625
0 0.828125 0.2171875 0.0796875 0.084375
0 0.715625 0.11015625 0.0671875 0.06484375
0 0.58125 0.03203125 0.103125 0.0640625
0 0.8921875 0.0296875 0.134375 0.059375
0 0.95078125 0.01796875 0.0984375 0.0359375
0 0.91171875 0.09765625 0.1765625 0.1953125
0 0.571875 0.23046875 0.2140625 0.19921875
0 0.56796875 0.375 0.2578125 0.2875
0 0.4046875 0.6296875 0.06875 0.096875
0 0.04765625 0.8859375 0.0765625 0.08671875
0 0.1234375 0.8046875 0.06953125 0.0671875
0 0.028125 0.6546875 0.05625 0.271875
0 0.30078125 0.74765625 0.07421875 0.0765625
0 0.2484375 0.70625 0.071875 0.0625
0 0.3984375 0.93359375 0.08125 0.1015625
0 0.18359375 0.96953125 0.0734375 0.0609375
0 0.26953125 0.91953125 0.0578125 0.053125
0 0.3109375 0.84375 0.06015625 0.06015625
0 0.71953125 0.759375 0.5609375 0.48125