0 0.51015625 0.3578125 0.08671875 0.08203125
0 0.5515625 0.259375 0.053125 0.0453125
0 0.4984375 0.1484375 0.0765625 0.07421875
0 0.49375 0.07890625 0.08203125 0.0796875
0 0.38984375 0.1078125 0.06953125 0.084375
0 0.23359375 0.17421875 0.08203125 0.084375
0 0.40546875 0.23984375 0.071875 0.071875
0 0.3625 0.27109375 0.08671875 0.084375
0 0.28046875 0.37109375 0.0984375 0.08203125
0 0.2203125 0.290625 0.06015625 0.0453125
0 0.27578125 0.47578125 0.09375 0.084375
0 0.0703125 0.4984375 0.07421875 0.0671875
0 0.0296875 0.55703125 0.059375 0.0453125
0 0.04609375 0.4515625 0.05078125 0.040625
0 0.11640625 0.40625 0.0453125 0.0453125
0 0.18359375 0.47109375 0.0484375 0.0453125
0 0.09296875 0.2953125 0.08671875 0.0765625
0 0.0140625 0.328125 0.028125 0.040625
0 0.07890625 0.10625 0.04296875 0.04296875
0 0.14609375 0.1546875 0.0453125 0.0453125
0 0.028125 0.0609375 0.0484375 0.0578125
0 0.36875 0.06328125 0.05078125 0.03828125
0 0.38203125 0.04140625 0.053125 0.05546875
0 0.58984375 0.18359375 0.0203125 0.0734375
0 0.49453125 0.50546875 0.040625 0.04296875
0 0.72734375 0.303125 0.2546875 0.553125
0 0.84296875 0.53984375 0.1078125 0.0796875
0 0.8765625 0.4 0.05546875 0.08203125
0 0.98359375 0.2609375 0.0328125 0.05625
0 0.92578125 0.13359375 0.1484375 0.2578125
0 0.28671875 0.9171875 0.2015625 0.165625
0 0.075 0.6671875 0.15 0.134375
0 0.246875 0.73359375 0.1296875 0.125
0 0.2109375 0.62734375 0.315625 0.0953125
0 0.38984375 0.6953125 0.13203125 0.1421875
0 0.634375 0.58828125 0.05625 0.0171875
0 0.91171875 0.646875 0.0453125 0.05078125
0 0.97421875 0.6796875 0.0515625 0.059375
0 0.95078125 0.7328125 0.0984375 0.125
0 0.92890625 0.990625 0.0484375 0.01875
0 0.85078125 0.96796875 0.0640625 0.0640625
0 0.79140625 0.671875 0.05546875 0.07421875
0 0.86484375 0.6875 0.03828125 0.0484375