0 0.0078125 0.40859375 0.015625 0.1296875
0 0.01875 0.40390625 0.0375 0.0671875
0 0.01953125 0.3703125 0.0390625 0.05625
0 0.01484375 0.21328125 0.0296875 0.0578125
0 0.04609375 0.23125 0.0765625 0.07421875
0 0.18828125 0.28359375 0.32421875 0.32421875
0 0.17109375 0.10078125 0.0578125 0.0578125
0 0.3046875 0.075 0.12265625 0.12265625
0 0.5453125 0.0125 0.075 0.025
0 0.4859375 0.165625 0.13671875 0.13671875
0 0.571875 0.05625 0.075 0.096875
0 0.56328125 0.14609375 0.0921875 0.1515625
0 0.45859375 0.33828125 0.071875 0.071875
0 0.52265625 0.40859375 0.08203125 0.084375
0 0.33828125 0.34375 0.0578125 0.0578125
0 0.3890625 0.41328125 0.0625 0.0625
0 0.33359375 0.4515625 0.12734375 0.12734375
0 0.15703125 0.42265625 0.08203125 0.084375
0 0.0375 0.51796875 0.075 0.1078125
0 0.071875 0.48046875 0.0890625 0.0890625
0 0.23046875 0.48828125 0.3328125 0.2234375
0 0.353125 0.5734375 0.06875 0.053125
0 0.58828125 0.440625 0.0421875 0.09375
0 0.56953125 0.53359375 0.0765625 0.0765625
0 0.5140625 0.5125 0.0578125 0.0578125
0 0.49140625 0.47109375 0.0578125 0.0578125
0 0.47578125 0.528125 0.07421875 0.07421875
0 0.40703125 0.51875 0.06953125 0.071875
0 0.70078125 0.0625 0.07421875 0.08671875
0 0.9484375 0.059375 0.103125 0.11875
0 0.92109375 0.5765625 0.0796875 0.046875
0 0.96328125 0.5328125 0.06015625 0.084375
0 0.67734375 0.371875 0.0765625 0.07421875
0 0.703125 0.24296875 0.084375 0.06953125
0 0.1375 0.77578125 0.07421875 0.0796875
0 0.04140625 0.75390625 0.06484375 0.071875
0 0.090625 0.9078125 0.0625 0.0625
0 0.30625 0.6359375 0.08125 0.071875
0 0.5390625 0.79453125 0.11328125 0.13671875
0 0.33046875 0.76015625 0.084375 0.115625
0 0.5546875 0.66640625 0.07421875 0.06015625
0 0.4375 0.6765625 0.0578125 0.06953125
0 0.4625 0.90625 0.05078125 0.06015625
0 0.409375 0.88359375 0.0484375 0.053125
0 0.40703125 0.81640625 0.053125 0.06015625