0 0.00859375 0.38359375 0.0171875 0.1296875
0 0.01953125 0.38671875 0.0390625 0.0671875
0 0.0203125 0.4203125 0.040625 0.05625
0 0.04765625 0.53671875 0.0765625 0.0265625
0 0.1890625 0.44765625 0.325 0.2046875
0 0.43125 0.453125 0.015625 0.071875
0 0.33984375 0.4484375 0.0578125 0.0578125
0 0.390625 0.37890625 0.0625 0.0625
0 0.33515625 0.340625 0.12734375 0.12734375
0 0.15859375 0.36953125 0.08203125 0.084375
0 0.03828125 0.27265625 0.0765625 0.1078125
0 0.0734375 0.31171875 0.0890625 0.0890625
0 0.2328125 0.2484375 0.33203125 0.33203125
0 0.35546875 0.209375 0.06953125 0.06953125
0 0.234375 0.11796875 0.0796875 0.0796875
0 0.0921875 0.090625 0.1296875 0.1296875
0 0.40625 0.2734375 0.065625 0.071875
0 0.4296875 0.14375 0.01875 0.06875
0 0.88125 0.3515625 0.10078125 0.09375
0 0.8484375 0.5390625 0.115625 0.021875
0 0.75859375 0.05703125 0.2328125 0.1140625
0 0.90078125 0.16015625 0.1984375 0.3203125
0 0.678125 0.215625 0.0890625 0.09609375
0 0.60859375 0.12421875 0.0890625 0.09609375
0 0.54140625 0.046875 0.1140625 0.09375
0 0.46875 0.01953125 0.059375 0.0390625
0 0.4609375 0.13984375 0.04375 0.0859375
0 0.52265625 0.49296875 0.09140625 0.09375
0 0.67734375 0.52265625 0.0703125 0.0546875
0 0.64296875 0.44765625 0.071875 0.07421875
0 0.51953125 0.3296875 0.0984375 0.10078125
0 0.43046875 0.703125 0.0171875 0.071875
0 0.24375 0.5984375 0.128125 0.096875
0 0.36640625 0.565625 0.0890625 0.03125
0 0.08125 0.78203125 0.07421875 0.07421875
0 0.92734375 0.87421875 0.12265625 0.10546875
0 0.96953125 0.596875 0.0609375 0.09375
0 0.77734375 0.64765625 0.2171875 0.1953125