0 0.2609375 0.1515625 0.178125 0.303125
0 0.16640625 0.01640625 0.0515625 0.0328125
0 0.0609375 0.1140625 0.115625 0.12265625
0 0.04765625 0.34765625 0.0953125 0.1390625
0 0.21015625 0.4390625 0.06953125 0.06953125
0 0.23359375 0.5328125 0.0765625 0.053125
0 0.28828125 0.328125 0.053125 0.06015625
0 0.3203125 0.4234375 0.059375 0.0625
0 0.31171875 0.54609375 0.0578125 0.0265625
0 0.74921875 0.36640625 0.103125 0.1078125
0 0.45078125 0.2015625 0.2015625 0.403125
0 0.61953125 0.059375 0.1265625 0.11875
0 0.6890625 0.14765625 0.0578125 0.071875
0 0.696875 0.22890625 0.0671875 0.0671875
0 0.6859375 0.44609375 0.290625 0.2265625
0 0.53046875 0.48515625 0.0765625 0.0765625
0 0.9625 0.49140625 0.075 0.1359375
0 0.96953125 0.0984375 0.0609375 0.071875
0 0.96484375 0.21875 0.0703125 0.084375
0 0.9125 0.18359375 0.09609375 0.09609375
0 0.84765625 0.37578125 0.0890625 0.0890625
0 0.840625 0.284375 0.08203125 0.0796875
0 0.41953125 0.390625 0.0765625 0.071875
0 0.97265625 0.28359375 0.0546875 0.0546875
0 0.98671875 0.33984375 0.0265625 0.0703125
0 0.9546875 0.378125 0.05078125 0.05078125
0 0.28125 0.95546875 0.125 0.0890625
0 0.21796875 0.78515625 0.103125 0.103125
0 0.1 0.75859375 0.08203125 0.0890625
0 0.04453125 0.6859375 0.0890625 0.146875
0 0.02578125 0.8890625 0.0515625 0.05625
0 0.46640625 0.61328125 0.1484375 0.1078125
0 0.665625 0.7765625 0.0984375 0.08671875
0 0.6046875 0.82421875 0.0984375 0.08671875
0 0.759375 0.8109375 0.0890625 0.0890625
0 0.9625 0.72265625 0.075 0.0890625
0 0.9328125 0.59296875 0.090625 0.0671875
0 0.9203125 0.890625 0.09375 0.0984375
0 0.84609375 0.90703125 0.08671875 0.0890625
0 0.78828125 0.9421875 0.0890625 0.09609375
0 0.45859375 0.97265625 0.1296875 0.0546875
0 0.5984375 0.89765625 0.1421875 0.13671875
0 0.37109375 0.8125 0.0421875 0.075