0 0.15703125 0.45390625 0.3140625 0.1921875
0 0.415625 0.42578125 0.071875 0.06953125
0 0.46953125 0.34765625 0.08203125 0.08203125
0 0.296875 0.4375 0.0578125 0.0578125
0 0.3359375 0.3609375 0.0625 0.0625
0 0.2765625 0.33203125 0.125 0.125
0 0.10546875 0.38515625 0.0796875 0.084375
0 0.028125 0.33828125 0.05625 0.0890625
0 0.16171875 0.25390625 0.321875 0.33203125
0 0.27890625 0.1984375 0.06953125 0.06953125
0 0.1453125 0.125 0.0765625 0.0765625
0 0.03203125 0.1171875 0.0640625 0.128125
0 0.53203125 0.0828125 0.0359375 0.13125
0 0.52890625 0.30234375 0.0421875 0.0921875
0 0.49765625 0.21796875 0.0765625 0.07421875
0 0.446875 0.2453125 0.0578125 0.0578125
0 0.4296875 0.28984375 0.0578125 0.0578125
0 0.40625 0.2359375 0.07421875 0.07421875
0 0.3390625 0.25546875 0.0671875 0.06953125
0 0.3671875 0.1203125 0.0671875 0.06953125
0 0.43359375 0.06171875 0.0625 0.06484375
0 0.8765625 0.06640625 0.1625 0.1328125
0 0.8734375 0.39453125 0.09140625 0.08203125
0 0.975 0.3 0.05 0.103125
0 0.59375 0.371875 0.0875 0.084375
0 0.57265625 0.04921875 0.0453125 0.0796875
0 0.32734375 0.775 0.4453125 0.45
0 0.15859375 0.62109375 0.08203125 0.09140625
0 0.76484375 0.6453125 0.2328125 0.190625
0 0.89609375 0.82109375 0.1921875 0.18984375
0 0.7375 0.8875 0.0796875 0.08671875
0 0.621875 0.653125 0.0765625 0.08203125