0 0.4453125 0.2671875 0.0625 0.06953125
0 0.54609375 0.140625 0.0265625 0.06875
0 0.109375 0.034375 0.06953125 0.06015625
0 0.06953125 0.128125 0.0578125 0.0625
0 0.02265625 0.08984375 0.0453125 0.0515625
0 0.12578125 0.32734375 0.0796875 0.08203125
0 0.82109375 0.32734375 0.084375 0.09140625
0 0.81171875 0.22734375 0.1078125 0.11328125
0 0.93203125 0.1890625 0.1359375 0.15
0 0.94140625 0.0953125 0.10546875 0.11328125
0 0.91640625 0.0109375 0.1015625 0.021875
0 0.65390625 0.2453125 0.09140625 0.084375
0 0.446875 0.76796875 0.225 0.3640625
0 0.18203125 0.69453125 0.3640625 0.4640625
0 0.26875 0.4296875 0.3125 0.1
0 0.4140625 0.95390625 0.159375 0.0921875
0 0.1046875 0.96640625 0.209375 0.0671875
0 0.53671875 0.55078125 0.0453125 0.1015625
0 0.57109375 0.78671875 0.0234375 0.1296875
0 0.640625 0.7765625 0.125 0.1296875
0 0.68203125 0.70078125 0.10078125 0.071875
0 0.76796875 0.65078125 0.10078125 0.1109375
0 0.8828125 0.5703125 0.11328125 0.11796875
0 0.671875 0.55 0.13671875 0.13203125
0 0.57265625 0.53515625 0.0265625 0.0796875
0 0.61953125 0.45234375 0.09140625 0.08671875
0 0.96171875 0.42734375 0.07421875 0.084375
0 0.58984375 0.96875 0.0609375 0.0625
0 0.79140625 0.98515625 0.1140625 0.0296875
0 0.73828125 0.925 0.0796875 0.07421875