0 0.2046875 0.0296875 0.134375 0.059375
0 0.1640625 0.16328125 0.134375 0.1390625
0 0.1359375 0.1125 0.0453125 0.05078125
0 0.04453125 0.2328125 0.05078125 0.05078125
0 0.4375 0.40859375 0.21875 0.1609375
0 0.31640625 0.45390625 0.0734375 0.0703125
0 0.37109375 0.178125 0.1515625 0.146875
0 0.42421875 0.29140625 0.1390625 0.13671875
0 0.31484375 0.23203125 0.0703125 0.1421875
0 0.96875 0.46171875 0.0625 0.0546875
0 0.75546875 0.24765625 0.19921875 0.2140625
0 0.56484375 0.26484375 0.10078125 0.103125
0 0.628125 0.31484375 0.0765625 0.084375
0 0.69453125 0.01328125 0.0890625 0.0265625
0 0.58203125 0.0265625 0.0984375 0.053125
0 0.51953125 0.0296875 0.0859375 0.059375
0 0.9328125 0.10390625 0.10078125 0.1109375
0 0.64140625 0.4625 0.0671875 0.053125
0 0.253125 0.6046875 0.053125 0.08125
0 0.221875 0.73984375 0.115625 0.1421875
0 0.16328125 0.86953125 0.09140625 0.10546875
0 0.23203125 0.840625 0.04296875 0.0484375
0 0.403125 0.7796875 0.11328125 0.11328125
0 0.31171875 0.7984375 0.0640625 0.096875
0 0.85859375 0.62109375 0.09140625 0.09609375
0 0.87890625 0.54453125 0.06953125 0.0796875
0 0.78203125 0.5171875 0.1109375 0.05625
0 0.98828125 0.8859375 0.0234375 0.1
0 0.9625 0.79453125 0.075 0.0765625
0 0.83828125 0.86015625 0.06015625 0.06015625