0 0.07734375 0.01953125 0.1140625 0.0390625
0 0.28828125 0.05078125 0.0609375 0.0640625
0 0.25859375 0.02421875 0.0453125 0.0359375
0 0.02109375 0.134375 0.0421875 0.103125
0 0.27265625 0.15390625 0.05078125 0.03828125
0 0.31171875 0.2015625 0.0140625 0.03125
0 0.428125 0.1921875 0.11328125 0.1109375
0 0.44375 0.06875 0.10078125 0.125
0 0.6625 0.046875 0.0625 0.08671875
0 0.87109375 0.0515625 0.0859375 0.103125
0 0.33359375 0.39921875 0.0296875 0.0765625
0 0.84765625 0.5734375 0.0671875 0.0671875
0 0.88203125 0.51953125 0.05078125 0.084375
0 0.5421875 0.55546875 0.071875 0.08203125
0 0.6421875 0.35703125 0.06484375 0.07421875
0 0.66484375 0.228125 0.071875 0.06953125
0 0.98671875 0.025 0.0265625 0.05
0 0.54375 0.10078125 0.04296875 0.05546875
0 0.51484375 0.2078125 0.0453125 0.05078125
0 0.0984375 0.93203125 0.06484375 0.0890625
0 0.1265625 0.6625 0.103125 0.025
0 0.7859375 0.80859375 0.1390625 0.15859375
0 0.66640625 0.8890625 0.1203125 0.12265625
0 0.44765625 0.91953125 0.14921875 0.146875
0 0.36328125 0.93203125 0.0890625 0.1359375
0 0.35703125 0.6953125 0.0765625 0.090625
0 0.5703125 0.77421875 0.0765625 0.06953125
0 0.87578125 0.9625 0.0921875 0.075
0 0.77109375 0.95703125 0.06015625 0.06953125
0 0.71953125 0.9671875 0.0796875 0.065625
0 0.9703125 0.928125 0.059375 0.059375