0 0.1890625 0.3671875 0.084375 0.09140625
0 0.14375 0.41875 0.06484375 0.071875
0 0.071875 0.0109375 0.059375 0.021875
0 0.41875 0.00859375 0.040625 0.0171875
0 0.16015625 0.21796875 0.0484375 0.0453125
0 0.2015625 0.25234375 0.04296875 0.04296875
0 0.2828125 0.07265625 0.0625 0.053125
0 0.2796875 0.12421875 0.05546875 0.04296875
0 0.70703125 0.0203125 0.1265625 0.040625
0 0.609375 0.0390625 0.121875 0.078125
0 0.45546875 0.0953125 0.0328125 0.09375
0 0.53125 0.06015625 0.09375 0.09609375
0 0.32109375 0.653125 0.1109375 0.13671875
0 0.21484375 0.59765625 0.1078125 0.09609375
0 0.409375 0.69296875 0.059375 0.0640625
0 0.28359375 0.96796875 0.0921875 0.0640625
0 0.1765625 0.778125 0.06484375 0.0796875
0 0.04921875 0.98671875 0.0734375 0.0265625
0 0.13203125 0.96328125 0.0578125 0.0578125
0 0.05 0.9015625 0.06953125 0.08671875
0 0.54296875 0.90703125 0.103125 0.103125
0 0.6609375 0.88046875 0.08203125 0.0890625
0 0.73125 0.80859375 0.1203125 0.146875
0 0.890625 0.853125 0.10546875 0.0796875
0 0.871875 0.74140625 0.07421875 0.08203125
0 0.74140625 0.99140625 0.0671875 0.0171875
0 0.97890625 0.96328125 0.0421875 0.0578125
0 0.99140625 0.69765625 0.0171875 0.0359375