0 0.2140625 0.465625 0.084375 0.09140625
0 0.16875 0.4140625 0.06484375 0.071875
0 0.3515625 0.203125 0.0890625 0.0796875
0 0.3828125 0.11640625 0.06953125 0.0671875
0 0.88515625 0.45625 0.2296875 0.125
0 0.69296875 0.375 0.18046875 0.1421875
0 0.709375 0.22109375 0.1609375 0.165625
0 0.88125 0.07578125 0.08203125 0.0796875
0 0.98515625 0.13359375 0.0296875 0.0578125
0 0.984375 0.2 0.03125 0.05
0 0.52265625 0.92265625 0.040625 0.05078125
0 0.3625 0.778125 0.02890625 0.0453125
0 0.43359375 0.73984375 0.11328125 0.11328125
0 0.26796875 0.6109375 0.06015625 0.05546875
0 0.06171875 0.53125 0.0765625 0.025
0 0.07734375 0.9953125 0.0453125 0.009375
0 0.4578125 0.54375 0.16875 0.05
0 0.9203125 0.8140625 0.159375 0.28125
0 0.959375 0.64453125 0.08125 0.0859375
0 0.58984375 0.55390625 0.0796875 0.0703125
0 0.6765625 0.59609375 0.10546875 0.12734375
0 0.8515625 0.9484375 0.08671875 0.0671875