0 0.22265625 0.0515625 0.1015625 0.103125
0 0.19453125 0.11171875 0.0796875 0.084375
0 0.390625 0.2671875 0.05625 0.096875
0 0.45546875 0.23828125 0.0734375 0.1296875
0 0.5125 0.1375 0.1875 0.275
0 0.98828125 0.04375 0.0234375 0.075
0 0.940625 0.071875 0.0625 0.0625
0 0.84921875 0.3 0.1203125 0.1
0 0.68828125 0.32421875 0.0640625 0.0515625
0 0.690625 0.2234375 0.084375 0.084375
0 0.64375 0.18671875 0.103125 0.103125
0 0.53671875 0.3296875 0.0640625 0.040625
0 0.65546875 0.0265625 0.1078125 0.053125
0 0.88046875 0.1671875 0.071875 0.071875
0 0.90546875 0.24140625 0.07421875 0.07421875
0 0.5734375 0.1296875 0.06953125 0.06953125
0 0.5484375 0.0328125 0.040625 0.040625
0 0.3890625 0.709375 0.059375 0.125
0 0.38046875 0.8734375 0.0765625 0.0765625
0 0.2390625 0.7 0.09140625 0.10078125
0 0.30390625 0.446875 0.103125 0.10546875
0 0.36875 0.3953125 0.09375 0.084375
0 0.5234375 0.3734375 0.146875 0.046875
0 0.434375 0.3921875 0.03125 0.084375
0 0.44453125 0.6546875 0.0515625 0.115625
0 0.47109375 0.52578125 0.1046875 0.1578125
0 0.5359375 0.4296875 0.0796875 0.08203125
0 0.603125 0.425 0.09375 0.10546875
0 0.65078125 0.44296875 0.0890625 0.09375
0 0.746875 0.4328125 0.09140625 0.10546875
0 0.978125 0.440625 0.04375 0.065625
0 0.98125 0.48984375 0.0375 0.0796875
0 0.96953125 0.51875 0.0609375 0.065625
0 0.9875 0.596875 0.025 0.0625
0 0.9859375 0.6421875 0.028125 0.09375
0 0.94296875 0.66171875 0.071875 0.06953125
0 0.69296875 0.6671875 0.196875 0.20703125
0 0.60546875 0.63125 0.07421875 0.07421875
0 0.52265625 0.69609375 0.165625 0.165625
0 0.57421875 0.778125 0.0796875 0.0890625
0 0.5765625 0.85390625 0.06953125 0.0671875
0 0.43203125 0.821875 0.0265625 0.071875
0 0.54296875 0.91640625 0.2421875 0.1671875
0 0.7015625 0.9609375 0.1875 0.078125
0 0.72578125 0.84453125 0.0796875 0.0890625
0 0.9671875 0.8578125 0.065625 0.15625
0 0.92734375 0.896875 0.09375 0.09140625
0 0.96328125 0.7765625 0.0625 0.0578125
0 0.9046875 0.7765625 0.06015625 0.0625
0 0.85078125 0.53046875 0.053125 0.053125
0 0.78125 0.73359375 0.06953125 0.06484375
0 0.75546875 0.53984375 0.06484375 0.0671875