0 0.025 0.28359375 0.05 0.0703125
0 0.42578125 0.3984375 0.0671875 0.09375
0 0.01328125 0.08671875 0.0265625 0.0453125
0 0.2890625 0.01875 0.059375 0.0375
0 0.44140625 0.49921875 0.0359375 0.0390625
0 0.353125 0.50078125 0.071875 0.0359375
0 0.51953125 0.021875 0.0984375 0.04375
0 0.51015625 0.18046875 0.1015625 0.0953125
0 0.66796875 0.32421875 0.10546875 0.10546875
0 0.61484375 0.4578125 0.0484375 0.053125
0 0.17109375 0.54375 0.2171875 0.05
0 0.0375 0.58671875 0.075 0.1359375
0 0.040625 0.73671875 0.08125 0.1609375
0 0.19765625 0.97890625 0.2234375 0.0421875
0 0.16875 0.87734375 0.0796875 0.0765625
0 0.2875 0.821875 0.06953125 0.0578125
0 0.27421875 0.75703125 0.0484375 0.0484375
0 0.3296875 0.71875 0.06015625 0.0671875
0 0.428125 0.64296875 0.0625 0.0671875
0 0.44921875 0.90859375 0.0203125 0.0671875
0 0.571875 0.884375 0.084375 0.084375
0 0.4828125 0.91484375 0.046875 0.0765625
0 0.47421875 0.85 0.0296875 0.059375
0 0.46953125 0.80078125 0.0203125 0.0765625
0 0.66328125 0.5453125 0.0671875 0.053125
0 0.6703125 0.5984375 0.07421875 0.071875
0 0.76171875 0.77578125 0.0796875 0.071875
0 0.740625 0.8375 0.0765625 0.07421875
0 0.81015625 0.88671875 0.1078125 0.1078125
0 0.88984375 0.98125 0.0765625 0.0375
0 0.9234375 0.81953125 0.0625 0.0625
0 0.86875 0.76796875 0.05546875 0.0484375
0 0.928125 0.71015625 0.084375 0.09140625
0 0.975 0.68359375 0.05 0.0828125
0 0.98515625 0.61171875 0.0296875 0.0828125
0 0.65625 0.734375 0.05078125 0.0484375
0 0.6109375 0.82890625 0.0796875 0.0671875
0 0.61171875 0.790625 0.0578125 0.053125
0 0.6171875 0.97109375 0.065625 0.0578125