0 0.228125 0.32578125 0.059375 0.0484375
0 0.96328125 0.23828125 0.0734375 0.0765625
0 0.83828125 0.2921875 0.0484375 0.05546875
0 0.64140625 0.2203125 0.05546875 0.0625
0 0.5921875 0.22109375 0.04296875 0.04296875
0 0.5203125 0.20234375 0.0671875 0.06953125
0 0.36640625 0.33359375 0.0890625 0.0328125
0 0.45625 0.121875 0.0578125 0.0578125
0 0.8203125 0.084375 0.0578125 0.05546875
0 0.7625 0.0984375 0.0453125 0.0453125
0 0.9625 0.01015625 0.04375 0.0203125
0 0.0734375 0.5015625 0.0765625 0.09140625
0 0.07421875 0.3828125 0.1484375 0.065625
0 0.29375 0.45546875 0.05 0.0578125
0 0.05859375 0.79765625 0.053125 0.06953125
0 0.03359375 0.715625 0.0671875 0.071875
0 0.05546875 0.89296875 0.1109375 0.2015625
0 0.2765625 0.75546875 0.084375 0.1734375
0 0.35546875 0.653125 0.0734375 0.103125
0 0.3296875 0.4375 0.021875 0.075
0 0.39921875 0.46953125 0.05078125 0.040625
0 0.434375 0.565625 0.0578125 0.0765625
0 0.609375 0.42265625 0.0625 0.0578125
0 0.45 0.37109375 0.040625 0.0421875
0 0.72109375 0.48515625 0.11796875 0.15390625
0 0.6734375 0.62109375 0.16328125 0.1515625
0 0.765625 0.62734375 0.05078125 0.053125
0 0.91953125 0.38125 0.053125 0.0625
0 0.92421875 0.47734375 0.03828125 0.0453125
0 0.93046875 0.525 0.03828125 0.03359375
0 0.9140625 0.6671875 0.05078125 0.03828125
0 0.95546875 0.69921875 0.0671875 0.06015625
0 0.57265625 0.75859375 0.053125 0.0578125
0 0.40546875 0.75703125 0.05546875 0.05546875
0 0.42578125 0.90859375 0.11796875 0.1390625
0 0.73125 0.846875 0.1390625 0.1390625
0 0.76015625 0.95390625 0.1109375 0.09140625
0 0.85703125 0.90390625 0.06015625 0.06484375
0 0.9609375 0.928125 0.07421875 0.06484375
0 0.54375 0.40703125 0.053125 0.05546875