0 0.07109375 0.0078125 0.0546875 0.015625
0 0.03359375 0.0484375 0.0671875 0.096875
0 0.065625 0.1609375 0.05546875 0.0578125
0 0.1796875 0.15546875 0.09140625 0.084375
0 0.2578125 0.08359375 0.103125 0.115625
0 0.3484375 0.08828125 0.15625 0.1765625
0 0.47734375 0.38828125 0.0828125 0.1015625
0 0.140625 0.4265625 0.125 0.025
0 0.0734375 0.409375 0.05625 0.059375
0 0.11953125 0.27109375 0.0671875 0.0765625
0 0.4 0.40546875 0.0625 0.0671875
0 0.34609375 0.2703125 0.09375 0.11796875
0 0.4578125 0.04765625 0.121875 0.0953125
0 0.9171875 0.1921875 0.165625 0.340625
0 0.98984375 0.38359375 0.0203125 0.0609375
0 0.86640625 0.39375 0.1296875 0.090625
0 0.68203125 0.31953125 0.14453125 0.14453125
0 0.57109375 0.4109375 0.1015625 0.05625
0 0.58203125 0.33984375 0.1265625 0.1578125
0 0.72265625 0.1375 0.0765625 0.0765625
0 0.66015625 0.065625 0.08671875 0.08671875
0 0.85 0.13203125 0.06015625 0.0625
0 0.80234375 0.05859375 0.0671875 0.0671875
0 0.8625 0.04296875 0.134375 0.0859375
0 0.56640625 0.040625 0.0953125 0.08125
0 0.696875 0.0140625 0.0625 0.028125
0 0.18671875 0.5015625 0.1328125 0.125
0 0.1640625 0.78359375 0.1109375 0.1203125
0 0.19765625 0.91484375 0.05078125 0.06015625
0 0.21484375 0.971875 0.0484375 0.05546875
0 0.321875 0.97578125 0.11875 0.0484375
0 0.44140625 0.9828125 0.1546875 0.034375
0 0.375 0.85234375 0.07421875 0.06953125
0 0.37890625 0.48203125 0.0890625 0.0859375
0 0.47890625 0.60625 0.0796875 0.103125
0 0.98046875 0.94609375 0.0390625 0.0953125
0 0.884375 0.61015625 0.11328125 0.11328125
0 0.5671875 0.496875 0.096875 0.115625
0 0.61484375 0.77109375 0.071875 0.07421875
0 0.6125 0.92734375 0.053125 0.05546875
0 0.55234375 0.94765625 0.0671875 0.0703125
0 0.9078125 0.7234375 0.0671875 0.0625