0 0.04453125 0.19375 0.0890625 0.103125
0 0.2046875 0.034375 0.06015625 0.06015625
0 0.071875 0.39609375 0.0796875 0.084375
0 0.55859375 0.46640625 0.1328125 0.1265625
0 0.5328125 0.26171875 0.23828125 0.2359375
0 0.67265625 0.5140625 0.0578125 0.03125
0 0.790625 0.50234375 0.0875 0.0546875
0 0.76171875 0.31484375 0.08203125 0.08203125
0 0.76171875 0.06796875 0.06953125 0.06953125
0 0.80859375 0.12109375 0.0484375 0.0453125
0 0.83984375 0.05234375 0.0484375 0.05078125
0 0.97421875 0.01875 0.0515625 0.0375
0 0.89140625 0.5109375 0.0515625 0.0375
0 0.98984375 0.11640625 0.0203125 0.0578125
0 0.99140625 0.15078125 0.0171875 0.0421875
0 0.77265625 0.55390625 0.0796875 0.0484375
0 0.8953125 0.73203125 0.09375 0.08203125
0 0.81484375 0.6703125 0.084375 0.07421875
0 0.58125 0.65390625 0.0765625 0.0796875
0 0.475 0.57421875 0.13125 0.0890625
0 0.46875 0.83671875 0.1109375 0.1296875
0 0.59609375 0.77734375 0.125 0.12265625
0 0.6921875 0.86875 0.05546875 0.053125
0 0.784375 0.8796875 0.07421875 0.06484375
0 0.97265625 0.990625 0.0546875 0.01875
0 0.571875 0.928125 0.053125 0.0578125