0 0.1078125 0.159375 0.16328125 0.1515625
0 0.084375 0.1125 0.09375 0.0765625
0 0.0703125 0.04296875 0.0484375 0.040625
0 0.2109375 0.1328125 0.053125 0.06953125
0 0.340625 0.16640625 0.0578125 0.053125
0 0.8296875 0.10703125 0.340625 0.2140625
0 0.8109375 0.134375 0.303125 0.209375
0 0.965625 0.14453125 0.06875 0.1734375
0 0.1046875 0.90625 0.10078125 0.10078125
0 0.01484375 0.771875 0.0296875 0.13125
0 0.028125 0.83671875 0.05625 0.0765625
0 0.04296875 0.59765625 0.0859375 0.0859375
0 0.27109375 0.6421875 0.14453125 0.14453125
0 0.32890625 0.5109375 0.15859375 0.15859375
0 0.19453125 0.4265625 0.12734375 0.12734375
0 0.0671875 0.5375 0.06953125 0.06953125
0 0.4484375 0.353125 0.16328125 0.16328125
0 0.46953125 0.28125 0.1515625 0.084375
0 0.62890625 0.3828125 0.0609375 0.084375
0 0.53046875 0.76328125 0.2578125 0.4734375
0 0.43125 0.64296875 0.19453125 0.196875
0 0.95390625 0.92421875 0.071875 0.0796875
0 0.75 0.3125 0.0796875 0.0796875
0 0.8734375 0.45078125 0.0890625 0.08671875
0 0.97890625 0.67578125 0.0421875 0.0578125
0 0.92890625 0.72578125 0.0484375 0.0453125
0 0.765625 0.78046875 0.0453125 0.05546875