0 0.28203125 0.46171875 0.0953125 0.1140625
0 0.27890625 0.37578125 0.08203125 0.0578125
0 0.08671875 0.3390625 0.0890625 0.08203125
0 0.16640625 0.52890625 0.1421875 0.1015625
0 0.18671875 0.565625 0.0796875 0.028125
0 0.07734375 0.55859375 0.0453125 0.0421875
0 0.0140625 0.153125 0.028125 0.06875
0 0.27109375 0.0765625 0.0578125 0.0765625
0 0.7828125 0.0796875 0.303125 0.159375
0 0.60078125 0.0546875 0.0578125 0.0578125
0 0.65234375 0.01796875 0.0765625 0.0359375
0 0.6265625 0.08671875 0.0453125 0.0484375
0 0.48828125 0.23359375 0.0765625 0.071875
0 0.34140625 0.27578125 0.0234375 0.0765625
0 0.3734375 0.31171875 0.06484375 0.06015625
0 0.365625 0.37421875 0.071875 0.0796875
0 0.33984375 0.48359375 0.0203125 0.0640625
0 0.53515625 0.28671875 0.0625 0.06015625
0 0.5734375 0.3140625 0.05546875 0.06015625
0 0.5359375 0.36796875 0.0796875 0.0796875
0 0.50703125 0.41171875 0.06015625 0.06484375
0 0.52421875 0.459375 0.1078125 0.1078125
0 0.44453125 0.50546875 0.05546875 0.0578125
0 0.52734375 0.53046875 0.06953125 0.06953125
0 0.95546875 0.14609375 0.0765625 0.08203125
0 0.9359375 0.2203125 0.0765625 0.08203125
0 0.9921875 0.24453125 0.015625 0.0703125
0 0.65390625 0.52109375 0.08671875 0.08671875
0 0.8484375 0.30703125 0.053125 0.053125
0 0.77265625 0.39921875 0.05546875 0.0578125
0 0.0359375 0.59296875 0.053125 0.0265625
0 0.03984375 0.621875 0.0796875 0.084375
0 0.08984375 0.67578125 0.0625 0.0625
0 0.0921875 0.628125 0.0765625 0.0796875
0 0.13828125 0.68046875 0.0453125 0.0484375
0 0.175 0.6640625 0.07421875 0.0796875
0 0.3078125 0.8609375 0.04375 0.09375
0 0.28046875 0.975 0.0734375 0.05
0 0.15625 0.96015625 0.1375 0.0796875
0 0.05234375 0.953125 0.1046875 0.09375
0 0.36015625 0.94140625 0.0609375 0.1171875
0 0.44765625 0.8625 0.09375 0.084375
0 0.9609375 0.9515625 0.02890625 0.0453125
0 0.9875 0.91328125 0.025 0.1078125
0 0.8703125 0.79140625 0.0578125 0.05546875
0 0.6734375 0.6890625 0.07421875 0.071875
0 0.5703125 0.72421875 0.0484375 0.0484375
0 0.628125 0.59765625 0.103125 0.0359375