0 0.25234375 0.07265625 0.0625 0.06953125
0 0.8515625 0.21171875 0.09375 0.0546875
0 0.61953125 0.17578125 0.06953125 0.0671875
0 0.57734375 0.22421875 0.0703125 0.0296875
0 0.97890625 0.14609375 0.0421875 0.0640625
0 0.2609375 0.88359375 0.10078125 0.09375
0 0.303125 0.72265625 0.053125 0.0578125
0 0.3078125 0.57734375 0.04375 0.0578125
0 0.23671875 0.31953125 0.08671875 0.06953125
0 0.009375 0.5296875 0.01875 0.053125
0 0.0171875 0.303125 0.034375 0.05
0 0.1515625 0.46953125 0.07421875 0.06015625
0 0.06953125 0.96953125 0.0578125 0.0359375
0 0.21953125 0.659375 0.0625 0.0453125
0 0.24140625 0.60703125 0.06015625 0.040625
0 0.90625 0.58828125 0.1875 0.2109375
0 0.846875 0.42578125 0.09375 0.09375
0 0.9671875 0.42578125 0.065625 0.1203125
0 0.453125 0.296875 0.196875 0.115625
0 0.58125 0.56171875 0.11328125 0.1296875
0 0.55625 0.71875 0.09609375 0.09609375
0 0.50078125 0.7828125 0.06484375 0.08203125
0 0.4453125 0.8828125 0.13203125 0.1109375
0 0.55859375 0.928125 0.09140625 0.0890625
0 0.68515625 0.98671875 0.1328125 0.0265625
0 0.728125 0.89375 0.15859375 0.125
0 0.89609375 0.8046875 0.125 0.1203125
0 0.86796875 0.93671875 0.2640625 0.1265625
0 0.41640625 0.96015625 0.1734375 0.0796875
0 0.715625 0.3984375 0.12265625 0.15390625