0 0.32109375 0.21484375 0.06953125 0.06953125
0 0.2625 0.2421875 0.1421875 0.13671875
0 0.11328125 0.1578125 0.134375 0.1203125
0 0.1484375 0.05234375 0.0625 0.06484375
0 0.21796875 0.3796875 0.06953125 0.06953125
0 0.16640625 0.40234375 0.09609375 0.09140625
0 0.09375 0.43671875 0.09140625 0.09140625
0 0.01640625 0.11640625 0.0328125 0.0765625
0 0.0265625 0.0359375 0.053125 0.071875
0 0.56953125 0.49140625 0.0609375 0.1296875
0 0.4796875 0.4109375 0.0625 0.06484375
0 0.01171875 0.5265625 0.0234375 0.065625
0 0.28125 0.3421875 0.06015625 0.0578125
0 0.3203125 0.04296875 0.0453125 0.0453125
0 0.38359375 0.1078125 0.05078125 0.0484375
0 0.015625 0.30625 0.03125 0.040625
0 0.69609375 0.4625 0.103125 0.10546875
0 0.76875 0.08828125 0.10546875 0.10546875
0 0.7359375 0.053125 0.1875 0.10625
0 0.86484375 0.015625 0.1203125 0.03125
0 0.95390625 0.0328125 0.0921875 0.065625
0 0.8 0.4671875 0.4 0.184375
0 0.7765625 0.30390625 0.12734375 0.125
0 0.63203125 0.265625 0.0640625 0.09375
0 0.540625 0.6828125 0.11875 0.246875
0 0.4015625 0.93125 0.1109375 0.0890625
0 0.54765625 0.77734375 0.06015625 0.0578125
0 0.3703125 0.60390625 0.071875 0.06484375
0 0.8328125 0.69921875 0.18984375 0.1921875
0 0.88125 0.88125 0.2375 0.2375
0 0.64296875 0.71796875 0.0859375 0.1390625
0 0.68984375 0.584375 0.1203125 0.05
0 0.76796875 0.62890625 0.1546875 0.1390625
0 0.96015625 0.7046875 0.0796875 0.103125