0 0.29296875 0.20078125 0.0578125 0.06484375
0 0.34296875 0.2515625 0.12265625 0.1203125
0 0.34296875 0.41640625 0.0578125 0.06484375
0 0.3890625 0.4578125 0.084375 0.0796875
0 0.4453125 0.52109375 0.06875 0.0828125
0 0.06953125 0.35703125 0.053125 0.06015625
0 0.06796875 0.6015625 0.0796875 0.05625
0 0.1390625 0.5984375 0.05625 0.0625
0 0.29140625 0.35390625 0.05078125 0.053125
0 0.35 0.01640625 0.0375 0.0328125
0 0.26484375 0.0640625 0.04296875 0.04296875
0 0.846875 0.3609375 0.30625 0.321875
0 0.7765625 0.4890625 0.10546875 0.10078125
0 0.78984375 0.0609375 0.1140625 0.121875
0 0.74609375 0.040625 0.06953125 0.0796875
0 0.921875 0.10546875 0.0625 0.06484375
0 0.9671875 0.15234375 0.065625 0.0859375
0 0.5234375 0.025 0.053125 0.05
0 0.52421875 0.0640625 0.08671875 0.0890625
0 0.490625 0.11875 0.021875 0.0625
0 0.49296875 0.07109375 0.0265625 0.0796875
0 0.5296875 0.41796875 0.1 0.1359375
0 0.84765625 0.60546875 0.0703125 0.0484375
0 0.89296875 0.60625 0.0578125 0.046875
0 0.79453125 0.19765625 0.09140625 0.08203125
0 0.04375 0.815625 0.0875 0.11875
0 0.0640625 0.7359375 0.09375 0.06015625
0 0.14453125 0.67890625 0.0890625 0.0984375
0 0.14609375 0.9515625 0.071875 0.0671875
0 0.6921875 0.87421875 0.10546875 0.10546875
0 0.7703125 0.83203125 0.21171875 0.209375
0 0.5890625 0.7421875 0.1203125 0.1203125
0 0.50625 0.8125 0.053125 0.1078125
0 0.91640625 0.71328125 0.1671875 0.1671875