0 0.55703125 0.1390625 0.0765625 0.0765625
0 0.05703125 0.07265625 0.07421875 0.0796875
0 0.315625 0.03828125 0.103125 0.0765625
0 0.46953125 0.0328125 0.0703125 0.065625
0 0.7390625 0.1203125 0.1109375 0.115625
0 0.95234375 0.190625 0.0953125 0.0375
0 0.9484375 0.11484375 0.071875 0.0765625
0 0.84609375 0.11875 0.09375 0.115625
0 0.83359375 0.034375 0.1046875 0.06875
0 0.5484375 0.8328125 0.11796875 0.1296875
0 0.38984375 0.77421875 0.115625 0.09140625
0 0.36953125 0.6625 0.103125 0.09140625
0 0.1625 0.571875 0.325 0.353125
0 0.0390625 0.45234375 0.078125 0.0859375
0 0.11328125 0.32578125 0.06953125 0.0671875
0 0.11953125 0.24375 0.0671875 0.0671875
0 0.6015625 0.43359375 0.05625 0.1015625
0 0.496875 0.2625 0.0625 0.05546875
0 0.7046875 0.4109375 0.1296875 0.1203125
0 0.80078125 0.3609375 0.09609375 0.09140625
0 0.70234375 0.2375 0.07421875 0.05546875
0 0.84609375 0.88984375 0.0578125 0.06015625
0 0.87890625 0.7828125 0.08671875 0.071875
0 0.759375 0.67109375 0.06015625 0.0625
0 0.95 0.34296875 0.071875 0.06484375