0 0.146875 0.42265625 0.07421875 0.08671875
0 0.0171875 0.32890625 0.034375 0.0859375
0 0.27421875 0.05859375 0.06484375 0.071875
0 0.49921875 0.3625 0.07421875 0.06484375
0 0.35703125 0.3609375 0.06953125 0.06953125
0 0.278125 0.31328125 0.08671875 0.08203125
0 0.28515625 0.44765625 0.0953125 0.0828125
0 0.36953125 0.471875 0.1078125 0.034375
0 0.4453125 0.24375 0.0625 0.06484375
0 0.04921875 0.03203125 0.0890625 0.0640625
0 0.90625 0.25 0.1875 0.2875
0 0.86328125 0.3546875 0.0796875 0.08203125
0 0.78515625 0.4125 0.08203125 0.08203125
0 0.64296875 0.378125 0.1078125 0.125
0 0.68515625 0.28515625 0.06953125 0.0796875
0 0.640625 0.08984375 0.103125 0.0640625
0 0.83203125 0.05078125 0.06953125 0.06015625
0 0.94140625 0.41640625 0.09140625 0.1109375
0 0.67265625 0.46015625 0.0640625 0.0578125
0 0.74765625 0.47109375 0.0578125 0.0359375
0 0.80546875 0.2421875 0.05546875 0.0578125
0 0.2125 0.5140625 0.075 0.05
0 0.2953125 0.6109375 0.0671875 0.0890625
0 0.134375 0.62265625 0.06484375 0.06484375
0 0.11875 0.8859375 0.06953125 0.10546875
0 0.1125 0.71796875 0.0765625 0.09140625
0 0.52265625 0.7828125 0.1328125 0.1875
0 0.31953125 0.9546875 0.05546875 0.06015625
0 0.2171875 0.978125 0.103125 0.04375
0 0.05390625 0.9828125 0.0578125 0.034375
0 0.85390625 0.92578125 0.115625 0.115625
0 0.61640625 0.81171875 0.0546875 0.1078125