0 0.3609375 0.0703125 0.096875 0.140625
0 0.32734375 0.03984375 0.1546875 0.0796875
0 0.3828125 0.228125 0.053125 0.134375
0 0.36171875 0.21875 0.0953125 0.1
0 0.1109375 0.25078125 0.12265625 0.12265625
0 0.03125 0.21015625 0.0625 0.1984375
0 0.0375 0.05703125 0.075 0.1140625
0 0.18203125 0.02421875 0.0828125 0.0484375
0 0.2125 0.1390625 0.084375 0.08671875
0 0.865625 0.296875 0.0796875 0.06953125
0 0.59453125 0.2453125 0.09375 0.08671875
0 0.4703125 0.184375 0.0796875 0.0796875
0 0.46484375 0.09609375 0.0578125 0.0453125
0 0.37890625 0.80859375 0.06015625 0.06953125
0 0.321875 0.8109375 0.08203125 0.0890625
0 0.17578125 0.65234375 0.0890625 0.08203125
0 0.0234375 0.75625 0.046875 0.0625
0 0.009375 0.6265625 0.01875 0.053125
0 0.02734375 0.85390625 0.0546875 0.0765625
0 0.11484375 0.85 0.07421875 0.0671875
0 0.08984375 0.89296875 0.04296875 0.053125
0 0.02421875 0.9484375 0.0484375 0.071875
0 0.3828125 0.88203125 0.04296875 0.0453125
0 0.16171875 0.975 0.0921875 0.05
0 0.93046875 0.775 0.1390625 0.259375
0 0.82421875 0.659375 0.146875 0.146875
0 0.85 0.5765625 0.10078125 0.103125
0 0.9109375 0.52265625 0.13203125 0.14453125
0 0.478125 0.65078125 0.1375 0.1453125
0 0.5953125 0.40859375 0.146875 0.0984375
0 0.55234375 0.3703125 0.1890625 0.021875
0 0.48671875 0.4421875 0.08671875 0.0890625
0 0.4375 0.37265625 0.05625 0.0265625
0 0.696875 0.7234375 0.1390625 0.1390625
0 0.746875 0.959375 0.096875 0.08125
0 0.703125 0.83984375 0.103125 0.10546875
0 0.7515625 0.40703125 0.084375 0.08671875
0 0.71328125 0.375 0.0890625 0.03125
0 0.6625 0.98046875 0.1625 0.0390625
0 0.49140625 0.56015625 0.071875 0.071875
0 0.6765625 0.4671875 0.0765625 0.0796875