0 0.60546875 0.47578125 0.0890625 0.0796875
0 0.5546875 0.4484375 0.0484375 0.053125
0 0.18515625 0.4890625 0.1859375 0.059375
0 0.14375 0.50390625 0.053125 0.0296875
0 0.1015625 0.35078125 0.06953125 0.07421875
0 0.03671875 0.346875 0.06015625 0.0578125
0 0.03046875 0.07265625 0.0609375 0.1109375
0 0.18125 0.2296875 0.21171875 0.1921875
0 0.33984375 0.1203125 0.12734375 0.11328125
0 0.36484375 0.04375 0.1109375 0.0875
0 0.10234375 0.015625 0.0515625 0.03125
0 0.440625 0.25 0.08203125 0.09375
0 0.478125 0.20625 0.06484375 0.06484375
0 0.6765625 0.4015625 0.046875 0.23125
0 0.67578125 0.24296875 0.0484375 0.0734375
0 0.665625 0.078125 0.06875 0.06875
0 0.534375 0.06484375 0.053125 0.0578125
0 0.33203125 0.3890625 0.0796875 0.1109375
0 0.446875 0.45859375 0.05546875 0.0578125
0 0.9671875 0.165625 0.065625 0.146875
0 0.97890625 0.09453125 0.0421875 0.0671875
0 0.78203125 0.30234375 0.07421875 0.05546875
0 0.78671875 0.25625 0.0796875 0.0671875
0 0.71953125 0.04375 0.0390625 0.0625
0 0.90703125 0.41015625 0.05546875 0.053125
0 0.83125 0.49296875 0.0625 0.0515625
0 0.0328125 0.9203125 0.065625 0.115625
0 0.07109375 0.97578125 0.1421875 0.0484375
0 0.63671875 0.95390625 0.1203125 0.0921875
0 0.39609375 0.58515625 0.1921875 0.1328125
0 0.29609375 0.553125 0.0796875 0.06875
0 0.25 0.6203125 0.0984375 0.09609375
0 0.64765625 0.7609375 0.1046875 0.33125
0 0.5609375 0.73046875 0.10078125 0.103125
0 0.04765625 0.540625 0.0953125 0.04375
0 0.11640625 0.6703125 0.08203125 0.08203125
0 0.1296875 0.75625 0.08203125 0.08203125
0 0.7671875 0.940625 0.06015625 0.0578125
0 0.71484375 0.97578125 0.0296875 0.0453125
0 0.75078125 0.8125 0.06015625 0.0625
0 0.82578125 0.53671875 0.0640625 0.0359375
0 0.89296875 0.5375 0.0609375 0.0375
0 0.93828125 0.58515625 0.071875 0.0625
0 0.99609375 0.67734375 0.0078125 0.0359375
0 0.97890625 0.87265625 0.0421875 0.1109375
0 0.92265625 0.828125 0.053125 0.0578125
0 0.8828125 0.8328125 0.04296875 0.0359375