0 0.24375 0.03203125 0.115625 0.0640625
0 0.37265625 0.0828125 0.0453125 0.0625
0 0.478125 0.06484375 0.053125 0.0578125
0 0.27265625 0.45 0.13203125 0.1703125
0 0.878125 0.521875 0.165625 0.134375
0 0.903125 0.36640625 0.16328125 0.1421875
0 0.8890625 0.0609375 0.1875 0.121875
0 0.596875 0.56484375 0.09375 0.0484375
0 0.7046875 0.3671875 0.1875 0.18984375
0 0.32421875 0.60625 0.1109375 0.034375
0 0.48203125 0.9515625 0.1140625 0.096875
0 0.425 0.95703125 0.11875 0.0859375
0 0.3 0.76015625 0.09609375 0.1109375
0 0.2234375 0.62734375 0.115625 0.0765625
0 0.025 0.6390625 0.05 0.090625
0 0.56953125 0.7921875 0.0609375 0.15
0 0.70078125 0.98515625 0.0953125 0.0296875
0 0.8 0.72421875 0.09375 0.09609375
0 0.771875 0.85546875 0.0984375 0.09375
0 0.60234375 0.9265625 0.06484375 0.06953125
0 0.61484375 0.81328125 0.06484375 0.06484375