0 0.3828125 0.484375 0.22109375 0.2453125
0 0.478125 0.39921875 0.04375 0.0703125
0 0.13046875 0.50234375 0.08203125 0.09609375
0 0.0578125 0.596875 0.0671875 0.0671875
0 0.01796875 0.56953125 0.0359375 0.1203125
0 0.15546875 0.109375 0.2765625 0.21875
0 0.2984375 0.17421875 0.06015625 0.06953125
0 0.34765625 0.21640625 0.08671875 0.0890625
0 0.3390625 0.3015625 0.06484375 0.0578125
0 0.42734375 0.3234375 0.071875 0.0984375
0 0.39375 0.05625 0.115625 0.1125
0 0.4390625 0.2171875 0.03359375 0.0578125
0 0.47734375 0.22109375 0.0453125 0.0578125
0 0.19765625 0.35546875 0.0484375 0.0578125
0 0.12890625 0.3484375 0.05546875 0.05078125
0 0.25625 0.56328125 0.06953125 0.0796875
0 0.83671875 0.6078125 0.2171875 0.103125
0 0.80546875 0.56796875 0.0671875 0.0796875
0 0.60625 0.49296875 0.2125 0.2921875
0 0.5359375 0.35625 0.071875 0.09375
0 0.6875 0.2578125 0.06484375 0.0625
0 0.859375 0.18671875 0.146875 0.1296875
0 0.9765625 0.19296875 0.046875 0.0953125
0 0.9734375 0.4828125 0.053125 0.103125
0 0.75 0.05859375 0.0796875 0.0765625
0 0.44921875 0.88046875 0.1015625 0.1328125
0 0.171875 0.83046875 0.321875 0.321875
0 0.0734375 0.9890625 0.1 0.021875
0 0.39296875 0.759375 0.103125 0.10078125
0 0.328125 0.75859375 0.05546875 0.06015625
0 0.63515625 0.7921875 0.2703125 0.265625
0 0.89765625 0.94921875 0.08203125 0.0765625
0 0.81328125 0.93671875 0.1734375 0.1265625
0 0.71640625 0.74609375 0.1078125 0.10546875
0 0.7921875 0.671875 0.075 0.025
0 0.66484375 0.90703125 0.08203125 0.0796875