0 0.2828125 0.2515625 0.259375 0.28828125
0 0.1578125 0.1546875 0.0765625 0.08203125
0 0.053125 0.10859375 0.08203125 0.0796875
0 0.53671875 0.4671875 0.0703125 0.025
0 0.5796875 0.2734375 0.09609375 0.11328125
0 0.646875 0.38515625 0.04375 0.0796875
0 0.334375 0.0390625 0.0765625 0.0671875
0 0.23046875 0.06328125 0.084375 0.115625
0 0.009375 0.034375 0.01875 0.065625
0 0.5 0.1015625 0.05546875 0.06953125
0 0.58046875 0.09453125 0.06484375 0.0578125
0 0.12109375 0.2984375 0.053125 0.05546875
0 0.43046875 0.3453125 0.08203125 0.09140625
0 0.8765625 0.3125 0.246875 0.334375
0 0.8 0.07109375 0.153125 0.1421875
0 0.7390625 0.196875 0.140625 0.346875
0 0.73046875 0.425 0.1234375 0.109375
0 0.975 0.13984375 0.05 0.0859375
0 0.9296875 0.07734375 0.10078125 0.10078125
0 0.8671875 0.2265625 0.06484375 0.06484375
0 0.5421875 0.65625 0.0625 0.0765625
0 0.45390625 0.6234375 0.0796875 0.0984375
0 0.13359375 0.70625 0.2328125 0.2328125
0 0.56484375 0.85234375 0.084375 0.0890625
0 0.5046875 0.759375 0.06015625 0.0765625
0 0.71640625 0.7171875 0.0953125 0.159375
0 0.89375 0.740625 0.15390625 0.16796875
0 0.9875 0.728125 0.025 0.065625
0 0.990625 0.6734375 0.01875 0.0625
0 0.946875 0.5796875 0.06953125 0.0671875