0 0.015625 0.3984375 0.03125 0.06875
0 0.090625 0.090625 0.06015625 0.084375
0 0.10234375 0.203125 0.084375 0.09375
0 0.29296875 0.22421875 0.0265625 0.0859375
0 0.94609375 0.2171875 0.1078125 0.228125
0 0.75390625 0.1890625 0.09375 0.08671875
0 0.55703125 0.32578125 0.053125 0.05078125
0 0.24921875 0.615625 0.0609375 0.071875
0 0.16796875 0.603125 0.06015625 0.0671875
0 0.26484375 0.9734375 0.0296875 0.053125
0 0.00625 0.9703125 0.0125 0.05625
0 0.18359375 0.88125 0.03828125 0.04296875
0 0.24765625 0.878125 0.0453125 0.0484375
0 0.24765625 0.8234375 0.05078125 0.053125
0 0.165625 0.85546875 0.05546875 0.0578125
0 0.178125 0.79296875 0.0453125 0.0484375
0 0.021875 0.72421875 0.04375 0.0515625
0 0.0515625 0.6 0.05078125 0.05078125
0 0.92109375 0.88125 0.1578125 0.2375
0 0.9296875 0.69140625 0.140625 0.2265625
0 0.6390625 0.50234375 0.125 0.0671875
0 0.51328125 0.603125 0.10078125 0.1078125
0 0.37109375 0.89296875 0.1828125 0.2140625
0 0.63125 0.79609375 0.3265625 0.34609375
0 0.3859375 0.58828125 0.1515625 0.1828125
0 0.309375 0.5734375 0.059375 0.1875