0 0.04609375 0.43046875 0.0921875 0.0671875
0 0.165625 0.38203125 0.09375 0.084375
0 0.159375 0.325 0.0453125 0.03828125
0 0.2765625 0.04296875 0.1 0.0859375
0 0.509375 0.2859375 0.06953125 0.0671875
0 0.4375 0.26875 0.0625 0.05078125
0 0.5828125 0.1546875 0.0671875 0.0671875
0 0.6171875 0.059375 0.04375 0.084375
0 0.55625 0.47109375 0.0890625 0.1109375
0 0.41171875 0.36171875 0.05546875 0.06015625
0 0.91015625 0.05 0.0890625 0.1
0 0.8359375 0.5140625 0.06484375 0.06015625
0 0.73515625 0.52734375 0.0609375 0.0453125
0 0.73359375 0.4859375 0.0578125 0.06484375
0 0.82265625 0.3515625 0.0796875 0.09609375
0 0.88125 0.30703125 0.07421875 0.0765625
0 0.8125 0.225 0.084375 0.06953125
0 0.8453125 0.13125 0.0578125 0.06953125
0 0.70078125 0.04609375 0.06484375 0.0796875
0 0.6828125 0.1328125 0.07421875 0.071875
0 0.67734375 0.2375 0.0765625 0.10625
0 0.978125 0.1640625 0.04375 0.0625
0 0.74296875 0.23125 0.05078125 0.0578125
0 0.10703125 0.86171875 0.2140625 0.2765625
0 0.015625 0.6203125 0.03125 0.096875
0 0.39765625 0.55859375 0.0578125 0.0171875
0 0.5875 0.61875 0.103125 0.1375
0 0.53125 0.7125 0.06484375 0.06484375
0 0.58671875 0.96796875 0.0609375 0.0640625
0 0.33515625 0.82265625 0.053125 0.071875
0 0.31328125 0.7203125 0.07421875 0.0796875
0 0.903125 0.82578125 0.06015625 0.05546875
0 0.76953125 0.80546875 0.11796875 0.11796875