0 0.16015625 0.365625 0.09609375 0.0671875
0 0.28125 0.31640625 0.09375 0.084375
0 0.275 0.259375 0.0453125 0.03828125
0 0.553125 0.203125 0.0625 0.05078125
0 0.52734375 0.29609375 0.05546875 0.06015625
0 0.9859375 0.0953125 0.028125 0.071875
0 0.74765625 0.5125 0.0828125 0.075
0 0.98359375 0.44921875 0.0328125 0.0484375
0 0.67421875 0.37265625 0.053125 0.0625
0 0.9578125 0.359375 0.02890625 0.0359375
0 0.92578125 0.32578125 0.03359375 0.04296875
0 0.7484375 0.3796875 0.03828125 0.0484375
0 0.765625 0.17421875 0.0484375 0.0453125
0 0.89453125 0.0625 0.04296875 0.0578125
0 0.8484375 0.1203125 0.03359375 0.0359375
0 0.546875 0.60859375 0.084375 0.0953125
0 0.51328125 0.5609375 0.0921875 0.021875
0 0.225 0.659375 0.0984375 0.09609375
0 0.3203125 0.90390625 0.5375 0.1921875
0 0.64375 0.8859375 0.109375 0.14375