0 0.88203125 0.078125 0.1765625 0.15625
0 0.67734375 0.1234375 0.1171875 0.090625
0 0.809375 0.0859375 0.38125 0.165625
0 0.06171875 0.36328125 0.09140625 0.0984375
0 0.4296875 0.5953125 0.09375 0.10078125
0 0.5734375 0.89375 0.090625 0.125
0 0.1625 0.8703125 0.22578125 0.22109375
0 0.0890625 0.74453125 0.178125 0.2390625
0 0.24921875 0.42109375 0.1078125 0.115625
0 0.16875 0.27578125 0.07421875 0.0765625
0 0.18671875 0.20078125 0.1109375 0.0640625
0 0.06796875 0.22890625 0.08203125 0.09140625
0 0.41953125 0.40859375 0.2015625 0.23046875
0 0.5390625 0.27734375 0.159375 0.2171875
0 0.553125 0.48828125 0.0890625 0.09140625
0 0.425 0.746875 0.07421875 0.0765625
0 0.44921875 0.88046875 0.2796875 0.2390625
0 0.54765625 0.7015625 0.1421875 0.4
0 0.9296875 0.7 0.140625 0.309375
0 0.80390625 0.2609375 0.0625 0.071875
0 0.74921875 0.28125 0.08671875 0.09140625
0 0.67734375 0.484375 0.09140625 0.08671875
0 0.76171875 0.9328125 0.06484375 0.0625
0 0.71015625 0.896875 0.0453125 0.0484375
0 0.8328125 0.18984375 0.053125 0.0421875
0 0.778125 0.19296875 0.0453125 0.0453125