0 0.24453125 0.20390625 0.1296875 0.0703125
0 0.10234375 0.1015625 0.09609375 0.11328125
0 0.66484375 0.19453125 0.1421875 0.0890625
0 0.5125 0.209375 0.0625 0.059375
0 0.44609375 0.184375 0.0625 0.06484375
0 0.9875 0.2078125 0.025 0.0625
0 0.03359375 0.89453125 0.0671875 0.2109375
0 0.2078125 0.69296875 0.27890625 0.30546875
0 0.0234375 0.44921875 0.046875 0.2359375
0 0.33046875 0.93359375 0.0390625 0.1328125
0 0.26796875 0.4453125 0.06015625 0.084375
0 0.31953125 0.42421875 0.0609375 0.0640625
0 0.18828125 0.33984375 0.040625 0.05078125
0 0.04609375 0.27109375 0.0703125 0.0640625
0 0.25078125 0.27265625 0.04296875 0.05546875
0 0.88515625 0.74140625 0.2296875 0.2296875
0 0.9609375 0.9203125 0.078125 0.159375
0 0.85859375 0.9796875 0.0796875 0.040625
0 0.74375 0.76875 0.0765625 0.08203125
0 0.44296875 0.69140625 0.0765625 0.0578125
0 0.52109375 0.8546875 0.10078125 0.09609375
0 0.94140625 0.26015625 0.1171875 0.0421875
0 0.38203125 0.40390625 0.0640625 0.0890625
0 0.78125 0.26015625 0.065625 0.0421875
0 0.5546875 0.49765625 0.06953125 0.06953125
0 0.596875 0.3546875 0.23828125 0.1875
0 0.50546875 0.253125 0.0578125 0.028125
0 0.73515625 0.2921875 0.040625 0.0359375
0 0.7328125 0.325 0.0359375 0.0359375
0 0.80859375 0.5125 0.05546875 0.05078125
0 0.85078125 0.51875 0.03359375 0.0359375
0 0.375 0.85625 0.05 0.0625
0 0.51796875 0.64921875 0.0359375 0.040625
0 0.634375 0.62265625 0.04296875 0.0359375
0 0.365625 0.4765625 0.03125 0.040625