0 0.015625 0.11015625 0.03125 0.1203125
0 0.121875 0.33046875 0.146875 0.0984375
0 0.12265625 0.084375 0.05546875 0.0578125
0 0.52890625 0.065625 0.09140625 0.09375
0 0.8046875 0.240625 0.084375 0.071875
0 0.8671875 0.3 0.0984375 0.1078125
0 0.6046875 0.23203125 0.178125 0.1875
0 0.49765625 0.346875 0.0984375 0.065625
0 0.44453125 0.25625 0.0703125 0.103125
0 0.41484375 0.0859375 0.0109375 0.053125
0 0.02890625 0.834375 0.0578125 0.08125
0 0.39921875 0.9390625 0.0203125 0.075
0 0.3421875 0.73359375 0.09140625 0.0984375
0 0.475 0.45625 0.08671875 0.115625
0 0.9578125 0.6390625 0.084375 0.134375
0 0.725 0.75390625 0.0890625 0.08203125
0 0.41796875 0.5625 0.0171875 0.065625