0 0.09296875 0.09765625 0.16328125 0.15390625
0 0.471875 0.121875 0.125 0.125
0 0.09453125 0.38515625 0.06015625 0.06015625
0 0.8546875 0.29140625 0.071875 0.0796875
0 0.34609375 0.5109375 0.1078125 0.103125
0 0.49765625 0.515625 0.1046875 0.1125
0 0.165625 0.66484375 0.14453125 0.1109375
0 0.09609375 0.7359375 0.08203125 0.103125
0 0.12734375 0.79921875 0.0625 0.0671875
0 0.23515625 0.78828125 0.0890625 0.0625
0 0.16484375 0.85078125 0.05078125 0.05546875
0 0.2171875 0.9125 0.08671875 0.0984375
0 0.10703125 0.8953125 0.07421875 0.0578125
0 0.03125 0.84765625 0.0625 0.0578125
0 0.6296875 0.54609375 0.159375 0.1734375
0 0.9296875 0.92578125 0.140625 0.1484375
0 0.9640625 0.79140625 0.071875 0.0890625
0 0.89375 0.64609375 0.103125 0.1078125
0 0.7578125 0.7 0.07421875 0.06953125
0 0.7546875 0.83671875 0.0625 0.0625