0 0.03125 0.4234375 0.0625 0.0125
0 0.02421875 0.3796875 0.0484375 0.04375
0 0.146875 0.0296875 0.071875 0.059375
0 0.43125 0.14375 0.115625 0.2875
0 0.0171875 0.21796875 0.034375 0.0921875
0 0.01953125 0.04375 0.0390625 0.06875
0 0.825 0.040625 0.09375 0.08125
0 0.765625 0.1015625 0.084375 0.084375
0 0.5921875 0.3765625 0.06953125 0.06953125
0 0.51328125 0.40703125 0.0484375 0.0453125
0 0.09140625 0.91328125 0.1828125 0.1734375
0 0.38359375 0.946875 0.2109375 0.10625
0 0.40078125 0.6296875 0.15859375 0.146875
0 0.22890625 0.684375 0.11328125 0.11796875
0 0.0296875 0.759375 0.059375 0.075
0 0.31171875 0.5046875 0.0578125 0.06953125
0 0.35625 0.46015625 0.05546875 0.0578125
0 0.4671875 0.4515625 0.04375 0.04375
0 0.87109375 0.54140625 0.2578125 0.2234375
0 0.55234375 0.51171875 0.1265625 0.1640625
0 0.61015625 0.59375 0.2140625 0.2140625
0 0.5390625 0.6390625 0.1 0.121875
0 0.734375 0.47421875 0.15 0.0890625
0 0.7171875 0.73828125 0.13671875 0.13671875
0 0.55234375 0.90390625 0.1265625 0.1390625
0 0.765625 0.87890625 0.06953125 0.06953125
0 0.98359375 0.84140625 0.0328125 0.1109375
0 0.6828125 0.959375 0.08125 0.08125
0 0.88125 0.96171875 0.084375 0.0765625