0 0.27734375 0.10234375 0.07421875 0.071875
0 0.2890625 0.16484375 0.06015625 0.05546875
0 0.16640625 0.20234375 0.06953125 0.071875
0 0.08515625 0.225 0.06015625 0.05546875
0 0.015625 0.25390625 0.03125 0.0546875
0 0.17890625 0.2859375 0.0453125 0.0453125
0 0.1734375 0.36953125 0.1203125 0.12265625
0 0.0078125 0.30390625 0.015625 0.0515625
0 0.51015625 0.45546875 0.08671875 0.0890625
0 0.29765625 0.32734375 0.134375 0.1203125
0 0.61171875 0.49140625 0.0359375 0.0734375
0 0.2828125 0.43671875 0.12265625 0.115625
0 0.1375 0.04375 0.0671875 0.05546875
0 0.021875 0.465625 0.04375 0.06875
0 0.38203125 0.47890625 0.07421875 0.08203125
0 0.40234375 0.54296875 0.0453125 0.0140625
0 0.89921875 0.01484375 0.0578125 0.0296875
0 0.50234375 0.6515625 0.18515625 0.1828125
0 0.30234375 0.6265625 0.1578125 0.153125
0 0.08203125 0.69140625 0.134375 0.134375
0 0.1984375 0.8703125 0.0578125 0.0578125
0 0.10625 0.7765625 0.0765625 0.07421875
0 0.19765625 0.66484375 0.06953125 0.06953125
0 0.49453125 0.8296875 0.0578125 0.0578125
0 0.2265625 0.98125 0.053125 0.0375
0 0.1734375 0.55625 0.053125 0.0125
0 0.01328125 0.65078125 0.0265625 0.0421875
0 0.01171875 0.74921875 0.0234375 0.0578125
0 0.728125 0.925 0.196875 0.15
0 0.66328125 0.828125 0.0671875 0.0625
0 0.8609375 0.690625 0.071875 0.06015625
0 0.84296875 0.74375 0.0671875 0.0578125
0 0.68125 0.75859375 0.06484375 0.071875
0 0.72890625 0.740625 0.0578125 0.06015625
0 0.77734375 0.5921875 0.0625 0.084375
0 0.72421875 0.59453125 0.0625 0.06953125