0 0.40859375 0.0796875 0.08203125 0.0796875
0 0.67421875 0.30078125 0.0515625 0.0359375
0 0.53359375 0.159375 0.0671875 0.0671875
0 0.3125 0.27109375 0.0796875 0.071875
0 0.446875 0.27109375 0.0484375 0.03828125
0 0.4890625 0.27421875 0.03125 0.05078125
0 0.59453125 0.2453125 0.0359375 0.03359375
0 0.040625 0.23125 0.05078125 0.053125
0 0.15234375 0.0140625 0.1234375 0.028125
0 0.25078125 0.0578125 0.06953125 0.07421875
0 0.24375 0.153125 0.04296875 0.0453125
0 0.2203125 0.29609375 0.071875 0.0453125
0 0.95 0.0890625 0.1 0.1125
0 0.78125 0.0625 0.0984375 0.0984375
0 0.76015625 0.29140625 0.1203125 0.0546875
0 0.9203125 0.2796875 0.090625 0.078125
0 0.96796875 0.30703125 0.0640625 0.0234375
0 0.63046875 0.82265625 0.125 0.125
0 0.66640625 0.81484375 0.0671875 0.1546875
0 0.58984375 0.73125 0.09140625 0.09140625
0 0.56796875 0.91171875 0.11328125 0.11328125
0 0.665625 0.590625 0.06875 0.084375
0 0.6609375 0.49140625 0.078125 0.0828125
0 0.29765625 0.36328125 0.1390625 0.0890625
0 0.415625 0.36640625 0.1375 0.0953125
0 0.59609375 0.37421875 0.1578125 0.1109375
0 0.8796875 0.62421875 0.09140625 0.1203125
0 0.71875 0.9796875 0.0375 0.040625
0 0.73984375 0.3859375 0.0765625 0.07421875
0 0.75 0.3328125 0.075 0.028125
0 0.9390625 0.88984375 0.06953125 0.0671875