0 0.19609375 0.3515625 0.3921875 0.234375
0 0.05390625 0.1765625 0.1078125 0.215625
0 0.525 0.11484375 0.06875 0.1421875
0 0.5203125 0.228125 0.078125 0.178125
0 0.3625 0.2375 0.13671875 0.12265625
0 0.16640625 0.1390625 0.06015625 0.0671875
0 0.68046875 0.05234375 0.04296875 0.05546875
0 0.88125 0.19453125 0.14453125 0.1515625
0 0.5984375 0.38828125 0.078125 0.0953125
0 0.78515625 0.4578125 0.0390625 0.021875
0 0.98203125 0.009375 0.0359375 0.01875
0 0.54375 0.98515625 0.03125 0.0296875
0 0.31328125 0.99140625 0.0484375 0.0171875
0 0.3078125 0.925 0.12734375 0.12734375
0 0.5 0.9671875 0.05546875 0.053125
0 0.5546875 0.865625 0.009375 0.05
0 0.18984375 0.95859375 0.1390625 0.0828125
0 0.4875 0.6171875 0.0796875 0.0890625
0 0.01796875 0.51328125 0.0359375 0.0890625
0 0.03359375 0.484375 0.0609375 0.03125
0 0.28046875 0.71953125 0.0578125 0.06015625
0 0.27109375 0.64609375 0.07421875 0.0671875
0 0.17734375 0.62578125 0.0578125 0.06015625
0 0.16484375 0.50078125 0.0578125 0.05546875
0 0.19296875 0.87109375 0.12734375 0.12265625
0 0.2625 0.5796875 0.06015625 0.06015625
0 0.459375 0.809375 0.071875 0.07421875
0 0.4234375 0.60625 0.0453125 0.04296875
0 0.0890625 0.8421875 0.0796875 0.084375
0 0.0578125 0.76171875 0.0484375 0.053125
0 0.0265625 0.62734375 0.053125 0.0765625
0 0.96015625 0.6546875 0.0796875 0.096875
0 0.95234375 0.590625 0.0671875 0.06484375
0 0.90546875 0.6328125 0.071875 0.0671875
0 0.709375 0.65546875 0.09609375 0.09375