0 0.321875 0.23515625 0.44921875 0.446875
0 0.403125 0.040625 0.25 0.08125
0 0.54375 0.24921875 0.13125 0.1484375
0 0.02578125 0.30703125 0.0515625 0.0859375
0 0.52265625 0.05 0.071875 0.07421875
0 0.675 0.26328125 0.13125 0.2203125
0 0.8796875 0.4078125 0.1421875 0.13671875
0 0.88671875 0.17734375 0.0578125 0.0578125
0 0.1234375 0.66015625 0.10078125 0.12265625
0 0.20390625 0.76875 0.08203125 0.07421875
0 0.3390625 0.8828125 0.103125 0.1421875
0 0.3953125 0.96796875 0.1125 0.0640625
0 0.45859375 0.80078125 0.06953125 0.071875
0 0.57734375 0.721875 0.0640625 0.0875
0 0.315625 0.503125 0.0625 0.00625
0 0.209375 0.51171875 0.0875 0.0234375
0 0.01953125 0.7359375 0.0390625 0.053125
0 0.97578125 0.98125 0.0484375 0.0375
0 0.7890625 0.903125 0.06015625 0.0484375
0 0.69921875 0.521875 0.0859375 0.04375