0 0.30234375 0.34296875 0.4484375 0.4140625
0 0.6015625 0.19609375 0.096875 0.2140625
0 0.53515625 0.3453125 0.14921875 0.14921875
0 0.55234375 0.06015625 0.1359375 0.1203125
0 0.01640625 0.28671875 0.0328125 0.0859375
0 0.503125 0.52890625 0.071875 0.0421875
0 0.915625 0.02734375 0.16875 0.0546875
0 0.81484375 0.1390625 0.146875 0.12734375
0 0.93046875 0.47421875 0.11328125 0.1203125
0 0.98203125 0.3921875 0.0359375 0.071875
0 0.93046875 0.3109375 0.0796875 0.07421875
0 0.9734375 0.18828125 0.053125 0.0765625
0 0.7390625 0.2109375 0.040625 0.05078125
0 0.6578125 0.40546875 0.015625 0.0515625
0 0.72109375 0.065625 0.0625 0.0578125
0 0.5625 0.58046875 0.0625 0.0609375
0 0.5609375 0.69375 0.08671875 0.08203125
0 0.64296875 0.7765625 0.0140625 0.059375
0 0.8453125 0.6390625 0.07421875 0.053125
0 0.8234375 0.5625 0.103125 0.025
0 0.8578125 0.97265625 0.084375 0.0546875
0 0.884375 0.77734375 0.053125 0.04296875