0 0.0921875 0.14296875 0.184375 0.2859375
0 0.40078125 0.03984375 0.1609375 0.0796875
0 0.4953125 0.01328125 0.08125 0.0265625
0 0.19921875 0.01328125 0.1140625 0.0265625
0 0.4203125 0.18828125 0.1078125 0.09375
0 0.634375 0.19609375 0.03125 0.1046875
0 0.4828125 0.33125 0.04296875 0.06015625
0 0.25703125 0.48671875 0.09140625 0.07421875
0 0.18359375 0.56640625 0.1140625 0.0453125
0 0.60390625 0.3375 0.0625 0.0625
0 0.45390625 0.4828125 0.06484375 0.06015625
0 0.49453125 0.53359375 0.0625 0.06484375
0 0.8859375 0.484375 0.1734375 0.17578125
0 0.81953125 0.4234375 0.0671875 0.0578125
0 0.67734375 0.26171875 0.0546875 0.0640625
0 0.665625 0.19921875 0.03125 0.0609375
0 0.73203125 0.15859375 0.08203125 0.09375
0 0.6984375 0.4484375 0.0359375 0.0359375
0 0.3515625 0.93125 0.09609375 0.09609375
0 0.1890625 0.74375 0.11328125 0.11328125
0 0.14140625 0.65859375 0.11796875 0.11796875
0 0.32265625 0.625 0.1078125 0.071875
0 0.0609375 0.840625 0.10078125 0.10078125
0 0.6359375 0.81875 0.028125 0.084375
0 0.625 0.740625 0.05 0.0875
0 0.56796875 0.65859375 0.1109375 0.1109375
0 0.8640625 0.740625 0.271875 0.303125
0 0.9890625 0.94609375 0.021875 0.1078125
0 0.70703125 0.74765625 0.06484375 0.071875