0 0.45625 0.50390625 0.046875 0.0578125
0 0.42734375 0.51171875 0.0453125 0.0453125
0 0.41796875 0.2640625 0.06015625 0.0625
0 0.346875 0.55625 0.12734375 0.12265625
0 0.346875 0.44453125 0.06015625 0.06015625
0 0.2890625 0.459375 0.0578125 0.0578125
0 0.32734375 0.31953125 0.0625 0.0671875
0 0.38125 0.27421875 0.0359375 0.0359375
0 0.35859375 0.29453125 0.03828125 0.0359375
0 0.3359375 0.2796875 0.03828125 0.03828125
0 0.44765625 0.1015625 0.0640625 0.075
0 0.46796875 0.04921875 0.0234375 0.0484375
0 0.41875 0.0328125 0.0359375 0.03359375
0 0.39140625 0.01875 0.0453125 0.0375
0 0.30625 0.23203125 0.040625 0.040625
0 0.2640625 0.23046875 0.0484375 0.0484375
0 0.21484375 0.24765625 0.040625 0.040625
0 0.13515625 0.4015625 0.05078125 0.0484375
0 0.0796875 0.2171875 0.0359375 0.0359375
0 0.165625 0.01796875 0.096875 0.0359375
0 0.63046875 0.1390625 0.06953125 0.0765625
0 0.57109375 0.20546875 0.1828125 0.2703125
0 0.5453125 0.51875 0.071875 0.0671875
0 0.95078125 0.55859375 0.0984375 0.1203125
0 0.82265625 0.18203125 0.0765625 0.0890625
0 0.93125 0.01171875 0.084375 0.0234375
0 0.75703125 0.02734375 0.0796875 0.0546875
0 0.18671875 0.79453125 0.06953125 0.0796875
0 0.12265625 0.7671875 0.08203125 0.0984375
0 0.025 0.734375 0.0484375 0.040625
0 0.0125 0.696875 0.025 0.053125
0 0.45 0.96640625 0.059375 0.0671875
0 0.2390625 0.73828125 0.053125 0.05078125
0 0.91015625 0.66015625 0.0796875 0.0828125
0 0.946875 0.7078125 0.05078125 0.0625
0 0.96015625 0.7671875 0.05546875 0.06015625
0 0.92265625 0.97734375 0.0578125 0.0453125
0 0.7234375 0.9453125 0.14375 0.109375
0 0.56796875 0.90625 0.053125 0.03828125
0 0.690625 0.7890625 0.05078125 0.0578125
0 0.66171875 0.68984375 0.0765625 0.0671875