0 0.52109375 0.1015625 0.08203125 0.06484375
0 0.51328125 0.234375 0.1109375 0.084375
0 0.29765625 0.19765625 0.053125 0.04296875
0 0.53828125 0.3609375 0.05078125 0.0453125
0 0.42890625 0.5140625 0.0484375 0.03125
0 0.04921875 0.04453125 0.0984375 0.0890625
0 0.95859375 0.2671875 0.05078125 0.04296875
0 0.83046875 0.08203125 0.053125 0.0484375
0 0.478125 0.5515625 0.09375 0.04375
0 0.3640625 0.6890625 0.0796875 0.09140625
0 0.4 0.740625 0.05078125 0.0625
0 0.41328125 0.8 0.05546875 0.06015625
0 0.5453125 0.690625 0.046875 0.065625
0 0.55234375 0.61484375 0.0328125 0.0609375
0 0.5390625 0.89140625 0.059375 0.1921875
0 0.37578125 0.99375 0.0578125 0.0125
0 0.1765625 0.96171875 0.14375 0.0765625
0 0.0234375 0.93828125 0.046875 0.0390625
0 0.14375 0.821875 0.05078125 0.0578125
0 0.11484375 0.72265625 0.0765625 0.0671875
0 0.21875 0.62109375 0.053125 0.0578125
0 0.81640625 0.5796875 0.1453125 0.1
0 0.90234375 0.61484375 0.09609375 0.084375
0 0.6984375 0.94453125 0.125 0.1109375
0 0.6953125 0.84921875 0.1078125 0.0984375
0 0.64375 0.63046875 0.084375 0.09375
0 0.578125 0.79609375 0.01875 0.0703125