0 0.31015625 0.00859375 0.0953125 0.0171875
0 0.35625 0.303125 0.04296875 0.03828125
0 0.3734375 0.10078125 0.0453125 0.03828125
0 0.14765625 0.15390625 0.09375 0.1078125
0 0.7796875 0.26484375 0.440625 0.5296875
0 0.88046875 0.49453125 0.2234375 0.0703125
0 0.55078125 0.4015625 0.1828125 0.25625
0 0.50703125 0.12421875 0.0953125 0.1421875
0 0.5046875 0.053125 0.090625 0.10625
0 0.68515625 0.01015625 0.0953125 0.0203125
0 0.725 0.10703125 0.125 0.12734375
0 0.6375 0.12890625 0.1921875 0.18515625
0 0.64453125 0.21796875 0.13203125 0.125
0 0.56640625 0.2390625 0.12734375 0.1203125
0 0.75390625 0.4484375 0.08671875 0.0796875
0 0.68828125 0.47265625 0.053125 0.05078125
0 0.0765625 0.75703125 0.1078125 0.1078125
0 0.26484375 0.5734375 0.1203125 0.0875
0 0.8578125 0.64765625 0.25 0.2359375
0 0.98125 0.8203125 0.0375 0.15625
0 0.50703125 0.940625 0.0953125 0.1125
0 0.80546875 0.98515625 0.0765625 0.0296875