0 0.4984375 0.225 0.103125 0.06875
0 0.31328125 0.2515625 0.0421875 0.015625
0 0.55703125 0.140625 0.0234375 0.040625
0 0.51171875 0.11640625 0.040625 0.040625
0 0.85078125 0.1296875 0.14453125 0.11328125
0 0.78125 0.0578125 0.08203125 0.103125
0 0.8125 0.01328125 0.0625 0.0265625
0 0.92109375 0.01796875 0.0890625 0.0359375
0 0.11796875 0.971875 0.1015625 0.05625
0 0.140625 0.940625 0.0625 0.05546875
0 0.18125 0.89140625 0.05546875 0.0625
0 0.134375 0.5671875 0.1296875 0.1109375
0 0.02890625 0.58125 0.0578125 0.08203125
0 0.06015625 0.48984375 0.05546875 0.053125
0 0.21875 0.4890625 0.09375 0.071875
0 0.28828125 0.4296875 0.1109375 0.09375
0 0.35234375 0.30859375 0.1109375 0.0984375
0 0.43359375 0.375 0.0578125 0.08203125
0 0.52890625 0.5421875 0.0796875 0.128125
0 0.465625 0.98203125 0.0625 0.0359375
0 0.65234375 0.57734375 0.1671875 0.2359375
0 0.68125 0.39609375 0.21640625 0.21171875
0 0.784375 0.76875 0.43125 0.4625
0 0.965625 0.36953125 0.06875 0.0859375
0 0.975 0.428125 0.05 0.075
0 0.7734375 0.28671875 0.071875 0.0546875
0 0.69296875 0.2859375 0.0828125 0.053125