0 0.39140625 0.196875 0.0578125 0.0578125
0 0.43203125 0.43828125 0.0546875 0.0578125
0 0.27421875 0.46640625 0.0515625 0.0265625
0 0.6640625 0.171875 0.1296875 0.13671875
0 0.584375 0.1171875 0.0453125 0.0671875
0 0.59140625 0.03046875 0.0671875 0.0609375
0 0.49453125 0.125 0.0703125 0.065625
0 0.8296875 0.41171875 0.12734375 0.13203125
0 0.75546875 0.36640625 0.05078125 0.0671875
0 0.971875 0.42109375 0.05625 0.1171875
0 0.98125 0.2203125 0.0375 0.29375
0 0.88359375 0.13046875 0.0625 0.0796875
0 0.196875 0.54609375 0.14375 0.1328125
0 0.1421875 0.80859375 0.284375 0.3828125
0 0.3953125 0.52734375 0.103125 0.0953125
0 0.44765625 0.57109375 0.0234375 0.0984375
0 0.32265625 0.6515625 0.0578125 0.053125
0 0.44296875 0.703125 0.0328125 0.084375
0 0.3046875 0.86484375 0.05546875 0.0484375
0 0.48984375 0.67890625 0.0609375 0.2359375
0 0.50390625 0.8265625 0.0890625 0.1875
0 0.6234375 0.9375 0.225 0.125
0 0.7078125 0.9796875 0.24375 0.040625
0 0.87890625 0.83671875 0.18046875 0.18046875
0 0.95390625 0.79375 0.0921875 0.10625
0 0.71953125 0.50390625 0.1390625 0.0484375
0 0.6078125 0.51953125 0.15625 0.0796875
0 0.8375 0.5421875 0.128125 0.125
0 0.7625 0.62421875 0.1421875 0.1390625
0 0.615625 0.7765625 0.11328125 0.11328125
0 0.98828125 0.88046875 0.0234375 0.0828125